Puzzle number: 1004
width:  25
height:  25
solved_count:  3563
AVE_TIME:  '00:16:35'
ave_time_count:  1564

top_values
[4]
[1, 1]
[5, 1, 1, 7]
[6, 2, 1, 2, 2]
[1, 1, 1, 1, 1, 7]
[1, 5, 1, 1, 1, 7]
[4, 2, 1, 4, 7]
[1, 2, 2, 2]
[2, 3, 7]
[1, 2, 3, 5, 1]
[1, 1, 10, 2]
[1, 10, 1]
[1, 1, 2, 1]
[1, 1, 2, 1]
[1, 1, 5, 1]
[2, 2, 10, 1]
[2, 3, 5, 1]
[1, 3, 6, 2]
[1, 6, 1, 8]
[5, 1, 1, 1, 2]
[4, 1, 1, 2, 2]
[2, 1, 1, 1]
[1, 1, 1, 6]
[1, 1, 8]
[4, 7]

left_values
[5, 8, 4]
[2, 3, 2, 2]
[2, 1, 2, 2]
[2, 1, 1, 2]
[2, 1, 3]
[3, 2, 2, 1]
[1, 1, 2, 1, 1]
[1, 1]
[2, 1]
[1, 2]
[3, 5, 4, 3]
[1, 19, 1]
[1, 10, 1]
[1, 1, 2, 2, 1, 1]
[7, 3, 2, 8]
[1, 3, 2, 1]
[5, 3, 2, 1, 4]
[2, 5, 2, 3, 2]
[1, 3, 4, 2, 1, 3]
[1, 3, 1, 2, 2, 1, 3]
[1, 3, 1, 1, 3]
[1, 3, 3, 3, 3]
[1, 3, 1, 8, 2, 3]
[7, 5]
[5]
