Puzzle number: 100938
width:  50
height:  40
solved_count:  448
AVE_TIME:  '00:15:37'
ave_time_count:  105

top_values
[4]
[2]
[2, 1, 1]
[2, 1, 1]
[3, 2, 1]
[2, 2, 1]
[1, 3, 1, 13]
[1, 23]
[2, 23]
[2, 23]
[2, 13]
[4, 9]
[3, 9]
[10]
[1, 12]
[3, 1, 14]
[2, 2, 14]
[1, 21]
[1, 17]
[2, 23]
[8, 20]
[4, 27]
[1, 22]
[29]
[4, 25]
[4, 34]
[36]
[32]
[29]
[32]
[30]
[40]
[30]
[40]
[31]
[40]
[32]
[40]
[3, 33]
[40]
[40]
[40]
[40]
[40]
[25, 13]
[21, 14]
[18, 15]
[13, 18]
[8, 17]
[3, 20]

left_values
[1, 2, 3, 1, 1, 1, 13]
[1, 2, 1, 3, 1, 1, 1, 13]
[2, 1, 2, 3, 1, 1, 1, 13]
[1, 3, 3, 1, 1, 1, 1, 10]
[1, 2, 2, 1, 1, 1, 1, 1, 10]
[1, 1, 4, 2, 1, 1, 1, 1, 1, 10]
[10, 1, 2, 1, 1, 1, 1, 10]
[6, 1, 2, 1, 1, 14]
[2, 23]
[4, 23]
[3, 24]
[25]
[27]
[27]
[28]
[30]
[5, 32]
[6, 33]
[40]
[39]
[39, 1]
[43, 1]
[38, 1, 1]
[38, 3]
[38, 3]
[37, 4]
[37, 5]
[5, 37]
[5, 36]
[5, 35]
[5, 33]
[4, 33]
[4, 1, 31]
[4, 1, 1, 29]
[4, 1, 1, 1, 27]
[4, 1, 1, 1, 1, 25]
[4, 1, 1, 1, 1, 23]
[4, 1, 1, 1, 1, 21]
[4, 1, 1, 1, 1, 1, 1, 17]
[4, 1, 1, 1, 1, 1, 1, 1, 13]
