Puzzle number: 101102
width:  45
height:  45
solved_count:  346
AVE_TIME:  '00:33:16'
ave_time_count:  106

top_values
[13, 8, 3]
[13, 1, 8, 2, 2, 1]
[13, 1, 1, 9, 2, 4]
[12, 1, 1, 9, 2]
[12, 2, 14]
[11, 2, 3, 11]
[11, 3, 1, 2, 11]
[11, 4, 13]
[16, 14]
[16, 14]
[16, 14]
[16, 16]
[16, 14, 2]
[13, 17, 1]
[10, 20]
[8, 12, 9]
[5, 12, 11]
[3, 16, 9]
[1, 23, 3]
[21, 7]
[23, 6]
[19, 5, 5]
[21, 10]
[23, 9]
[35]
[36]
[37]
[40]
[2, 3, 1, 4, 30]
[5, 1, 1, 2, 28]
[4, 1, 1, 2, 17, 9]
[36, 8]
[13, 14, 7]
[3, 1, 23, 6, 2]
[3, 6, 18, 7]
[10, 5, 1, 7, 7]
[3, 1, 2, 3, 1, 1, 5, 4, 2]
[4, 1, 2, 2, 1, 18]
[9, 2, 2, 1, 18]
[3, 6, 2, 1, 1, 8, 9]
[4, 3, 1, 1, 1, 11, 8]
[4, 4, 3, 1, 11, 6]
[5, 3, 3, 1, 12, 5]
[1, 4, 5, 11, 4]
[4, 3, 4, 6, 3]

left_values
[19, 15]
[18, 15, 1]
[18, 14, 1]
[17, 5, 1, 2, 3, 1]
[17, 2, 5, 2, 3]
[16, 2, 3, 2, 2]
[16, 1, 1, 6, 4]
[16, 2, 6, 5]
[15, 2, 1, 5, 6]
[15, 4, 7, 1, 3]
[14, 10, 2, 1, 3]
[5, 6, 6, 5, 2, 1, 2]
[3, 7, 6, 6, 5, 1]
[6, 6, 1, 4, 1, 3]
[7, 7, 1, 5, 1, 2]
[7, 9, 1, 3, 2, 1, 2]
[2, 10, 1, 2, 2, 3]
[1, 2, 11, 1, 2, 2]
[2, 14, 2, 1]
[2, 1, 15, 2]
[15, 2]
[1, 2, 16, 3]
[2, 20, 1]
[1, 21, 1]
[1, 23, 1]
[3, 22, 1, 2]
[4, 26, 2]
[5, 31]
[6, 33]
[7, 22, 10]
[10, 24, 9]
[36, 8]
[35, 8]
[14, 4, 14, 8]
[12, 6, 13, 7]
[2, 13, 5, 6, 8, 4]
[2, 27, 6, 3]
[15, 12, 6, 2]
[2, 16, 12, 5, 2]
[2, 1, 15, 11, 5]
[1, 2, 26, 6]
[2, 5, 5, 15, 7]
[1, 5, 21, 9]
[1, 5, 19, 1, 7]
[2, 4, 17, 6]
