Puzzle number: 101357
width:  50
height:  50
solved_count:  646
AVE_TIME:  '00:22:44'
ave_time_count:  106

top_values
[19, 2, 3, 1]
[2, 2, 2, 1, 2, 1]
[1, 2, 2, 2, 1]
[1, 2, 2, 1, 2]
[2, 1, 3, 1, 2]
[1, 1, 1, 2, 2, 3]
[1, 2, 2, 2, 1, 3]
[3, 1, 1, 1, 4]
[2, 2, 1, 2, 1]
[1, 2, 1, 1, 1]
[1, 4, 1, 1, 1]
[2, 2, 1, 1, 1]
[1, 1, 1, 1, 1]
[7, 2, 1]
[2, 2, 1, 1]
[1, 1, 2, 1]
[1, 1, 2, 1]
[2, 3, 1]
[2, 3, 1]
[1, 4, 1]
[7, 1]
[3, 3, 1]
[3, 1, 1]
[1, 1, 1]
[2, 1, 2]
[1, 1, 2]
[1, 1, 2]
[1, 1, 2]
[1, 1, 2]
[2, 1, 2]
[2, 1, 2]
[1, 1, 1, 2]
[3, 1, 2, 2]
[3, 1, 1, 2]
[3, 1, 1, 3]
[3, 2, 1, 3]
[4, 2, 1, 3]
[2, 1, 2, 1, 3]
[2, 1, 3, 1, 3]
[1, 1, 3, 2, 3]
[1, 1, 3, 2, 3]
[2, 1, 3, 6]
[2, 1, 2, 6]
[3, 1, 2, 2]
[3, 1, 1, 2, 2]
[1, 1, 1, 2, 2, 1]
[1, 1, 2, 2, 3, 1]
[1, 4, 1, 2, 1]
[2, 3, 2]
[3, 1]

left_values
[2, 5]
[5, 5]
[1, 2, 3]
[1, 4, 4]
[1, 2, 2]
[3, 3]
[2, 2, 2]
[1, 1, 6, 3]
[1, 6, 8]
[1, 5, 3]
[1, 2, 1, 11]
[1, 6, 12]
[1, 3, 9, 7]
[1, 2, 5, 5, 6]
[1, 2, 3, 6]
[1, 1, 2]
[1, 2, 6]
[1, 2, 2]
[3, 7]
[1, 2]
[15]
[11, 2, 1]
[4, 2]
[5]
[2, 2]
[]
[]
[]
[]
[]
[]
[]
[]
[]
[]
[]
[]
[]
[1]
[2, 3]
[4]
[3, 1]
[2, 3]
[1, 9]
[15]
[6, 2]
[4, 7]
[2, 4, 11]
[5, 19]
[39]
