Puzzle number: 101329
width:  50
height:  50
solved_count:  506
AVE_TIME:  '00:19:53'
ave_time_count:  102

top_values
[2, 35]
[2, 5, 3, 3, 7, 3]
[18, 2, 5, 3]
[3, 11, 1, 2]
[2, 1, 1, 3, 2, 3]
[2, 2, 8, 2, 3]
[1, 2, 12, 6]
[1, 2, 14, 7]
[1, 3, 14, 6]
[1, 4, 10, 5, 8]
[1, 6, 7, 2, 7]
[1, 5, 2, 9]
[2, 4, 3]
[1, 3, 4, 6, 1]
[1, 10, 5, 3]
[3, 8, 4, 4, 4]
[3, 6, 7]
[18, 4, 5, 5]
[12, 18]
[10, 3, 5]
[5]
[3]
[2]
[2]
[1]
[2]
[1]
[2]
[2]
[3]
[4]
[5]
[2, 5]
[6]
[6]
[6]
[5]
[2]
[]
[]
[]
[]
[]
[]
[]
[]
[]
[]
[]
[]

left_values
[11, 2]
[1, 2, 1, 2, 3]
[3, 2, 1, 3]
[2, 2, 5]
[3, 1, 4]
[1, 1, 3, 1, 4]
[3, 6, 2, 5]
[3, 8, 2, 4]
[4, 4, 3, 4]
[2, 4, 3, 3]
[2, 5, 3, 3]
[2, 1, 3, 3, 2]
[2, 3, 2, 3, 2]
[7, 2, 3, 2]
[9, 3, 3, 3]
[11, 3, 3, 3]
[4, 6, 3, 4, 2]
[4, 6, 3, 6]
[3, 6, 2, 1, 2]
[1, 6, 1, 1, 2]
[1, 5, 1, 2]
[1, 5, 1]
[1, 4, 2, 2]
[2, 3, 3, 2]
[2, 2, 1, 3, 2]
[2, 2, 5, 2]
[1, 1, 3, 2]
[1, 2, 1]
[1, 1, 1]
[1, 1, 1]
[3, 2, 1, 1]
[6, 2, 4]
[2, 2, 2, 1, 4]
[1, 3, 1, 4]
[1, 3, 1, 4]
[1, 2, 2, 3]
[2, 3, 2, 2]
[3, 2, 3, 2]
[3, 2, 3, 3]
[3, 2, 3, 3]
[3, 1, 3, 2, 1]
[3, 2, 2, 2]
[2, 1, 1, 2]
[1, 2, 1, 1]
[1, 1, 1, 1]
[1, 3, 1]
[4, 2]
[3, 2]
[2, 2]
[1, 3]
