Puzzle number: 101445
width:  50
height:  50
solved_count:  584
AVE_TIME:  '00:23:04'
ave_time_count:  104

top_values
[]
[]
[]
[]
[]
[]
[]
[]
[]
[]
[]
[]
[]
[]
[]
[]
[]
[]
[]
[]
[]
[]
[12]
[11, 4]
[4, 6]
[4, 2]
[2]
[3, 16]
[4, 6, 1, 1, 1, 1, 2]
[2, 4, 1, 1, 1, 1, 1]
[2, 4, 1, 1, 1, 2, 1]
[2, 3, 1, 1, 2, 1, 1, 1]
[2, 2, 2, 1, 1, 1, 1]
[2, 2, 1, 1, 1, 2]
[2, 3, 1, 1, 1, 1]
[1, 1, 1, 1, 1, 1, 1]
[1, 1, 1, 2, 1, 1, 1, 1]
[2, 1, 1, 1, 1, 1, 1, 1, 1]
[1, 3, 1, 2, 1, 1, 1, 2]
[2, 2, 1, 1, 1, 1, 1]
[2, 1, 2, 1, 1, 1, 1, 2, 1]
[4, 3, 1, 2, 1, 1, 1, 1]
[6, 5, 1, 1, 1, 1, 1, 1, 2]
[9, 5, 1, 1, 1, 1, 1, 1]
[3, 1, 3, 7, 1, 1, 1, 1]
[1, 3, 5, 15]
[2, 3, 2, 4]
[1, 9, 5]
[1, 1, 5, 7]
[2, 27]

left_values
[]
[]
[]
[]
[]
[]
[]
[]
[1]
[10]
[4, 1, 4, 4]
[2, 6, 1]
[2, 3, 1]
[2, 5]
[2, 2, 2]
[2, 1, 2]
[2, 5, 2, 1]
[1, 2, 2, 3, 1]
[2, 9, 5]
[2, 2, 1, 3, 1]
[2, 1, 1, 1, 3]
[2, 2, 1, 1, 5]
[1, 1, 7, 4]
[1, 2, 1, 1, 2]
[2, 4, 1, 4]
[1, 1, 4, 1, 1, 1]
[1, 2, 2, 3]
[2, 1, 1, 3]
[1, 1, 4, 1, 3]
[1, 1, 6, 2]
[1, 2, 2, 2]
[1, 6, 1, 2]
[2, 1, 6, 1, 2]
[2, 1, 4, 1]
[2, 5, 1, 1]
[2, 1, 8, 2, 1]
[2, 1, 4, 1]
[2, 5, 1, 1]
[1, 1, 1, 1]
[1, 1, 6, 1]
[1, 4, 1, 1]
[2, 1, 5, 1, 1]
[2, 1, 4, 1, 1]
[3, 2, 6, 1]
[2, 1, 1, 1]
[1, 2, 1, 1]
[1, 6, 5]
[1, 6, 1]
[2, 5, 1]
[1, 4]
