Puzzle number: 101437
width:  50
height:  50
solved_count:  585
AVE_TIME:  '00:33:10'
ave_time_count:  109

top_values
[3]
[5]
[2]
[2]
[5]
[3, 1]
[3, 1]
[2, 2]
[1, 1, 3]
[2, 1, 3, 2]
[1, 1, 8]
[2, 1, 8]
[1, 5, 1]
[2, 7]
[1]
[2]
[4]
[2, 1]
[2, 1, 12]
[2, 1, 6]
[2, 4]
[1, 1, 6, 1, 2]
[2, 1, 1, 6, 3]
[2, 1, 7, 3]
[1, 1, 4, 1, 3]
[1, 6, 3, 1, 2]
[5, 2, 1, 4]
[4, 1, 1, 3]
[2, 2, 3, 3]
[1, 3, 3]
[1, 2, 1, 3]
[2, 2, 2, 2, 3]
[1, 1, 4, 2, 4, 3]
[1, 3, 3, 2, 5, 4]
[1, 5, 1, 1, 1, 3, 3]
[1, 1, 3, 1, 2, 4, 3, 2]
[1, 1, 3, 1, 1, 8, 3]
[2, 2, 1, 2, 2, 1, 6, 3]
[1, 2, 4, 2, 7, 3, 1]
[1, 2, 2, 1, 1, 6, 3, 2]
[1, 1, 1, 3, 1, 1, 8, 4]
[1, 1, 1, 1, 1, 1, 15]
[1, 7, 1, 15]
[1, 3, 3, 1, 11, 3]
[1, 1, 1, 1, 1, 1, 10, 4]
[1, 1, 5, 1, 15]
[1, 3, 3, 1, 1, 13]
[1, 5, 1, 1, 14]
[2, 1, 3, 1, 1, 14]
[14, 14]

left_values
[]
[]
[]
[]
[]
[]
[]
[]
[]
[]
[]
[]
[]
[]
[]
[]
[]
[1]
[19]
[4, 2]
[3, 1]
[5, 1]
[2, 2, 15]
[3, 2, 2, 3, 2, 2, 1]
[2, 2, 5, 10]
[2, 1, 1, 7, 1, 1, 3]
[2, 1, 2, 3, 12]
[2, 1, 1, 3, 2, 1, 2, 2, 1]
[1, 1, 4, 15]
[1, 6, 4, 1]
[6, 13]
[3, 1, 4, 1]
[3, 1, 6, 3]
[3, 1, 5, 1, 2]
[3, 1, 1, 3, 1, 2]
[2, 1, 4, 1, 3, 7]
[2, 1, 3, 1, 2, 3, 5, 3]
[2, 1, 4, 3, 1, 12]
[2, 2, 2, 3, 3, 16]
[1, 3, 1, 2, 2, 1, 15]
[1, 2, 1, 1, 1, 1, 18]
[2, 3, 1, 2, 18]
[2, 4, 1, 1, 2, 4, 3, 10]
[2, 4, 1, 1, 4, 3, 11]
[2, 5, 1, 2, 2, 3, 12]
[1, 5, 1, 1, 2, 3, 3, 3, 5]
[1, 3, 1, 1, 2, 1, 2, 3, 3, 6]
[2, 1, 3, 1, 1, 2, 2, 2, 11]
[2, 4, 1, 2, 1, 2, 2, 11]
[1, 3, 1, 1, 1, 1, 1, 1, 10]
