Puzzle number: 101774
width:  50
height:  35
solved_count:  417
AVE_TIME:  '00:24:10'
ave_time_count:  100

top_values
[]
[]
[]
[]
[1]
[1]
[2]
[5, 1]
[2, 4, 2]
[2, 6, 5, 1]
[2, 8, 4, 2]
[1, 1, 5, 5, 1]
[1, 2, 2, 2, 5, 2, 1]
[1, 1, 3, 1, 9, 1, 1]
[1, 1, 4, 8, 1]
[2, 14, 4, 2]
[3, 15, 3, 2]
[3, 9, 4, 3, 2]
[13, 7, 2]
[12, 6, 2]
[12, 5, 3]
[1, 14, 2]
[1, 14, 3]
[1, 13, 3]
[1, 13, 3]
[1, 10, 4]
[1, 5, 5]
[1, 3, 2, 3]
[2, 3, 4]
[2, 3, 4]
[2, 4, 4]
[6, 4, 4]
[10, 4]
[5, 4]
[18]
[4, 4]
[1]
[]
[]
[]
[]
[]
[]
[]
[]
[]
[]
[]
[]
[]

left_values
[7]
[2, 3]
[2, 3]
[2, 3]
[1, 2]
[1, 2]
[3, 4, 11]
[6, 6, 2]
[3, 6, 2]
[6, 6, 2]
[12, 1, 2]
[3, 8, 3, 2]
[3, 14, 2]
[18, 2]
[2, 13, 3]
[1, 3, 7, 2]
[2, 2, 6, 2]
[3, 2, 6, 3]
[3, 2, 5, 4]
[3, 2, 5, 2, 1]
[3, 2, 4, 1, 2]
[3, 3, 4, 2, 2]
[2, 8, 1, 2]
[3, 8, 1, 2]
[2, 6, 2, 1]
[2, 5, 1, 1]
[3, 4, 2, 1]
[7, 1, 1]
[5, 2, 1]
[3, 3, 1]
[3, 5, 1]
[3, 16]
[3, 19]
[3, 6, 10]
[3, 5, 9]
