Puzzle number: 101891
width:  45
height:  45
solved_count:  498
AVE_TIME:  '00:13:55'
ave_time_count:  110

top_values
[2, 14, 1, 20]
[2, 11, 1, 1, 21]
[2, 12, 1, 1, 1, 5, 9]
[2, 12, 2, 1, 5, 9]
[2, 12, 2, 1, 5, 9]
[3, 12, 2, 1, 5, 10]
[3, 12, 1, 1, 5, 11]
[3, 12, 1, 1, 6, 11]
[2, 11, 2, 2, 6, 11]
[2, 11, 1, 10, 4, 2]
[2, 13, 2, 7, 6, 2]
[2, 9, 1, 2, 1, 17]
[2, 8, 1, 1, 1, 9, 8]
[2, 8, 2, 1, 7, 6]
[5, 9, 1, 1, 6, 5]
[3, 10, 1, 7, 4]
[3, 10, 13]
[2, 12, 11]
[2, 34]
[3, 34]
[3, 29, 1, 4]
[3, 31, 2]
[3, 23]
[3, 24, 6]
[3, 37]
[3, 37]
[3, 38]
[3, 38]
[3, 38]
[3, 37]
[3, 37]
[2, 37]
[3, 37]
[3, 36]
[3, 36]
[3, 35]
[3, 34]
[3, 33]
[3, 33]
[3, 32]
[3, 30]
[4, 1, 32]
[45]
[44]
[1, 19]

left_values
[3, 12, 11]
[44]
[44]
[3, 1, 3]
[1, 2]
[2]
[10, 2]
[16, 3, 2]
[17, 14, 2]
[35, 3]
[36, 2]
[37, 2]
[39, 2]
[40, 3]
[40, 3]
[11, 30]
[13, 29]
[8, 1, 28]
[1, 2, 27]
[1, 3, 2, 27]
[9, 27]
[3, 26]
[2, 4, 26]
[7, 3, 26]
[1, 2, 27]
[3, 1, 26]
[2, 1, 27]
[2, 8, 1, 27]
[15, 27]
[13, 27]
[14, 27]
[15, 4, 22]
[3, 10, 4, 21]
[2, 8, 4, 21]
[2, 6, 11, 21]
[22, 21]
[12, 9, 21]
[13, 5, 1, 21]
[13, 7, 21]
[9, 4, 4, 22]
[9, 5, 5, 22]
[9, 10, 22]
[9, 8, 1, 22]
[3, 13, 2, 22]
[2, 12, 1, 22]
