Puzzle number: 101892
width:  50
height:  45
solved_count:  332
AVE_TIME:  '00:33:53'
ave_time_count:  102

top_values
[45]
[45]
[45]
[1, 3, 3, 34]
[1, 1, 1, 3, 4, 9, 1, 4, 9]
[1, 8, 4, 3, 4, 9]
[1, 1, 7, 9, 9, 11]
[6, 2, 1, 4, 3, 4, 15, 1]
[6, 8, 5, 19]
[1, 8, 22, 10]
[8, 19, 12]
[5, 2, 26, 3]
[1, 3, 2, 27]
[1, 2, 6, 25]
[1, 11, 24]
[1, 12, 1, 20]
[2, 4, 3, 3, 19]
[2, 3, 1, 7, 11]
[4, 5, 3, 5, 4, 4]
[1, 2, 2, 3, 1, 1, 3, 8]
[1, 3, 2, 3, 7, 5, 9]
[1, 9, 2, 3, 10, 1, 6]
[1, 1, 2, 3, 1, 13, 1, 10]
[2, 1, 2, 3, 2, 6, 7, 9]
[2, 5, 4, 5, 2, 8, 9]
[2, 5, 2, 1, 4, 2, 17]
[2, 4, 5, 5, 2, 16]
[3, 1, 9, 3, 3, 16]
[4, 11, 4, 20]
[4, 12, 27]
[45]
[30, 14]
[11, 7, 2, 3, 14]
[3, 2, 2, 3, 13]
[3, 2, 2, 2, 11]
[3, 1, 2, 1, 2, 1, 10, 1]
[3, 2, 2, 2, 1, 11]
[3, 2, 2, 2, 1, 11]
[3, 5, 2, 2, 6, 4]
[8, 12, 6, 6]
[2, 2, 2, 2, 6, 7]
[2, 1, 1, 1, 6, 6]
[1, 1, 1, 7, 3, 2, 4]
[1, 1, 2, 10, 1, 1, 7]
[2, 1, 2, 4, 14]
[2, 1, 2, 5, 17]
[5, 1, 6, 4, 9]
[4, 1, 9, 2, 6]
[4, 1, 9, 3, 9]
[3, 2, 10, 3, 10]

left_values
[5, 4, 5, 21]
[3, 2, 3, 19]
[3, 7, 2, 2, 18]
[4, 5, 4, 5, 1, 3]
[13, 4, 2, 3, 2, 4]
[4, 9, 13, 2, 4]
[3, 3, 6, 1, 3, 5, 3, 4]
[12, 2, 2, 11, 14]
[11, 2, 21]
[4, 2, 9, 6, 6]
[3, 3, 1, 8, 1, 6]
[6, 3, 8, 9]
[5, 1, 2, 20]
[11, 3, 4, 2, 7]
[4, 6, 5, 9, 1]
[4, 3, 3, 3, 7, 7]
[8, 3, 5, 5, 17]
[5, 1, 3, 1, 10, 11]
[8, 4, 4, 3, 3, 4, 1]
[13, 2, 1, 5, 3, 1, 1]
[14, 3, 12, 1, 4]
[5, 7, 7, 6, 1, 5]
[5, 9, 2, 4, 6, 1, 6]
[5, 9, 2, 4, 5, 1, 7]
[8, 6, 8, 3, 1, 1, 7]
[4, 3, 7, 4, 7, 2, 8]
[7, 9, 4, 6, 1, 8, 3]
[4, 12, 5, 13, 2, 3]
[4, 11, 6, 8, 2, 5]
[4, 11, 1, 10, 2, 2, 2]
[4, 11, 8, 1, 3, 2]
[5, 11, 12, 7, 1]
[5, 3, 6, 11, 3, 3, 2]
[5, 3, 7, 12, 5, 2, 2]
[5, 3, 8, 22, 1]
[4, 13, 1, 18, 2, 1, 1]
[19, 1, 19, 7]
[40, 3, 2]
[39, 1, 5, 2]
[18, 19, 11]
[18, 19, 3, 7]
[11, 38]
[7, 42]
[7, 13, 13, 14]
[6, 14, 12, 15]
