Puzzle number: 102040
width:  50
height:  45
solved_count:  328
AVE_TIME:  '00:18:31'
ave_time_count:  103

top_values
[16, 5, 4, 8, 1]
[15, 10, 8]
[2, 7, 11, 9, 1]
[9, 7, 17]
[4, 9, 6, 11, 4]
[4, 8, 7, 10, 4]
[5, 3, 4, 6, 9, 3, 2]
[5, 3, 3, 1, 6, 15, 1]
[5, 3, 4, 3, 6, 17]
[6, 4, 33]
[1, 3, 4, 1, 18, 9]
[1, 3, 3, 2, 17, 2, 9]
[1, 1, 1, 4, 1, 10, 3, 4, 7]
[3, 4, 1, 2, 7, 5, 6]
[2, 5, 4, 7, 6]
[2, 1, 5, 1, 4, 7, 4]
[2, 1, 4, 14]
[3, 5, 12]
[3, 1, 3, 7, 10]
[4, 2, 27]
[4, 24, 2, 4]
[3, 24, 6]
[2, 27, 7]
[31, 2, 8]
[30, 3, 7]
[29, 12]
[26, 15]
[24, 17]
[22, 19]
[19, 22]
[18, 25]
[45]
[45]
[29, 8]
[28, 1, 2, 4]
[27, 4, 4]
[26, 4, 2, 1]
[26, 8, 1]
[26, 8, 1]
[26, 1, 11]
[43]
[43]
[42]
[42]
[42]
[29, 12, 1]
[32, 8, 2]
[33, 10]
[43]
[31, 11]

left_values
[3, 6, 9, 26]
[3, 7, 9, 26]
[2, 6, 2, 5, 27]
[2, 8, 2, 3, 27]
[2, 7, 1, 27]
[2, 2, 3, 28]
[2, 5, 28]
[2, 8, 1, 27]
[16, 2, 28]
[6, 10, 28]
[7, 10, 28]
[9, 7, 28]
[12, 5, 30]
[10, 3, 1, 30]
[3, 3, 30]
[1, 3, 30]
[4, 31]
[5, 31]
[1, 1, 6, 12, 19]
[6, 4, 11, 19]
[14, 1, 11, 20]
[14, 11, 20]
[13, 10, 20]
[12, 10, 21]
[13, 9, 21]
[4, 11, 8, 21]
[3, 7, 7, 8, 10]
[3, 3, 3, 7, 7, 11]
[4, 9, 7, 7, 10]
[2, 8, 1, 6, 6, 5, 4]
[11, 1, 5, 7, 10]
[12, 4, 5, 7, 9]
[10, 6, 5, 7, 7, 3]
[10, 12, 8, 12, 2]
[10, 22, 15]
[10, 10, 27]
[12, 7, 26]
[12, 7, 1, 9, 13]
[6, 6, 5, 12, 13]
[18, 29]
[1, 44]
[34, 11]
[3, 35, 3]
[4, 7, 13, 2]
[1, 12, 12, 2]
