Puzzle number: 102138
width:  50
height:  50
solved_count:  247
AVE_TIME:  '00:36:41'
ave_time_count:  100

top_values
[3, 17, 1, 5, 6]
[4, 20, 5]
[5, 6, 5, 19]
[6, 3, 29, 5]
[1, 1, 3, 31, 1]
[2, 2, 4, 30, 2]
[3, 3, 6, 22, 4, 2]
[5, 6, 2, 5, 13, 5, 3]
[10, 2, 3, 15, 3, 3]
[5, 18, 2, 4, 4, 3]
[3, 4, 16, 5, 3, 3, 3]
[10, 5, 10, 1, 3, 1, 2, 9]
[12, 12, 3, 3, 3, 1, 6]
[3, 12, 2, 3, 1, 1, 1, 4, 7]
[2, 3, 10, 4, 3, 2, 1, 13]
[18, 4, 2, 14]
[1, 2, 2, 13, 11, 4, 2]
[13, 3, 10, 10, 6]
[16, 11, 1, 3, 7]
[9, 2, 18, 5, 9]
[7, 7, 18]
[4, 5, 16]
[10, 1, 12]
[6, 1, 13, 5]
[6, 11, 2, 5]
[4, 7, 1, 2]
[3, 8]
[11]
[9, 1]
[7, 1]
[8]
[6, 1]
[7]
[5, 2]
[7]
[8]
[6]
[8, 1]
[7, 2, 1]
[5, 3, 1]
[4, 3, 2]
[4, 1, 1, 1, 4, 5, 2]
[4, 1, 1, 1, 2, 3, 2, 6]
[8, 4, 3, 4, 6, 1]
[23, 1, 1, 1, 1]
[11, 2, 3, 1, 5]
[11, 1, 2, 6]
[10, 1, 1, 2, 2]
[1, 7, 1, 1, 2, 1, 3]
[2, 6, 2, 1, 1, 1]

left_values
[10, 1, 7, 3, 12]
[4, 5, 2, 2, 4, 16]
[4, 7, 23]
[3, 19, 12]
[2, 1, 9, 9, 12]
[4, 1, 5, 8, 7, 5]
[3, 3, 3, 6, 1, 5, 4, 2]
[3, 3, 3, 5, 1, 3, 2, 1, 1, 3]
[3, 2, 3, 1, 6, 3, 2]
[4, 3, 9, 8, 2]
[8, 11, 6, 2]
[8, 10, 3, 2]
[2, 3, 2, 6, 2, 4, 2]
[3, 7, 4, 3, 3, 2]
[5, 15, 3, 2]
[6, 11, 3, 2]
[6, 9, 1, 3, 1]
[6, 4, 5, 2, 3, 3, 1]
[2, 12, 4, 2, 2, 1]
[2, 11, 4, 2, 4]
[8, 6, 4, 1, 3, 1]
[13, 6, 2, 3, 2]
[7, 5, 2, 3, 2, 4, 1]
[15, 3, 1, 1, 4, 1]
[13, 5, 1, 6, 1]
[12, 4, 4, 1]
[1, 10, 7, 6]
[10, 7, 6]
[8, 3, 1, 1, 6]
[9, 1, 2, 1, 6]
[12, 5, 5]
[1, 7, 1, 4, 1, 2, 4]
[1, 10, 4, 1, 7]
[12, 3, 2, 6]
[9, 11, 1, 1, 2]
[10, 1, 1, 5, 4]
[6, 13, 4, 1]
[7, 2, 4, 3, 5]
[6, 9, 3, 4]
[6, 7, 4, 1, 2]
[3, 2, 4, 4, 3, 1, 2]
[3, 3, 1, 3, 5, 1, 1, 3]
[1, 4, 4, 2, 5, 3, 4]
[1, 3, 3, 2, 5, 1, 1, 1, 1]
[1, 3, 6, 6, 2, 4, 1]
[1, 1, 3, 4, 8, 1, 3, 3]
[1, 1, 2, 4, 8, 3, 3]
[1, 1, 9, 8, 1, 5, 2]
[4, 6, 2, 6, 3, 4]
[1, 1, 5, 2, 5, 3, 8]
