Puzzle number: 102226
width:  45
height:  50
solved_count:  269
AVE_TIME:  '00:24:38'
ave_time_count:  100

top_values
[4, 6, 8]
[2, 7, 8]
[2, 8, 7]
[11, 6]
[13, 6]
[13, 5]
[13, 4]
[9, 4]
[9, 6]
[11, 7]
[11, 6]
[12, 6]
[11, 6]
[10, 7]
[12, 10]
[4, 9, 9]
[2, 10, 8]
[3, 11, 7]
[4, 1, 17]
[4, 2, 17]
[3, 4, 16]
[3, 7, 15]
[2, 3, 4, 15]
[2, 2, 3, 14]
[2, 2, 5, 13]
[2, 2, 5, 12]
[2, 2, 5, 13]
[2, 2, 4, 13]
[2, 2, 6, 13]
[3, 2, 1, 7, 13]
[3, 2, 1, 2, 15, 3]
[3, 2, 1, 26]
[3, 6, 26]
[22, 8]
[4, 16, 6, 1]
[4, 12, 4]
[4, 7, 3, 1]
[3, 8, 6]
[10, 3]
[6]
[5]
[5]
[2]
[2]
[1]

left_values
[1, 2]
[3]
[3]
[3]
[4]
[4]
[5]
[5]
[3, 2]
[4, 1]
[4, 1]
[4, 2]
[4, 2]
[3, 2, 2]
[3, 4, 1]
[3, 5, 1]
[2, 8]
[2, 2, 6]
[2, 2, 6]
[2, 2, 6]
[2, 2, 4]
[2, 2, 5]
[2, 2, 6]
[3, 2, 6]
[3, 2, 5]
[3, 1, 6]
[1, 5, 2, 6]
[2, 1, 5, 1, 4]
[7, 3, 3, 2, 5]
[1, 14, 2, 5]
[12, 5, 6]
[17, 6, 7]
[18, 12]
[20, 11]
[21, 9]
[23, 3, 5]
[24, 1, 3]
[25, 7]
[5, 4, 20]
[3, 2, 19]
[3, 2, 2, 1, 19]
[5, 8, 18]
[17, 18]
[30, 6]
[30, 7]
[30, 7]
[6, 24, 2]
[2, 19, 2]
[17, 2]
[16, 1, 2]
