Puzzle number: 102601
width:  50
height:  40
solved_count:  378
AVE_TIME:  '00:52:51'
ave_time_count:  103

top_values
[4, 7]
[3, 8]
[2, 6, 1]
[2, 6, 4]
[1, 8, 4]
[1, 11, 7]
[3, 28]
[4, 25]
[3, 1, 23]
[3, 1, 3, 4]
[3, 1, 2, 1, 1, 2]
[5, 1, 2, 5, 3]
[6, 1, 1, 6, 3]
[6, 1, 1, 4, 5, 2, 2]
[2, 2, 2, 4, 9, 4]
[1, 2, 2, 7, 4, 4]
[1, 2, 2, 7, 4]
[1, 3, 2, 6, 4]
[1, 4, 2, 5, 3]
[2, 2, 2, 1, 2, 3]
[2, 3, 2, 3, 6, 4]
[5, 3, 3, 6, 4]
[4, 2, 2, 7, 4]
[7, 1, 2, 4, 4]
[3, 2, 1, 1, 6, 5]
[4, 1, 1, 4, 8]
[2, 2, 1, 7, 1, 4]
[2, 2, 7, 7]
[5, 16]
[2, 16]
[2, 16]
[2, 16]
[3, 16]
[2, 16]
[2, 12]
[2, 6, 7]
[3, 6, 3, 4]
[2, 4, 2, 1, 3]
[2, 3, 7, 1, 4, 2]
[4, 3, 6, 7, 1]
[2, 2, 16, 10, 1]
[7, 6, 15, 1]
[1, 2, 8, 12, 1]
[9, 6, 12, 1]
[3, 2, 13, 1]
[2, 27, 2]
[1, 4, 16]
[4, 12]
[2, 13]
[1, 8, 12]

left_values
[3, 3, 2, 4]
[2, 4, 2, 4]
[3, 6, 2, 1, 1, 1]
[2, 2, 4, 2, 7]
[2, 2, 10, 2, 1, 1, 2, 5]
[1, 1, 4, 3, 2, 1, 1, 1, 3, 2]
[1, 4, 8, 1, 1, 6, 2]
[1, 17, 1, 4, 3, 2]
[3, 15, 1, 6, 1, 2]
[3, 2, 4, 1, 2, 3, 2, 1, 2]
[4, 1, 2, 2, 1, 6, 1]
[4, 6, 1, 6, 1]
[5, 10, 1, 6, 1, 1]
[4, 10, 1, 6, 1, 1]
[6, 2, 1, 1, 1]
[2, 3, 3, 2, 1, 1]
[2, 3, 1, 2, 1, 1]
[2, 3, 1, 2, 1, 1]
[3, 4, 3, 4, 1, 1, 1, 1]
[3, 3, 2, 5, 3, 1, 3, 1]
[3, 3, 1, 7, 5, 2, 3]
[3, 4, 10, 1, 2, 1]
[2, 4, 9, 4, 1, 3]
[2, 8, 3, 11, 6]
[2, 3, 2, 3, 3, 7, 3, 7]
[2, 3, 3, 2, 2, 8, 1, 9]
[1, 3, 1, 1, 2, 9, 1, 10]
[3, 2, 4, 11, 11]
[3, 2, 15, 12]
[3, 2, 15, 12]
[3, 3, 5, 1, 7, 12]
[3, 3, 3, 3, 7, 12]
[4, 2, 1, 2, 9, 11]
[4, 1, 12, 11]
[5, 1, 9, 10]
[2, 2, 1, 13, 4]
[3, 4, 5, 18, 1, 2]
[3, 4, 25, 2, 2]
[3, 35]
[3, 13]
