Puzzle number: 102832
width:  50
height:  45
solved_count:  633
AVE_TIME:  '00:18:42'
ave_time_count:  104

top_values
[1, 16, 13, 7]
[31, 7]
[11, 2, 14, 8]
[6, 3, 18, 8]
[6, 2, 3, 15, 9]
[6, 2, 3, 16, 9]
[7, 2, 2, 17, 9]
[7, 1, 2, 17, 9]
[7, 2, 21, 7]
[2, 1, 2, 23]
[2, 1, 2, 1, 22]
[2, 2, 1, 28]
[2, 2, 2, 28]
[2, 1, 2, 29]
[2, 2, 2, 29]
[1, 2, 3, 29]
[2, 4, 28]
[2, 2, 2, 27]
[2, 6, 27]
[3, 3, 27]
[7, 27]
[7, 25]
[2, 8, 23]
[1, 8, 22]
[11, 17]
[11, 14]
[9, 2]
[9, 3]
[13]
[13]
[9, 6]
[16]
[9, 7]
[9, 9]
[2, 5, 11]
[4, 12]
[7, 13]
[19, 2]
[6, 11, 2]
[17, 3]
[4, 12, 3]
[4, 11, 6]
[14, 9]
[2, 9, 10]
[2, 9, 11]
[1, 9, 14]
[1, 8, 15]
[8, 16]
[7, 19]
[6, 19]

left_values
[1, 6, 2, 1, 2, 2, 11, 2]
[6, 2, 2, 1, 3, 9, 2]
[5, 2, 2, 4, 8, 5]
[5, 1, 2, 13, 6]
[9, 2, 13, 8]
[8, 3, 26]
[9, 2, 11, 2, 10]
[6, 2, 13, 11]
[4, 2, 2, 15, 13]
[4, 2, 2, 15, 14]
[3, 2, 1, 15, 13]
[3, 1, 3, 10, 14]
[3, 2, 26, 2]
[4, 15, 15, 4]
[4, 15, 15, 5]
[2, 1, 6, 18, 6]
[2, 6, 3, 15, 7]
[2, 3, 13, 9, 8]
[5, 15, 5, 9]
[4, 16, 3, 9]
[2, 19, 14]
[2, 19, 13]
[22, 11]
[24, 9]
[24, 8]
[24, 8]
[24, 5]
[24, 5]
[25, 3]
[25, 2]
[25, 2]
[26]
[26]
[26]
[26]
[3, 18]
[4, 17]
[6, 17]
[9, 16]
[9, 15]
[9, 15]
[9, 15]
[9, 15]
[9, 15]
[9, 6, 5]
