Puzzle number: 103526
width:  50
height:  50
solved_count:  230
AVE_TIME:  '00:35:50'
ave_time_count:  100

top_values
[31, 11]
[31, 9, 1]
[33, 9]
[34, 9]
[36, 12]
[37, 11]
[38, 10]
[8, 2, 27, 9]
[16, 23, 9]
[41, 7]
[42, 6]
[10, 32, 5]
[10, 33, 5]
[1, 42, 4]
[10, 32, 4]
[3, 4, 20, 12, 4]
[3, 4, 1, 16, 1, 7, 4]
[4, 4, 18, 8, 3]
[9, 19, 1, 1, 1, 2, 2, 3]
[3, 4, 20, 1, 1, 3]
[3, 5, 21, 1, 1, 3]
[3, 5, 18, 1, 1, 5, 1, 3]
[2, 4, 4, 13, 1, 6, 3]
[2, 4, 19, 1, 1, 5, 1, 1]
[7, 19, 1, 1, 3]
[6, 18, 1, 3]
[5, 18, 2, 2, 3]
[1, 4, 1, 18, 1, 1, 6, 2]
[2, 2, 21, 2, 8, 1, 2]
[3, 2, 29, 4]
[35, 1, 4]
[14, 17, 2, 1, 2]
[8, 17, 1, 5, 2, 1]
[3, 1, 4, 12, 1, 1, 2, 6]
[1, 3, 4, 5, 4, 7, 2, 4, 1]
[4, 1, 7, 8, 2, 4, 1, 4, 5]
[9, 9, 2, 2, 7, 1, 1]
[18, 22, 2, 1]
[14, 24, 2, 1, 1]
[40, 4, 1, 1]
[1, 2, 30, 1, 1, 2, 1]
[7, 27, 6]
[8, 4, 1, 18, 8]
[10, 3, 2, 9, 1, 9]
[12, 3, 1, 2, 11]
[1, 14, 17]
[13, 2, 19]
[13, 1, 1, 5, 2, 12]
[11, 2, 1, 11]
[3, 6, 1, 1, 1, 9]

left_values
[14, 3, 9, 9]
[13, 8, 6, 10, 4]
[26, 5, 5, 9]
[28, 3, 5, 8]
[15, 2, 5, 5, 13]
[15, 1, 9, 3, 16]
[28, 5, 4, 9]
[27, 4, 5, 8]
[7, 17, 3, 1, 5, 7]
[22, 8, 4, 7]
[11, 2, 2, 3, 2, 4, 6]
[7, 6, 1, 4, 14, 4]
[43, 4]
[16, 17, 8, 1, 2]
[31, 3, 2, 5, 1]
[38, 5, 1]
[8, 13, 15, 3, 1]
[43, 1]
[37, 4, 1, 1]
[34, 10, 2]
[36, 7]
[36, 6, 1, 1]
[44]
[33, 1, 8, 1]
[34, 7, 3]
[33, 8, 1]
[32, 10, 1]
[32, 1, 8, 1]
[33, 7]
[25, 5, 7]
[16, 3, 3, 1, 7]
[13, 1, 3, 4, 2, 6, 1]
[14, 1, 1, 4, 2, 7, 1]
[1, 13, 3, 2, 2, 6, 3]
[1, 12, 1, 1, 2, 1, 6, 3]
[2, 12, 1, 1, 3, 10, 2]
[2, 11, 1, 1, 2, 1, 7, 2]
[3, 12, 3, 2, 2, 6, 2, 1]
[5, 12, 6, 3, 2, 6, 3]
[6, 10, 3, 3, 1, 5, 5]
[7, 10, 3, 2, 1, 4, 1, 5]
[9, 9, 2, 2, 1, 3, 1, 7]
[9, 7, 1, 1, 3, 2, 1, 3, 8]
[10, 7, 2, 2, 4, 9]
[9, 5, 1, 3, 1, 11]
[11, 1, 4, 1, 10]
[14, 3, 4, 1, 9]
[23, 2, 4, 9]
[19, 8, 1, 1, 1, 9]
[1, 31, 1, 2, 8]
