Puzzle number: 103775
width:  35
height:  50
solved_count:  774
AVE_TIME:  '00:16:34'
ave_time_count:  123

top_values
[50]
[50]
[48]
[44]
[42]
[40]
[38]
[36]
[34]
[32]
[3, 3, 31]
[5, 4, 29]
[3, 6, 28]
[4, 6, 26]
[5, 8, 25]
[4, 8, 23]
[1, 3, 8, 22]
[2, 4, 8, 21]
[3, 4, 8, 20]
[2, 3, 8, 19]
[2, 3, 2, 7, 18]
[3, 3, 3, 7, 17]
[5, 2, 2, 5, 16]
[7, 3, 3, 5, 15]
[8, 5, 2, 4, 15]
[10, 8, 2, 3, 15]
[7, 8, 2, 2, 15]
[10, 6, 2, 16]
[12, 6, 2, 16]
[16, 7, 2, 10]
[19, 4, 3, 8]
[23, 3, 7]
[2, 22, 3, 5]
[1, 32, 2, 1]
[33, 2, 2]

left_values
[2, 2, 2, 6, 2]
[2, 2, 2, 6, 2]
[3, 2, 1, 5, 2]
[3, 2, 2, 4, 3]
[3, 2, 2, 4, 5]
[3, 2, 1, 11]
[4, 2, 2, 12]
[4, 2, 1, 11]
[5, 2, 2, 10]
[5, 2, 2, 10]
[6, 2, 1, 9]
[6, 2, 2, 9]
[7, 3, 1, 8]
[7, 2, 2, 8]
[8, 3, 2, 2, 7]
[8, 5, 2, 3, 7]
[9, 6, 2, 2, 6]
[9, 5, 2, 3, 6]
[10, 5, 2, 3, 6]
[11, 6, 2, 3, 5]
[11, 6, 1, 4, 5]
[12, 6, 2, 3, 4]
[13, 6, 2, 3, 4]
[13, 6, 1, 1, 4]
[14, 6, 2, 2, 3]
[15, 6, 2, 2, 3]
[15, 6, 2, 1, 3]
[16, 6, 2, 2, 2]
[17, 6, 4, 2]
[18, 6, 3, 2]
[19, 6, 2, 2]
[20, 4, 4]
[21, 5]
[22, 6]
[23, 4, 2]
[29, 2]
[29, 2]
[29, 1]
[30, 1]
[32]
[33]
[33, 1]
[35]
[34]
[33]
[32]
[31, 1]
[30, 2]
[29]
[29]
