Puzzle number: 103717
width:  50
height:  50
solved_count:  161
AVE_TIME:  '00:37:32'
ave_time_count:  100

top_values
[5, 2, 34, 2]
[9, 34, 1]
[4, 16, 11, 1]
[6, 14, 4, 5]
[5, 4, 15, 4, 1, 3, 4]
[6, 4, 14, 3, 6, 5]
[1, 5, 19, 3, 2, 2, 4]
[12, 14, 8, 8]
[6, 3, 14, 16]
[3, 21, 16]
[6, 2, 3, 8, 22]
[3, 6, 13, 21]
[3, 6, 5, 4, 20]
[6, 18, 19]
[6, 15, 22]
[22, 21]
[3, 3, 6, 28]
[6, 7, 3, 13, 8]
[2, 2, 14, 8, 2, 8]
[2, 13, 2, 8, 2, 10]
[3, 1, 13, 3, 7, 2, 10]
[3, 14, 17, 9]
[16, 5, 3, 15]
[14, 4, 4, 3, 11, 3]
[17, 10, 3, 11, 1]
[9, 15, 1, 6, 4, 3]
[10, 6, 4, 2, 10, 2, 4]
[23, 2, 13, 2, 4]
[3, 2, 8, 2, 1, 13, 4]
[3, 1, 1, 3, 2, 1, 1, 15]
[1, 3, 3, 2, 3, 2, 15]
[2, 2, 5, 2, 4, 18]
[1, 2, 4, 2, 3, 17]
[1, 2, 1, 3, 20]
[1, 2, 1, 3, 19]
[2, 1, 1, 3, 1, 15]
[2, 2, 1, 13]
[2, 2, 2, 4, 12]
[1, 2, 3, 5, 11]
[7, 12, 9]
[1, 7, 11, 8]
[1, 2, 7, 11, 7]
[21, 6]
[14, 2, 3, 5]
[14, 1, 5]
[15, 5]
[15, 7]
[15, 10]
[27]
[22]

left_values
[1, 4, 3, 1, 2, 3, 4]
[2, 2, 1, 3, 1, 1, 2, 3, 4]
[2, 2, 1, 3, 1, 1, 2, 7, 4]
[2, 5, 1, 3, 1, 1, 5, 6]
[2, 5, 1, 4, 1, 7, 6]
[2, 4, 2, 4, 1, 6, 3, 7]
[1, 4, 8, 7, 8]
[4, 4, 5, 3, 12, 9]
[5, 9, 1, 9, 8, 8]
[4, 1, 3, 3, 9, 4, 8]
[7, 2, 3, 9, 9]
[7, 2, 10, 2, 10]
[2, 1, 2, 3, 3, 7, 2, 1, 4, 8]
[3, 1, 3, 3, 7, 2, 2, 14]
[5, 1, 3, 10, 1, 5, 11]
[10, 12, 2, 2, 8, 2]
[23, 5, 8, 2]
[24, 5, 1, 6, 2]
[33, 5, 2]
[33, 4, 2]
[12, 3, 2, 2, 5, 6, 2, 3]
[12, 3, 1, 2, 5, 2, 5, 3]
[17, 1, 1, 2, 3, 4, 3]
[20, 6, 7, 6, 3]
[10, 4, 11, 6, 5, 3]
[10, 4, 2, 8, 3, 6, 3]
[10, 2, 1, 2, 7, 6, 3]
[10, 1, 2, 1, 1, 2, 2, 5, 3]
[3, 7, 2, 6, 2, 3, 5, 3]
[2, 3, 14, 12, 3]
[2, 4, 11, 1, 4, 3, 3]
[5, 17, 1, 2, 3, 4]
[7, 12, 3, 10, 3]
[8, 12, 13, 5]
[22, 3, 14]
[3, 12, 23]
[3, 11, 1, 22]
[4, 1, 11, 24]
[19, 22]
[4, 14, 21]
[6, 10, 2, 19]
[7, 9, 6, 14]
[2, 22, 12]
[2, 31]
[2, 30]
[3, 2, 19, 7]
[19, 10]
[20, 10]
[1, 20, 9]
[2, 27]
