Puzzle number: 103752
width:  20
height:  17
solved_count:  4985
AVE_TIME:  '00:04:52'
ave_time_count:  639

top_values
[1]
[1]
[5, 1, 2]
[1, 2, 1, 1, 1]
[2, 4, 1]
[1, 1, 1, 1, 1]
[5, 1, 2]
[1]
[5, 1, 1]
[1, 1, 1, 1, 2, 1]
[1, 4, 1]
[1, 2, 1, 2, 1]
[5, 1, 1]
[1]
[5, 1, 1]
[1, 1, 1, 1, 2, 1]
[1, 4, 1]
[2, 1, 1, 2, 1]
[5, 1, 1]
[1]

left_values
[5]
[1, 2]
[2, 1]
[5, 1, 1]
[1, 1, 5]
[2, 1, 1]
[5, 1, 2, 5]
[1, 1, 1, 5, 1]
[1, 1, 1, 1, 1]
[2, 1, 5, 1, 1]
[5, 1]
[1, 1, 1]
[5, 1, 1]
[1]
[1, 1]
[1, 1]
[20]
