Puzzle number: 103845
width:  50
height:  50
solved_count:  751
AVE_TIME:  '00:07:00'
ave_time_count:  117

top_values
[]
[]
[3]
[1]
[]
[]
[1]
[3]
[]
[]
[]
[]
[]
[]
[]
[]
[]
[]
[]
[]
[]
[]
[]
[]
[]
[]
[1]
[1]
[]
[]
[]
[]
[]
[1]
[5, 2]
[8, 4, 2]
[11, 9, 2, 1]
[15, 18]
[12, 22]
[8, 24]
[7, 25, 3]
[4, 13, 17]
[4, 12, 17]
[4, 31]
[4, 31]
[4, 13, 18]
[4, 13, 18]
[39]
[38]
[38]

left_values
[]
[2]
[3]
[4]
[3]
[4]
[4]
[4]
[4]
[3]
[3]
[5, 1]
[4, 3]
[4, 5]
[13]
[13]
[14]
[11, 3]
[6, 5]
[3, 1, 7]
[2, 12]
[14]
[14]
[14]
[14]
[1, 13]
[1, 13]
[14]
[14]
[13]
[13]
[9, 3]
[4, 7]
[13]
[13]
[13]
[13]
[13]
[13]
[12]
[12]
[12]
[11]
[11]
[10]
[9]
[10]
[1, 1, 10]
[1, 1, 10]
[2, 2, 2, 9]
