Puzzle number: 103849
width:  50
height:  50
solved_count:  273
AVE_TIME:  '00:38:40'
ave_time_count:  101

top_values
[1, 4, 2, 35]
[2, 1, 36]
[2, 1, 1, 36]
[2, 4, 2, 1, 34]
[4, 1, 3, 36]
[2, 37]
[3, 1, 40]
[2, 1, 2, 37]
[2, 3, 2, 35]
[2, 1, 1, 35]
[40]
[40, 2]
[1, 4, 32, 2]
[30, 2]
[26, 2, 2]
[19, 1, 1, 2]
[18, 1, 2]
[1, 19, 3, 3]
[2, 4, 13, 3, 3]
[19, 2, 11, 7]
[9, 1, 6, 3, 9, 7]
[20, 4, 6, 8]
[12, 6, 5, 6, 10]
[18, 4, 1, 11]
[1, 17, 4, 4, 11]
[21, 27]
[21, 5, 20]
[21, 5, 1, 20]
[20, 3, 20]
[21, 3, 1, 21]
[22, 3, 21]
[27, 21]
[27, 21]
[26, 21]
[7, 18, 10, 5, 2]
[7, 18, 1, 6, 6]
[14, 11, 1, 4, 5, 1]
[13, 12, 2, 8, 1, 1, 1]
[10, 4, 7, 1, 9, 2, 2]
[9, 2, 5, 4, 1, 12, 1, 2]
[9, 3, 12, 11, 3, 1]
[10, 18, 16]
[8, 35, 1]
[8, 15, 2, 16]
[7, 1, 14, 1, 14, 2]
[7, 2, 2, 10, 1, 2, 13, 2]
[6, 3, 6, 2, 1, 1, 12, 2]
[6, 4, 1, 1, 1, 3, 2, 2, 2, 11]
[6, 9, 2, 2, 3, 2, 1, 5]
[6, 9, 3, 1, 3, 3, 1, 3]

left_values
[1, 2, 2, 9]
[2, 3, 8, 9]
[3, 1, 25]
[1, 1, 2, 26]
[4, 25]
[2, 1, 2, 1, 1, 25]
[1, 1, 2, 27]
[1, 2, 2, 2, 25, 2]
[1, 5, 23, 5]
[2, 1, 2, 15, 6, 6]
[1, 3, 1, 3, 22, 1, 4]
[1, 1, 1, 1, 3, 20, 2, 1, 3]
[3, 8, 20, 6, 2]
[4, 3, 20, 6, 3]
[2, 8, 19, 7, 2]
[13, 1, 1, 16, 6, 2]
[13, 1, 15, 11]
[15, 28, 2]
[15, 1, 1, 27]
[15, 1, 26, 1]
[15, 19, 8]
[15, 7, 10, 6]
[15, 6, 2, 16]
[15, 7, 5, 15]
[23, 5, 14, 2, 1]
[19, 2, 23]
[19, 5, 9, 3, 2]
[18, 2, 4, 10, 3, 1]
[18, 7, 1, 3, 1]
[19, 6, 9, 1, 9]
[19, 2, 10, 2, 1, 1, 1, 3]
[20, 3, 12, 4, 1, 1]
[21, 12, 7, 1]
[23, 21, 1]
[23, 23, 2]
[23, 12, 13]
[23, 12, 11, 1]
[23, 11, 10]
[23, 10, 10]
[21, 11, 12]
[21, 12, 14]
[20, 15, 1, 7]
[16, 17, 1, 7]
[14, 20, 1, 8]
[14, 21, 10]
[15, 19, 1, 2, 7]
[16, 15, 1, 3, 2]
[10, 18, 1, 2, 3]
[10, 24, 1, 6]
[3, 23, 2, 2, 5]
