Puzzle number: 103919
width:  50
height:  50
solved_count:  263
AVE_TIME:  '00:33:12'
ave_time_count:  100

top_values
[2, 25]
[2, 24, 1]
[2, 24, 1]
[1, 24, 1]
[1, 26, 10]
[43]
[36, 1]
[38]
[1, 39]
[1, 36, 4]
[36, 1, 1]
[33, 3]
[27, 5, 2]
[26, 6, 2]
[23, 3, 2]
[24, 1, 1, 2]
[27, 1, 1]
[26, 3, 1]
[25, 4]
[24, 4, 1]
[20, 4, 3]
[20, 3, 4]
[21, 3, 3]
[23, 4, 2]
[7, 4, 2, 3, 4, 1, 5]
[2, 3, 2, 7, 3]
[1, 6, 3, 2, 2, 5, 1]
[2, 2, 4, 3, 5]
[2, 3, 2, 3, 1]
[8, 2, 1, 8]
[6, 5, 1, 10]
[8, 4, 1, 11]
[9, 3, 1, 2, 5]
[11, 1, 2, 4]
[15, 1, 2, 4]
[19, 1, 3, 3]
[15, 3, 1, 3, 3]
[3, 8, 3, 2, 3, 3]
[9, 3, 2, 3, 3]
[5, 3, 2, 3, 3]
[3, 2, 3, 2]
[3, 2, 3, 2]
[2, 3, 4, 2]
[2, 3, 3, 3]
[3, 2, 3, 3]
[3, 3, 7, 3]
[8, 10, 3]
[8, 9, 3]
[8, 7, 3]
[3, 3, 3]

left_values
[16, 2, 1]
[15, 2, 1, 1]
[15, 3, 2]
[3, 15, 1, 2, 2]
[1, 16, 1, 3, 3]
[2, 19, 1, 4, 2]
[2, 21, 6, 2]
[26, 1, 1, 1]
[23, 2, 1, 1, 3]
[25, 1, 2, 3]
[26, 2, 3, 4]
[28, 2, 3, 4]
[28, 2, 3, 4]
[24, 2, 1, 3, 3]
[24, 1, 1, 3, 3]
[25, 2, 4, 5]
[26, 3, 3, 5]
[24, 2, 3, 3, 5]
[24, 1, 2, 3]
[25, 1, 4]
[20, 3, 2, 4]
[20, 2, 1, 4]
[20, 1, 4]
[14, 5, 4]
[14, 3, 4]
[14, 2, 4]
[13, 2, 3]
[12, 9]
[15, 14]
[15, 15]
[16, 5]
[2, 10, 2, 3]
[1, 9, 1, 8]
[1, 6, 2, 2, 11]
[7, 1, 2, 4, 4]
[8, 2, 8, 4]
[5, 3, 4, 3, 7]
[5, 1, 11, 13]
[6, 9, 14]
[5, 6, 12]
[5, 4, 2]
[2, 3, 3, 3]
[2, 3, 4, 3]
[2, 2, 3, 3]
[2, 2, 1, 6]
[2, 1, 1, 6]
[2, 2, 1, 7]
[2, 3, 2, 11, 7]
[2, 1, 5, 22]
[4, 1, 2, 6, 20]
