Puzzle number: 103925
width:  50
height:  50
solved_count:  235
AVE_TIME:  '00:59:37'
ave_time_count:  100

top_values
[5, 6, 2, 1, 1, 1, 17]
[5, 6, 2, 1, 1, 2, 16]
[7, 3, 2, 1, 2, 1, 1, 16]
[7, 3, 2, 1, 1, 1, 1, 15]
[1, 7, 3, 3, 1, 1, 2, 16]
[1, 2, 4, 7, 2, 1, 2, 16]
[1, 2, 3, 4, 2, 1, 1, 1, 1, 15]
[1, 2, 3, 4, 2, 1, 2, 1, 15]
[1, 2, 3, 4, 2, 1, 2, 1, 15]
[2, 3, 3, 2, 1, 1, 1, 14]
[3, 2, 3, 2, 1, 4, 5, 7]
[3, 2, 6, 1, 1, 5, 4, 6]
[2, 2, 7, 1, 3, 1, 4, 5]
[2, 3, 8, 2, 1, 3, 2, 3, 4]
[2, 1, 1, 2, 6, 3, 2, 1, 3, 1]
[4, 1, 2, 7, 2, 4, 3]
[6, 1, 2, 9, 3, 3, 4]
[6, 2, 9, 3, 4, 6]
[6, 2, 2, 5, 3, 4, 16]
[6, 2, 2, 5, 2, 4, 3, 2, 5]
[6, 2, 2, 5, 2, 4, 2, 1, 1, 3]
[6, 3, 2, 5, 2, 1, 4, 3, 2, 1, 2]
[4, 3, 2, 5, 2, 1, 4, 3, 1, 2, 1]
[4, 3, 2, 5, 2, 2, 4, 4, 4, 2]
[4, 3, 2, 5, 5, 4, 4, 5, 1]
[3, 3, 2, 5, 1, 3, 4, 3, 4, 1]
[3, 4, 5, 1, 2, 3, 3, 4, 1]
[3, 4, 3, 1, 1, 2, 2, 3, 4, 2]
[3, 4, 3, 1, 3, 5, 3, 4, 2]
[3, 5, 4, 1, 3, 5, 4, 3, 1]
[3, 3, 1, 4, 2, 4, 5, 3, 3, 1]
[3, 1, 1, 4, 3, 11, 3, 3, 1]
[3, 2, 4, 2, 4, 5, 3, 3, 1]
[3, 2, 4, 3, 2, 4, 4, 3, 4]
[3, 2, 4, 5, 3, 3, 4, 3, 6]
[3, 3, 4, 4, 3, 2, 4, 3, 5]
[2, 4, 4, 9, 1, 4, 3, 4]
[2, 4, 5, 1, 8, 8, 1, 3]
[2, 5, 5, 1, 9, 8, 1, 3]
[2, 5, 5, 1, 8, 8, 1, 4]
[3, 4, 4, 2, 6, 7, 3, 2, 1]
[3, 5, 4, 3, 7, 3, 3, 2, 2]
[2, 5, 4, 4, 8, 4, 2, 2, 2]
[2, 4, 4, 4, 7, 3, 7, 3]
[3, 4, 6, 3, 9, 5, 3, 4]
[8, 7, 1, 5, 1, 3, 2, 3, 3]
[7, 18, 2, 3, 2]
[13, 1, 3, 5]
[12]
[2, 4]

left_values
[5, 6, 5]
[2, 7, 6]
[22, 9]
[49]
[5, 2, 27, 4]
[10, 2, 20, 5]
[12, 3, 8]
[17, 5, 8, 3]
[6, 11, 9, 3]
[2, 16, 9, 3]
[9, 18, 11, 3]
[15, 11, 1, 1, 3]
[14, 10, 4]
[21, 10]
[6, 7, 18]
[47]
[44]
[27, 2]
[4, 6, 13, 6]
[17, 8, 2]
[3, 2, 3, 2, 5, 8]
[4, 2, 6, 3, 1]
[5, 6, 3]
[3, 1, 14, 6, 3]
[2, 4, 9, 1, 7, 5]
[4, 4, 2, 11]
[2, 4, 10, 15]
[11, 9, 12, 2]
[8, 5, 12, 1]
[1, 5, 4, 9, 1]
[2, 9, 4, 2, 7]
[1, 9, 5, 2, 2]
[2, 9, 4, 4, 2]
[1, 2, 13, 3]
[3, 2, 4, 21]
[9, 4, 17]
[10, 7, 15, 2]
[11, 8, 10, 1]
[12, 2, 6, 1, 7, 1]
[13, 3, 21, 2]
[13, 4, 19, 4]
[14, 1, 2, 13, 3]
[10, 3, 2, 2, 5]
[11, 2, 11, 7]
[12, 1, 2, 14, 1, 1]
[13, 3, 14, 1]
[14, 4, 19, 1]
[14, 1, 4, 13]
[14, 1, 6, 6, 4]
[15, 1, 6, 1, 2, 1, 2]
