Puzzle number: 103927
width:  50
height:  50
solved_count:  324
AVE_TIME:  '00:24:36'
ave_time_count:  102

top_values
[2, 2, 2]
[3, 2, 4]
[1, 3, 2, 4]
[3, 4, 6]
[4, 4, 5]
[4, 9]
[4, 8]
[4, 4, 2]
[5, 5]
[2, 5, 4, 5]
[3, 6, 2, 6]
[2, 9, 2, 9]
[8, 3, 12]
[9, 4, 12]
[10, 3, 13, 1]
[12, 4, 15]
[14, 3, 8, 2, 3]
[15, 4, 9, 3]
[15, 4, 8, 1, 3]
[5, 10, 3, 8, 3]
[9, 11, 4]
[10, 4, 2, 3]
[11, 4, 2, 1]
[12, 2, 2, 1]
[3, 12, 2, 2, 1]
[3, 13, 2, 1]
[3, 14, 2]
[3, 14, 2]
[3, 39]
[2, 6, 25]
[5, 5, 26]
[5, 5, 27]
[12, 26]
[13, 25]
[13, 25]
[13, 24]
[6, 23]
[5, 23]
[6, 22]
[12, 22]
[11, 21]
[27]
[1, 28]
[2, 27]
[2, 27]
[3, 7, 18]
[4, 6, 18]
[5, 19]
[5, 18]
[16, 18]

left_values
[3, 3, 4, 6, 5, 1]
[2, 3, 5, 6, 4, 1]
[3, 1, 6, 5, 6, 1, 2, 1]
[3, 7, 12, 2, 1, 1]
[2, 8, 12, 4, 1]
[3, 7, 4, 5, 1]
[3, 9, 4, 6, 1]
[30, 7, 1]
[40, 1]
[40, 1]
[42]
[41]
[2, 15, 17]
[1, 13, 12]
[2, 12, 4, 2]
[2, 10, 5, 1]
[2, 8, 7]
[1, 7, 9]
[2, 6, 9]
[2, 4, 9]
[2, 3, 9]
[1, 1, 9]
[2, 2, 9]
[1, 4, 9]
[2, 5, 9]
[1, 7, 9]
[1, 8, 9]
[2, 10, 9]
[1, 12, 9]
[2, 22]
[2, 22]
[2, 13, 8]
[1, 13, 6]
[1, 13, 4]
[5, 13, 3]
[8, 13]
[1, 11, 13]
[2, 12, 13]
[2, 12, 2, 13]
[3, 3, 13, 13]
[3, 3, 11, 2, 13]
[1, 7, 10, 2, 13]
[2, 6, 7, 15]
[2, 5, 5, 14]
[2, 2, 7, 13]
[4, 8, 1, 13]
[6, 7, 5, 12]
[6, 16, 11]
[8, 3, 7, 11]
[6, 1, 2, 7, 4, 10]
