Puzzle number: 104000
width:  40
height:  40
solved_count:  366
AVE_TIME:  '00:31:01'
ave_time_count:  100

top_values
[1, 10]
[1, 9]
[1, 7]
[1, 6]
[1, 4]
[1, 2]
[1]
[1]
[3]
[7]
[11]
[13]
[17]
[15]
[13]
[12]
[9]
[1, 5]
[2]
[2, 3]
[3, 5, 14]
[3, 5, 21]
[3, 4, 17, 6]
[3, 2, 7]
[3, 4]
[2, 5]
[2, 4, 4]
[2, 4, 2, 3, 10]
[2, 3, 3, 5, 15]
[2, 2, 3, 4, 17]
[2, 4, 17]
[1, 3, 15]
[1, 2, 8, 13]
[2, 10, 12]
[12, 3, 8]
[14, 3]
[15, 3]
[18, 3, 4]
[17, 2, 5]
[15, 7]

left_values
[8, 14, 3]
[15, 3]
[5, 3]
[4, 2, 1, 4]
[7, 1, 3, 2, 4]
[7, 2, 2, 2, 5]
[9, 2, 2, 2, 5]
[9, 2, 2, 2, 6]
[10, 3, 2, 2, 6]
[10, 4, 2, 3, 7]
[1, 10, 3, 1, 2, 8]
[2, 8, 2, 2, 2, 8]
[2, 8, 2, 1, 8]
[3, 6, 2, 8]
[3, 6, 3, 8]
[4, 4, 2, 1, 7]
[4, 3, 2, 2, 7]
[5, 2, 2, 3, 6]
[5, 1, 2, 2, 3]
[5, 1, 3, 2]
[3, 2, 2]
[1, 2]
[2, 1]
[2, 2, 2]
[3, 4, 3]
[3, 6, 3]
[3, 7, 3]
[3, 7, 2]
[3, 9]
[3, 9]
[3, 9]
[2, 9, 1]
[2, 8, 2]
[2, 8, 3]
[3, 8, 3]
[3, 7, 3]
[3, 6, 3]
[3, 6, 1]
[2, 4]
[2, 2]
