Puzzle number: 104128
width:  15
height:  32
solved_count:  2416
AVE_TIME:  '00:11:35'
ave_time_count:  470

top_values
[2, 3]
[10]
[3, 3, 11]
[5, 1, 3, 6, 3]
[8, 2, 3, 5, 2]
[2, 1, 1, 1, 6, 3, 1, 2, 2]
[1, 1, 3, 1, 7, 1, 2, 1, 3]
[3, 5, 2, 5, 2, 1, 1, 2, 2]
[3, 1, 3, 3, 3, 1, 2, 1, 2]
[1, 2, 5, 3, 1, 4, 2]
[2, 1, 3, 2, 5, 2]
[8, 3, 2]
[1, 6, 1]
[3, 3]
[5]

left_values
[6]
[4, 2]
[3, 4]
[3]
[2, 2]
[1, 2, 1, 2]
[1, 1, 5]
[1, 1, 3]
[1, 4]
[]
[6]
[3, 2]
[3, 2, 2]
[2, 4, 2]
[3, 4, 1, 1]
[3, 4, 4]
[3, 3, 3, 1]
[4, 3, 5]
[5, 1, 2, 4]
[6, 3, 2, 1]
[5, 3, 4]
[6, 5]
[1, 4, 2]
[2, 1]
[6]
[1, 4]
[3, 2]
[2, 4]
[4, 1]
[1, 4]
[6]
[4]
