Puzzle number: 104276
width:  30
height:  40
solved_count:  588
AVE_TIME:  '00:19:41'
ave_time_count:  111

top_values
[2, 1, 3, 6, 2]
[3, 3, 4, 1, 3]
[4, 5, 5]
[3, 8]
[2, 3, 1, 9]
[3, 3, 2, 4, 9]
[3, 1, 9, 1, 6]
[3, 2, 11, 9]
[1, 3, 15, 6]
[1, 3, 15, 10]
[2, 1, 14, 10]
[3, 10, 2, 10]
[2, 9, 14]
[9, 14]
[10, 13]
[5, 7, 1]
[6, 1]
[5, 1]
[4, 1]
[3]
[3]
[3]
[3]
[3]
[3]
[3]
[3]
[4]
[4]
[4]

left_values
[1]
[2, 4]
[3, 4]
[3, 4, 3]
[1, 2]
[2, 2, 3, 2]
[1, 3, 3, 1]
[1, 2, 2]
[1, 2]
[3]
[3]
[3]
[2]
[1]
[6]
[8]
[10]
[11]
[9]
[9]
[10]
[11]
[11]
[7, 3, 1]
[4, 2, 2]
[3, 2, 3]
[8, 4]
[1, 11, 5]
[1, 1, 3, 16]
[2, 4, 14]
[1, 20]
[1, 16]
[1, 14]
[1, 13]
[12]
[4, 7]
[3, 6]
[4, 6]
[4, 6, 2]
[3, 7, 1]
