Puzzle number: 104275
width:  30
height:  40
solved_count:  458
AVE_TIME:  '00:32:40'
ave_time_count:  107

top_values
[1]
[1, 2]
[2, 3]
[2, 2, 1]
[4, 5]
[1, 4, 6]
[1, 2, 7]
[2, 2, 7]
[1, 2, 2, 1, 7]
[2, 2, 2, 2, 6]
[2, 2, 2, 3, 2, 2]
[4, 2, 2, 1, 6, 1, 3]
[4, 1, 11, 4]
[4, 2, 16]
[2, 2, 7, 7, 7]
[3, 3, 7, 6]
[3, 15, 5]
[1, 19, 7]
[2, 18, 5, 2]
[3, 7, 9, 6]
[8, 20]
[2, 3, 16]
[5, 3, 1, 2, 10, 1, 2]
[3, 2, 3, 2, 2, 6, 2, 3]
[3, 2, 3, 3, 3, 3, 3, 1]
[2, 1, 2, 2, 1, 6]
[5, 2, 2, 3, 6]
[2, 6, 3, 6]
[1, 1, 3, 3, 7]
[2, 1, 1, 1, 7, 1]

left_values
[2]
[1, 2]
[2, 1, 1]
[3, 1, 1]
[4, 2, 4]
[2, 3, 1, 4, 1]
[3, 6, 1]
[2, 4, 3]
[2, 2, 2]
[1, 2, 1, 3]
[1, 2, 4, 3, 1, 1]
[2, 2, 4, 3]
[2, 5, 2, 3]
[2, 4, 3]
[1, 1, 4, 3, 2]
[3, 2, 3, 1, 2, 1]
[4, 2, 3, 1, 2]
[2, 3, 2, 1]
[5, 2, 3, 1, 1]
[7, 1, 3, 1, 3]
[2, 5, 4]
[5, 2, 6, 3]
[8, 8, 1]
[11]
[13]
[14]
[15]
[7, 8]
[1, 7, 5, 1]
[2, 3, 4, 2]
[2, 2, 3, 3]
[2, 3, 3, 4, 5]
[2, 1, 5, 3, 5, 6]
[3, 4, 9, 7]
[5, 17]
[6, 9, 4]
[7, 15]
[7, 7, 3]
[2, 4, 4, 2, 1]
[7, 3, 2, 1]
