Puzzle number: 104428
width:  45
height:  45
solved_count:  420
AVE_TIME:  '00:30:54'
ave_time_count:  103

top_values
[4, 2, 13]
[6, 13]
[6, 13]
[6, 10]
[5, 9]
[3, 8]
[3, 8]
[2, 1, 3]
[1, 3]
[4]
[5]
[5]
[5]
[8]
[9]
[4, 10]
[7, 13]
[8, 14, 2]
[8, 6, 4, 5]
[5, 7, 2, 3, 3, 6]
[5, 7, 4, 12]
[1, 6, 4, 13]
[6, 5, 13]
[2, 5, 4, 14]
[5, 4, 2, 2, 15]
[8, 5, 15]
[10, 6, 16]
[11, 7, 17]
[10, 7, 18]
[10, 2, 7, 18]
[10, 3, 8, 17]
[3, 1, 1, 9, 17]
[1, 1, 8, 17]
[2, 3, 8, 16]
[8, 1, 7, 14]
[10, 7, 12]
[12, 7, 8]
[11, 5, 5, 7]
[10, 1, 4, 10, 6]
[9, 2, 2, 10, 5]
[9, 4, 11, 4]
[8, 6, 14, 2]
[6, 7, 17]
[4, 8, 19]
[8, 19]

left_values
[8, 3, 4, 6]
[7, 2, 6, 8]
[7, 2, 8, 8]
[5, 2, 9, 10]
[5, 2, 9, 10]
[4, 7, 10]
[7, 10]
[4, 6, 8]
[1, 6, 6, 8]
[1, 8, 5, 6, 2]
[9, 1, 1, 4, 3]
[9, 1, 4]
[9, 5, 5]
[9, 2, 2, 6]
[8, 4, 7]
[5]
[4]
[3, 11]
[3, 14]
[3, 16]
[3, 16]
[3, 14, 2]
[4, 13, 3]
[3, 10, 3]
[4, 2, 4, 3]
[4, 4, 1, 4]
[5, 5, 7]
[11, 2, 8]
[10, 6, 8]
[9, 8, 8]
[8, 10, 8]
[7, 12, 8]
[3, 6, 14, 7]
[3, 6, 16, 7]
[3, 5, 17, 7]
[4, 3, 17, 7]
[5, 17, 5]
[7, 17, 4]
[7, 18, 4]
[7, 20, 2]
[7, 22]
[7, 23]
[8, 23]
[8, 25]
[8, 25]
