Puzzle number: 104439
width:  45
height:  45
solved_count:  771
AVE_TIME:  '00:16:08'
ave_time_count:  121

top_values
[1, 6, 6, 2]
[1, 8, 4, 2]
[1, 9, 2]
[2, 8, 2]
[3, 8, 3, 4, 1]
[4, 7, 11]
[5, 7, 12]
[7, 4, 16]
[7, 3, 18]
[8, 2, 18]
[8, 17]
[8, 18]
[8, 18]
[9, 18]
[9, 19]
[9, 19]
[8, 17]
[8, 17]
[8, 16]
[8, 16]
[7, 16]
[5, 14]
[5, 11]
[11]
[2]
[]
[]
[2]
[2]
[3]
[3]
[3]
[4]
[5]
[35]
[33]
[]
[]
[]
[]
[]
[]
[]
[]
[]

left_values
[20, 2]
[18, 2]
[17, 2]
[17, 2]
[17, 2]
[16, 2]
[16, 2]
[14, 2]
[3, 1, 2]
[2, 2]
[5, 2]
[7, 2]
[8, 2]
[9, 2]
[10, 2]
[10, 2]
[6, 2]
[5, 2]
[2]
[1, 2]
[2, 2]
[2, 11, 2]
[2, 12, 2]
[2, 14, 2]
[1, 15, 2]
[16, 2]
[16, 2]
[17, 2]
[18, 2]
[18, 2]
[18, 2]
[19, 3]
[18, 3]
[17, 3]
[17, 4]
[17, 5]
[5, 17, 6]
[4, 16, 4]
[2, 13]
[11]
[1, 5]
[2]
[1]
[]
[]
