Puzzle number: 104434
width:  45
height:  45
solved_count:  1516
AVE_TIME:  '00:01:54'
ave_time_count:  190

top_values
[7, 1]
[7, 2]
[6, 2]
[5, 2]
[5, 2]
[3, 3]
[1, 4]
[4]
[4]
[4]
[4]
[4]
[4]
[4]
[4]
[4]
[1, 3]
[3, 2]
[5, 1]
[1]
[]
[]
[]
[]
[]
[]
[]
[]
[]
[]
[]
[]
[]
[]
[45]
[45]
[]
[]
[]
[]
[]
[]
[]
[]
[]

left_values
[4, 2]
[2, 2]
[2, 2]
[1, 2]
[1, 2]
[2]
[2]
[2]
[2]
[2]
[2]
[2]
[2]
[2]
[2]
[2]
[2]
[2]
[2]
[2]
[2]
[2]
[2]
[2]
[2]
[2]
[2]
[2]
[2, 2]
[7, 2]
[6, 2]
[5, 2]
[5, 2]
[4, 2]
[3, 2]
[2, 2]
[2]
[2]
[2]
[2]
[2]
[10, 2]
[12, 2]
[17, 2]
[19, 2]
