Puzzle number: 104591
width:  40
height:  50
solved_count:  252
AVE_TIME:  '00:24:11'
ave_time_count:  102

top_values
[]
[]
[]
[]
[]
[]
[]
[6]
[9, 3]
[9, 6]
[6, 8, 3]
[6, 9, 4]
[5, 11, 5]
[4, 12, 7]
[14, 13]
[1, 16, 16]
[22, 15, 2]
[21, 13]
[19, 3, 13]
[4, 19, 13]
[3, 37]
[2, 22, 17]
[1, 21, 20]
[21, 20]
[7, 11, 16]
[6, 1, 4, 5, 18]
[5, 3, 4, 6, 9, 5]
[1, 4, 3, 3, 6, 10]
[2, 3, 3, 6, 15]
[4, 7, 5, 22]
[5, 5, 3, 8, 12]
[6, 4, 3, 5, 8]
[8, 3, 9, 4]
[9, 7, 3]
[11, 7, 4]
[11, 8, 3]
[10, 8, 2]
[9, 1, 3, 3]
[9, 7, 3]
[8, 13]

left_values
[2, 8, 13]
[2, 6, 2, 12]
[7, 5, 3, 11]
[7, 4, 4, 11]
[7, 3, 4, 10]
[7, 3, 6, 9]
[6, 3, 8, 8]
[5, 10, 2, 8]
[2, 9, 1, 2, 6]
[10, 3, 3, 3]
[12, 7, 2]
[15, 6, 1]
[17, 5, 2]
[19, 3]
[20, 2]
[19, 2]
[19, 4]
[15, 5]
[19, 5]
[7, 11, 3, 1]
[6, 18, 1]
[4, 21]
[2, 22]
[6, 4, 8]
[6, 4]
[5, 4]
[3, 4]
[3, 3]
[3, 4]
[3, 3]
[3, 2, 2]
[7, 3]
[8, 2, 3]
[8, 2, 3]
[15]
[15]
[15]
[16]
[17]
[17]
[5, 11]
[6, 6, 4]
[5, 6, 5]
[5, 6, 5]
[5, 5, 4]
[5, 6, 5]
[6, 6, 6]
[6, 6, 7]
[3, 3, 5, 8]
[2, 3, 5, 3, 3]
