Puzzle number: 104682
width:  50
height:  40
solved_count:  309
AVE_TIME:  '00:08:59'
ave_time_count:  107

top_values
[6]
[9, 9]
[4, 4, 11]
[3, 8]
[2, 9]
[2, 8]
[2, 7]
[40]
[40]
[40]
[40]
[40]
[40]
[40]
[5, 4]
[4, 5, 3]
[3, 3, 3]
[2, 2]
[3, 2]
[3, 2]
[3]
[3]
[2, 3]
[2, 4]
[2, 5]
[3, 4]
[2]
[2]
[1]
[2]
[1]
[2]
[2]
[2]
[3]
[2]
[2]
[3]
[2]
[3]
[6]
[14]
[14]
[2, 10]
[3, 9]
[2, 5]
[3]
[3, 2]
[10]
[7]

left_values
[7]
[7]
[7]
[7]
[7]
[7]
[7]
[7]
[7]
[7]
[7]
[7]
[7]
[7]
[10]
[12, 4]
[2, 19]
[2, 21]
[3, 10, 5]
[2, 9, 4]
[2, 10, 4]
[1, 10, 3]
[1, 10, 3]
[1, 10, 2]
[13, 2]
[13, 3]
[5, 7, 6]
[3, 7, 8]
[2, 7, 3, 3]
[2, 7, 2, 3, 2]
[2, 10, 4, 2]
[3, 10, 5, 3]
[2, 9, 4, 2]
[3, 9, 2, 5, 2]
[3, 7, 3, 5, 2]
[3, 7, 4, 5, 2]
[3, 7, 4, 5, 2]
[3, 7, 2, 3, 5, 2]
[3, 7, 5, 4, 2]
[2, 7, 5, 4, 2]
