Puzzle number: 104880
width:  50
height:  40
solved_count:  896
AVE_TIME:  '00:11:30'
ave_time_count:  101

top_values
[4, 1, 1, 1]
[1, 4, 1, 1, 1, 1, 1]
[1, 1, 1, 1, 4, 1]
[1, 1, 1]
[1, 4, 1, 1, 10]
[4, 1, 1, 1, 1]
[1, 1, 1]
[1, 1]
[1, 1]
[8, 1, 1, 1, 1]
[1, 1, 1, 1, 10]
[1]
[1, 1]
[1, 1]
[1, 1]
[1, 11]
[1, 1, 1, 1]
[8, 1, 1]
[1]
[8, 1]
[1, 1, 1, 1]
[1, 1]
[1, 1]
[1, 1, 11]
[1, 1, 1]
[1, 1, 1]
[1, 1, 1, 1, 1]
[7, 1]
[11]
[8, 1, 1, 1, 1]
[1, 1, 1, 1, 1, 1]
[1, 1, 1, 1]
[1, 1, 1, 1]
[1, 1, 1, 1]
[1, 1, 1, 1]
[1]
[1, 1, 1, 11]
[8, 1, 1, 1, 1]
[1, 2, 1]
[8, 1, 1, 1, 1, 1, 1]
[1, 1, 1, 1, 1, 1, 1, 1, 1]
[1, 1, 1, 1, 1, 1, 1, 1, 1]
[1, 1, 1, 4, 1, 1, 1]
[1, 1]
[1, 1, 11]
[1, 1, 1, 1, 1]
[1, 1, 1, 1, 1, 1, 1]
[2, 5, 1, 1, 1, 1]
[1, 1, 1]
[1, 1, 1]

left_values
[1, 1, 1, 1, 1, 1, 1, 1, 1, 1]
[1, 1, 1, 1, 1, 5, 1, 1, 9]
[1, 1, 1, 1, 1, 1, 1, 1, 1]
[1, 1, 1, 1, 1, 1, 1, 1, 1, 1, 1, 1]
[1, 1, 1, 1, 1, 1, 1, 1, 1, 1, 1, 1]
[1, 1, 1, 1, 1, 1, 1, 1, 1, 1]
[1, 1, 1, 1, 1, 1, 1, 1, 1, 1]
[1, 1, 1, 1, 1, 1, 1, 1, 1, 1, 1, 1, 1, 1, 1, 1, 1, 1, 1, 1]
[1, 2, 1, 1, 1, 1, 1, 1, 1, 1, 1, 1, 1, 1, 1, 1, 1, 1, 1]
[1, 1, 1, 5, 1, 1, 5, 1, 1, 5, 1, 1, 5, 1]
[]
[]
[]
[]
[]
[]
[2, 1, 1, 5, 1, 7, 7, 7, 6, 1, 1, 1]
[1, 1, 1, 1, 1, 1, 1, 1, 1, 1, 1, 1, 2, 1]
[1, 1, 1, 1, 1, 1, 1, 1, 1, 1, 1, 1]
[1, 1, 1, 1, 1, 1, 1, 1, 1, 1, 1, 1]
[1, 1, 1, 1, 1, 1, 1, 1, 1, 1, 1, 1, 1, 1]
[2, 1, 7, 1, 1, 7, 6, 1, 1, 1, 1]
[1, 1, 1, 1, 1, 1, 1, 1, 1, 1, 1]
[1, 1, 1, 1, 1, 1, 1, 1, 1, 1]
[1, 1, 1, 1, 1, 1, 1, 1, 1, 1]
[1, 1, 1, 1, 1, 1, 1, 1, 1, 1]
[1, 1, 1, 1, 7, 1, 1, 1, 1]
[]
[]
[]
[]
[]
[]
[]
[]
[]
[]
[]
[]
[]
