Puzzle number: 104835
width:  35
height:  50
solved_count:  775
AVE_TIME:  '00:20:07'
ave_time_count:  124

top_values
[1]
[2, 3]
[1, 5, 3]
[3, 2, 2, 3]
[3, 1, 4, 2]
[4, 1, 1, 5]
[4, 1, 7]
[5, 1, 3, 3]
[6, 3, 2]
[5, 1, 2, 1]
[9, 1]
[9, 1, 1]
[9, 1]
[12]
[8]
[1, 6]
[1, 4]
[1, 2]
[2, 1]
[3]
[3]
[4, 1]
[4, 1]
[5, 7]
[6, 3, 4, 1]
[7, 11]
[7, 13]
[7, 3, 9]
[8, 4, 4, 4]
[9, 2, 4, 5]
[8, 2, 4, 1, 2]
[10, 2, 5, 1, 2]
[10, 1, 3, 1]
[10, 1, 3, 1]
[10, 3, 1, 4, 1]

left_values
[4]
[7]
[10]
[11]
[12]
[14]
[16]
[17]
[19]
[1, 1, 4]
[]
[]
[]
[]
[]
[]
[]
[]
[]
[]
[]
[]
[]
[]
[]
[]
[]
[]
[]
[]
[]
[]
[5, 1, 1]
[7, 6, 1]
[10, 7, 1]
[9, 6]
[7, 3, 4, 1]
[10, 1, 3]
[7, 7, 1, 12]
[2, 8, 11]
[2, 5, 6, 12]
[4, 10, 12]
[13, 3, 4]
[3, 3, 7, 1]
[1, 3, 1, 2, 5, 1]
[9, 1, 4]
[7, 1, 4]
[2, 6]
[1]
[2, 2]
