Puzzle number: 104962
width:  50
height:  45
solved_count:  554
AVE_TIME:  '00:02:11'
ave_time_count:  129

top_values
[45]
[45]
[2]
[2]
[2]
[2]
[2]
[2]
[2]
[2]
[2]
[2]
[2]
[2]
[2]
[2]
[2]
[2]
[2]
[2]
[2]
[2]
[2]
[2]
[1, 1, 2]
[1, 2, 2]
[1, 2, 1, 2]
[2, 1, 2]
[2, 2]
[2, 2]
[2, 2]
[2, 2]
[2, 2]
[2, 2]
[2, 2]
[1, 1, 1, 2]
[1, 1, 1, 2]
[2, 2]
[2, 2]
[2, 2]
[2, 1, 2]
[1, 3, 2]
[4, 2]
[4, 1, 2]
[5, 2]
[5, 1, 2]
[6, 1, 2]
[1, 1, 6, 2]
[1, 1, 6, 2]
[2, 1, 1, 5, 1, 2]

left_values
[2, 1, 9, 1, 1, 2]
[2, 1, 9, 1, 1, 1]
[2, 1, 2, 1, 1]
[2, 2, 1]
[2, 1, 5, 1]
[2, 1, 13, 1]
[2, 1, 13]
[2, 1, 9]
[2, 1, 6]
[2, 1, 4]
[2, 1, 3]
[2, 1]
[2]
[2]
[2]
[2]
[2]
[2]
[2]
[2]
[2]
[2]
[2]
[2]
[2]
[2]
[2]
[2]
[2]
[2]
[2]
[2]
[2]
[2]
[2]
[2]
[2]
[2]
[2]
[2]
[2]
[2]
[2]
[50]
[50]
