Puzzle number: 104974
width:  50
height:  50
solved_count:  159
AVE_TIME:  '00:43:21'
ave_time_count:  100

top_values
[5, 4, 8, 2, 1, 3, 1, 3, 2, 1]
[4, 2, 13, 2, 2, 1, 1, 3, 4]
[6, 12, 14, 3]
[5, 7, 19, 1]
[4, 3, 2, 5, 6, 5, 1]
[4, 4, 1, 6, 12, 1]
[3, 2, 1, 2, 5, 6, 7, 2]
[2, 2, 2, 1, 1, 1, 3, 1, 8, 1]
[4, 1, 13, 7, 2]
[1, 2, 7, 3, 2, 6, 1, 2]
[1, 2, 1, 4, 17, 1]
[1, 1, 2, 9, 10, 2]
[1, 3, 4, 3, 3, 1, 1, 1, 2]
[1, 3, 1, 1, 2, 12, 2]
[2, 2, 1, 7, 3, 2]
[3, 1, 15, 2, 2, 1]
[24, 2, 4, 3]
[20, 3, 4, 3, 2]
[24, 5, 6, 3]
[4, 3, 5, 8, 3, 6]
[2, 3, 6, 9, 1, 1, 12]
[27, 1, 1, 1, 5]
[4, 7, 2, 2, 3, 2, 2, 9]
[5, 6, 2, 2, 2, 7, 11, 4]
[7, 2, 4, 2, 2, 8, 3, 1, 4, 4]
[4, 1, 1, 1, 1, 1, 4, 16]
[5, 16, 2, 3]
[23, 6]
[1, 1, 2, 8, 3, 2, 5]
[2, 3, 15]
[5, 16]
[3, 2, 4, 5, 1]
[3, 2, 6, 2, 4]
[2, 1, 2, 8, 2, 2]
[6, 5, 3, 3]
[5, 2, 10]
[5, 2, 3, 1, 4]
[5, 4, 2, 3, 2]
[3, 5, 7]
[3, 1, 6, 4]
[3, 1, 8, 2, 4, 1, 1]
[1, 3, 4, 3, 6, 9]
[1, 2, 7, 7, 2, 9]
[4, 3, 2, 4, 5, 1, 10]
[8, 3, 5, 2, 1, 2, 11]
[5, 5, 5, 2, 4, 4, 2, 1, 2]
[8, 3, 2, 1, 6, 4, 5, 6]
[6, 3, 5, 3, 16]
[5, 9, 4, 2, 3, 7]
[2, 11, 2, 3, 12]

left_values
[15, 5, 4, 4, 3, 2, 3]
[9, 7, 6, 12]
[7, 6, 5, 7, 3, 7]
[6, 4, 2, 5, 7, 3, 6]
[1, 2, 2, 4, 3, 1, 2, 2, 2, 4]
[2, 2, 3, 5, 1, 6, 4]
[2, 3, 3, 2, 7, 1, 2, 4]
[1, 5, 4, 8, 2, 2, 14]
[6, 17, 5, 7, 1, 7]
[4, 7, 4, 15, 5, 6]
[6, 4, 1, 4, 3, 9, 5, 8]
[4, 3, 3, 4, 5, 11, 5, 6]
[3, 2, 1, 3, 5, 18, 3, 1, 2, 1]
[2, 4, 3, 5, 2, 2, 5, 2, 1, 1, 6, 1, 2]
[7, 4, 6, 3, 7, 1, 2, 9, 2]
[7, 4, 6, 4, 10, 2, 1, 2, 1, 3]
[7, 3, 7, 2, 2, 2, 4, 2, 4, 1, 6]
[6, 2, 9, 2, 8, 7, 9]
[5, 14, 3, 8, 2, 9, 2]
[4, 7, 1, 7, 10, 9, 2]
[2, 4, 1, 7, 4, 4, 2, 7, 3]
[1, 6, 3, 4, 6, 10, 3]
[6, 4, 2, 1, 12, 3, 1]
[14, 4, 3, 1, 1, 3]
[1, 4, 5, 1, 1, 1, 2, 2, 4]
[10, 1, 2, 5, 2, 2]
[4, 8, 2, 5, 6]
[3, 4, 1, 2, 3, 2, 2, 2, 1]
[9, 2, 2, 4, 5]
[8, 2, 2, 5, 5, 2]
[1, 6, 2, 4, 1, 2, 2, 4]
[5, 1, 3, 3, 2, 4, 1, 4, 1]
[3, 2, 5, 4, 1, 4, 3]
[3, 3, 2, 1, 7, 2, 5]
[6, 2, 2, 2, 3, 9]
[2, 1, 1, 9, 3, 2, 1]
[1, 3, 2, 1, 2, 1, 7]
[1, 3, 4, 1, 1, 2, 3]
[9, 1, 3, 5]
[3, 6, 1, 2, 6]
[3, 2, 3, 2, 4]
[1, 1, 2, 1, 1, 8]
[2, 3, 3, 9]
[1, 2, 2, 5, 1]
[3, 2, 3, 8]
[2, 2, 2, 5, 2]
[1, 2, 1, 4, 1]
[2, 1, 7]
[2, 6]
[1, 5, 1]
