Puzzle number: 104969
width:  50
height:  50
solved_count:  150
AVE_TIME:  '00:41:14'
ave_time_count:  100

top_values
[2, 1]
[3, 9]
[5, 2, 2, 4]
[3, 2, 12, 1]
[1, 6, 2, 5, 1]
[9, 6, 2, 5]
[9, 2, 2, 3, 1, 2]
[8, 2, 3, 2, 2, 4]
[11, 3, 2, 2, 3, 1, 1]
[5, 3, 1, 1, 1, 2, 2, 2, 5]
[5, 3, 1, 4, 3, 12, 1]
[10, 3, 9]
[15, 8]
[4, 9, 5]
[7, 1, 8, 2]
[2, 8, 7, 2]
[12, 6, 1]
[1, 2, 6, 6]
[13]
[10, 2]
[1, 9, 5]
[1, 4, 1, 2, 2, 2]
[1, 7, 2, 2]
[7, 5, 2, 3]
[3, 2, 2, 3, 3, 2]
[3, 7, 2, 1, 3]
[5, 1, 1, 1, 1, 6, 1]
[1, 3, 1, 5, 2, 1, 2, 3]
[1, 3, 4, 1, 2, 1, 2, 5]
[1, 3, 4, 2, 4, 1, 3, 8]
[1, 3, 2, 1, 6, 6, 5, 3]
[5, 2, 11, 5, 4, 2]
[4, 1, 18, 3, 5]
[4, 2, 16, 3, 6]
[2, 1, 2, 1, 1, 1, 1, 2, 1, 2, 2, 8]
[2, 1, 6, 4, 3, 2, 9]
[1, 3, 1, 1, 1, 5, 5, 10]
[3, 5, 1, 3, 1, 3, 7, 5]
[12, 4, 1, 2, 8, 3, 1]
[1, 17, 1, 2, 1, 6, 1, 5]
[2, 7, 2, 3, 4, 1, 7, 2, 4, 1]
[1, 10, 2, 3, 2, 2, 6, 2, 5, 1]
[5, 5, 4, 1, 4, 2, 2, 3, 4]
[5, 3, 9, 6, 2, 8, 1]
[5, 2, 3, 4, 2, 2, 3, 10, 1]
[16, 1, 1, 3, 4, 3, 4]
[1, 6, 12, 3, 8, 2]
[2, 8, 1, 4, 4, 3, 5, 2]
[2, 1, 3, 2, 6, 1, 2, 5, 9]
[2, 6, 10, 4, 3, 12]

left_values
[1, 12, 3, 4]
[3, 5, 6, 1, 3, 3]
[1, 11, 4]
[2, 4, 24]
[4, 10, 12, 1]
[1, 2, 4, 17]
[9, 11, 4, 5]
[10, 1, 4, 15]
[9, 6, 4, 11, 1]
[12, 7, 9, 1, 2]
[9, 1, 3, 5, 3, 2, 5]
[13, 7, 11, 1]
[5, 3, 3, 2, 6, 3, 7]
[5, 5, 2, 4, 5, 1, 4, 2]
[2, 3, 2, 10, 4, 1, 5]
[5, 4, 10, 3, 2, 7]
[4, 7, 4, 5, 15]
[5, 3, 2, 2, 4, 4, 4, 9]
[9, 1, 2, 6, 9, 1]
[9, 1, 8, 6, 2, 1, 1]
[2, 5, 2, 3, 1, 5, 2, 1, 1]
[9, 3, 5, 6, 3, 1]
[2, 6, 4, 10, 2]
[2, 1, 3, 3, 13, 1, 2, 1, 1]
[3, 2, 2, 4, 2, 4, 2, 4]
[7, 3, 6, 2, 4]
[5, 3, 3, 4, 5]
[4, 1, 3, 2, 1, 1, 6]
[6, 3, 2, 2, 9]
[6, 4, 2, 2, 9]
[1, 2, 4, 1, 11, 2]
[6, 2, 1, 2, 8, 2]
[5, 3, 3, 8, 2, 3]
[5, 5, 10, 2, 4]
[3, 2, 8, 2, 6]
[1, 5, 1, 5, 7, 1]
[10, 9, 8]
[3, 1, 1, 3, 8, 2, 2, 4]
[1, 1, 2, 1, 2, 10]
[10, 1, 11]
[4, 4, 13]
[1, 1, 1, 1, 1, 2, 2]
[1, 1, 6, 1, 8]
[10, 4, 6]
[4, 1, 1, 1, 1, 1, 2]
[2, 3, 2, 4, 1]
[11]
[5, 1, 2]
[2, 3, 1]
[11]
