Puzzle number: 105502
width:  50
height:  40
solved_count:  125
AVE_TIME:  '00:30:18'
ave_time_count:  100

top_values
[3, 1, 2, 6, 2, 1, 4]
[3, 2, 2, 9, 1, 4]
[2, 2, 2, 3, 4, 2, 4]
[2, 1, 2, 3, 7, 1, 1]
[1, 2, 2, 3, 2, 6, 2]
[1, 1, 3, 3, 2, 1, 4, 2, 1]
[1, 2, 2, 3, 1, 2, 6, 2]
[1, 1, 3, 3, 1, 1, 1, 4, 2]
[2, 2, 5, 1, 2, 6]
[1, 2, 4, 1, 1, 2, 4]
[1, 2, 4, 2, 1, 1, 4]
[2, 2, 6, 2, 2, 6]
[1, 2, 6, 2, 2, 2, 2]
[1, 2, 2, 5, 1, 2, 2]
[4, 3, 5, 1, 2, 4]
[4, 3, 14]
[3, 3, 10]
[3, 4, 4]
[3, 5, 8]
[3, 18]
[2, 16]
[2, 2]
[2, 5, 2]
[2, 9, 4]
[2, 18]
[2, 3, 7, 1]
[2, 3, 4, 4]
[2, 3, 8]
[2, 3, 6]
[2, 3, 3]
[3, 3, 3, 1]
[3, 3, 4, 2]
[3, 2, 3, 3]
[3, 3, 4, 3]
[3, 4, 4, 2, 2]
[3, 10, 3, 3]
[4, 7, 3, 4]
[4, 3, 4]
[4, 3, 3, 2]
[5, 3, 4]
[5, 3, 7]
[5, 3, 3]
[5, 3, 6]
[5, 5, 6, 3]
[1, 4, 8, 8]
[1, 5, 10, 5, 3]
[1, 5, 4, 4, 5, 3]
[2, 12, 4, 4]
[2, 11, 4, 8]
[3, 10, 4, 4, 2]

left_values
[8, 31, 6]
[4, 4, 29, 3]
[2, 3, 8, 14, 1]
[3, 6, 10]
[3, 5, 8]
[2, 5, 5]
[2, 4, 5]
[4, 4]
[3, 4]
[2, 3]
[1, 3]
[3]
[3]
[3]
[3]
[4]
[5]
[6]
[5, 3]
[15, 8, 3]
[18, 11, 3]
[13, 5, 3, 3, 3]
[2, 6, 4, 3, 3, 3]
[2, 5, 4, 3, 2, 3, 3]
[6, 6, 3, 3, 2, 3]
[4, 5, 3, 3, 3, 2, 3]
[6, 5, 2, 3, 2, 3]
[5, 2, 3, 2, 3, 2, 4]
[1, 2, 4, 3, 2, 3, 3, 5, 3]
[6, 6, 2, 4, 3, 9, 2]
[5, 2, 3, 2, 6, 5, 11, 1]
[3, 4, 3, 4, 2, 11, 4, 6]
[5, 4, 3, 10, 3, 9]
[3, 2, 2, 3, 2, 5, 2, 11]
[5, 2, 2, 3, 2, 2, 2, 5, 1, 2]
[2, 4, 2, 3, 2, 2, 2, 4, 1, 2, 2]
[5, 4, 2, 3, 2, 2, 1, 5, 1, 1, 1]
[3, 5, 2, 3, 2, 2, 2, 3, 1, 2, 2, 1]
[3, 2, 5, 6, 1, 2, 5, 1, 1, 1, 2]
[4, 2, 4, 6, 2, 3, 3, 1, 1, 1, 1, 1]
