Puzzle number: 105749
width:  50
height:  40
solved_count:  513
AVE_TIME:  '00:31:57'
ave_time_count:  107

top_values
[4, 7]
[2, 4, 6]
[4, 4, 6]
[5, 6]
[4, 7]
[26, 8]
[40]
[10, 22]
[5, 16]
[3, 4, 4, 4]
[1, 3, 4]
[3, 3, 4]
[1, 4, 5, 8]
[1, 3, 8, 5]
[4, 9]
[5, 2, 5]
[4, 3, 4]
[1, 5, 3, 5]
[3, 3, 6]
[3, 3, 4]
[3, 4, 5, 2]
[2, 2, 3, 7, 5]
[4, 1, 3, 12]
[2, 3, 3, 6]
[1, 2, 2]
[3, 1, 2]
[2, 3]
[2, 19]
[25]
[3, 12]
[3, 9]
[6, 6]
[13, 7]
[7, 5, 7]
[6, 13]
[3, 1, 5]
[5, 2, 7]
[6, 2, 8, 5]
[7, 3, 17]
[9, 5, 6]
[10, 5, 6]
[12, 6, 2, 6]
[8, 4, 2, 4]
[8, 4, 2]
[9, 3, 2]
[9, 5, 3]
[10, 6, 3]
[10, 7, 2]
[10, 9, 1]
[11, 19]

left_values
[2, 2, 6, 3, 3, 1, 14]
[2, 3, 1, 1, 1, 1, 1, 5, 16]
[1, 3, 1, 2, 1, 1, 2, 1, 2, 17]
[1, 4, 1, 4, 1, 2, 2, 18]
[6, 1, 1, 1, 2, 1, 1, 3, 14]
[8, 2, 1, 1, 1, 2, 3, 13]
[9, 1, 1, 1, 2, 2, 3, 12]
[4, 7, 1, 1, 1, 2, 3, 11]
[4, 8, 3, 3, 6]
[2, 3, 5, 3, 2, 4]
[1, 3, 6, 4, 2, 1]
[2, 9, 5, 3]
[2, 3, 8, 4, 4, 2]
[3, 2, 11, 6, 3]
[3, 2, 9, 3, 4, 3]
[5, 3, 2, 3, 2, 3]
[5, 3, 2, 3, 3, 3]
[5, 3, 2, 3, 2, 3]
[6, 3, 2, 3, 3, 4]
[7, 4, 2, 3, 2, 3]
[3, 4, 3, 2, 4, 2, 3]
[2, 5, 2, 2, 2, 2, 1, 3]
[3, 6, 3, 2, 2, 2, 1, 3]
[3, 7, 2, 2, 3, 3, 1, 2]
[2, 7, 3, 2, 3, 2, 2]
[2, 4, 3, 2, 2, 2, 2, 2]
[1, 3, 3, 2, 3, 2, 3, 2]
[1, 3, 2, 3, 3, 2, 3, 1]
[1, 3, 2, 3, 3, 1, 2, 1]
[3, 2, 2, 3, 1, 3, 1]
[4, 2, 3, 3, 4, 1]
[4, 1, 3, 3, 5, 1]
[5, 1, 3, 3, 1, 1, 2, 1]
[5, 2, 3, 1, 2, 2, 1]
[4, 2, 4, 1, 2, 2, 1]
[3, 3, 4, 2, 1, 1, 1]
[3, 2, 3, 2, 2, 2, 1]
[2, 2, 3, 2, 2, 1, 1]
[2, 3, 2, 2, 2, 2, 1]
[2, 2, 2, 2, 1, 3]
