Puzzle number: 105738
width:  40
height:  50
solved_count:  1415
AVE_TIME:  '00:01:30'
ave_time_count:  205

top_values
[]
[]
[]
[]
[]
[]
[]
[]
[]
[]
[]
[]
[]
[]
[]
[]
[]
[]
[]
[]
[]
[]
[]
[1]
[1]
[1]
[2]
[3]
[4]
[5]
[6]
[8]
[9]
[8, 1]
[9, 1]
[9, 1]
[9, 1]
[8, 1]
[8]
[8]

left_values
[]
[]
[]
[]
[]
[]
[]
[]
[]
[]
[]
[]
[]
[]
[]
[]
[]
[]
[]
[]
[]
[]
[]
[]
[]
[]
[]
[]
[]
[]
[]
[]
[1]
[1]
[2]
[3]
[4]
[5]
[6]
[6]
[6]
[7]
[7]
[6]
[7]
[7]
[7]
[7]
[7]
[15]
