Puzzle number: 105739
width:  50
height:  50
solved_count:  478
AVE_TIME:  '00:54:52'
ave_time_count:  106

top_values
[]
[4]
[8]
[12]
[7, 6]
[3, 4, 5]
[5, 3, 6]
[6, 3, 1, 5]
[4, 2, 1, 4]
[7, 6, 2, 1, 1, 3]
[16, 2, 1, 1, 1, 1, 2]
[16, 3, 1, 1, 1, 1, 1, 1]
[5, 3, 1, 1, 1, 2, 1]
[1, 1, 1, 5, 3, 1, 1, 2, 1, 1, 1]
[1, 2, 1, 2, 10, 1, 1, 1, 2, 1, 1]
[2, 2, 2, 2, 8, 1, 2, 1, 1, 1, 1]
[1, 2, 2, 2, 2, 4, 1, 1, 1, 1, 1, 1, 1]
[2, 2, 2, 1, 4, 3, 2, 1, 1, 1, 1, 1, 1]
[2, 2, 1, 2, 4, 2, 1, 1, 1, 1, 1, 1, 1]
[2, 1, 2, 1, 3, 2, 1, 1, 1, 4, 1, 2, 1]
[2, 2, 4, 5, 1, 1, 2, 1, 1, 1, 4]
[3, 2, 2, 3, 5, 2, 1, 2, 1, 1, 1, 1, 3]
[4, 1, 12, 1, 1, 1, 1, 1, 1, 1, 3]
[4, 2, 10, 1, 3, 1, 1, 1, 1, 1, 3]
[2, 16, 2, 3, 2, 1, 1, 3, 3]
[6, 16, 2, 4, 1, 1, 1, 7]
[23, 7, 15]
[23, 1, 8, 15]
[23, 1, 24]
[23, 1, 24]
[50]
[50]
[50]
[19, 27]
[18, 26]
[5, 4, 25]
[4, 1, 2, 1, 24]
[3, 1, 1, 2, 1, 2, 16]
[2, 1, 2, 2, 1, 1, 1, 1, 15]
[2, 2, 2, 2, 2, 2, 2, 1, 1, 14]
[2, 3, 2, 2, 2, 1, 1, 2, 1, 1, 13]
[2, 2, 3, 2, 1, 2, 1, 1, 1, 1, 13]
[2, 1, 2, 2, 2, 2, 2, 1, 1, 1, 1, 13]
[2, 2, 2, 3, 1, 1, 1, 2, 2, 1, 2, 12]
[2, 1, 3, 1, 1, 1, 2, 2, 1, 1, 1, 7]
[2, 4, 2, 1, 7, 1, 1, 2, 1, 1, 5]
[3, 4, 12, 3, 2, 1, 1, 1, 1, 4]
[4, 3, 11, 3, 4, 2, 2, 1, 4]
[4, 5, 19, 4, 1, 1, 1, 3]
[3, 3, 31, 3]

left_values
[3, 1, 26]
[3, 1, 26]
[3, 2, 13, 4]
[3, 1, 12, 2]
[4, 2, 2, 11, 2]
[4, 2, 2, 10, 3, 3, 1]
[3, 2, 2, 1, 9, 2, 1, 1]
[3, 2, 2, 12, 1, 1, 1]
[3, 2, 2, 11, 3, 2, 2, 1]
[3, 2, 2, 14, 2, 2, 1, 2]
[3, 2, 3, 12, 2, 2, 1, 1]
[2, 2, 2, 11, 2, 2, 2, 1]
[2, 2, 2, 11, 1, 1, 2]
[3, 3, 3, 14, 1, 2, 2, 2]
[3, 2, 2, 15, 2, 2, 2, 2]
[3, 3, 17, 2, 1, 4]
[3, 2, 18, 2, 2, 4]
[3, 3, 15, 2, 5]
[3, 4, 12, 2, 2, 4]
[3, 16, 2, 6]
[4, 16, 2, 3, 5]
[4, 16, 3, 8]
[4, 13, 3, 5]
[4, 5, 4, 2, 5]
[7, 8, 3, 8]
[4, 6, 3, 6]
[4, 13, 2, 2]
[3, 15, 2, 2]
[7, 3, 12, 6]
[9, 16, 4, 4]
[3, 5, 14, 3, 7]
[4, 16, 1]
[3, 12, 11]
[3, 5, 10, 5]
[3, 8, 4, 10, 4, 3]
[3, 15, 7]
[4, 5, 14, 1]
[4, 7, 23, 3, 1]
[3, 5, 18, 3]
[3, 7, 25, 1]
[3, 7, 18, 2, 1]
[3, 25, 3]
[4, 3, 20, 1]
[4, 3, 31, 4]
[4, 20, 1]
[4, 27]
[4, 37]
[4, 30]
[5, 8, 24]
[5, 24]
