Puzzle number: 106181
width:  30
height:  25
solved_count:  1886
AVE_TIME:  '00:16:59'
ave_time_count:  130

top_values
[25]
[5, 1]
[2, 3, 11, 1]
[1, 1, 3, 1]
[3, 3, 8, 1]
[1, 1, 1, 1, 2, 1]
[3, 2, 2, 6, 1]
[2, 3, 1, 2, 1]
[5, 3, 2, 4, 1]
[3, 1, 2, 2, 1]
[2, 1, 1, 2, 2, 2, 1]
[3, 1, 2, 1, 1, 2, 1]
[2, 1, 2, 2, 2, 1, 1, 1]
[2, 1, 2, 2, 2, 1, 2, 1]
[1, 5, 1, 2, 1, 1]
[4, 2, 1, 2, 1, 2, 1]
[5, 3, 2, 1, 1, 1, 1]
[4, 3, 2, 1, 3]
[3, 3, 3, 1, 2]
[3, 4, 3, 1, 1, 1, 2]
[2, 9, 1, 1, 1, 2]
[1, 1, 6, 1, 1, 2]
[2, 1, 1, 1]
[1, 2, 1, 1]
[3, 1, 1]
[5, 3, 1, 1]
[10, 1, 1, 1, 1]
[13, 2, 1, 1]
[15, 1, 1, 1]
[2, 14, 1, 2, 1]

left_values
[1, 2, 1, 7, 6, 1]
[1, 1, 7, 5, 1]
[1, 4, 1, 6, 1]
[2, 2, 1, 6, 2]
[2, 2, 3, 3, 3]
[2, 2, 1, 5, 3]
[2, 1, 2, 3, 3, 4]
[3, 2, 2, 2, 4]
[1, 1, 2, 3, 4]
[1, 2, 1, 2, 3, 4]
[1, 1, 1, 1, 2, 6, 5]
[1, 2, 3, 1, 6, 2, 5]
[1, 1, 1, 3, 1, 4, 2, 5]
[1, 1, 2, 5, 3, 5]
[1, 1, 2, 8, 5]
[1, 1, 1, 2, 4, 4]
[1, 1, 1, 2, 1, 1, 3]
[1, 1, 1, 1, 2, 2, 2, 3]
[1, 1, 1, 1, 2, 1, 3, 3]
[1, 1, 1, 1, 1, 2, 13]
[1, 1, 1, 1, 1, 3, 1]
[1, 1, 1, 1, 1, 1, 3, 11]
[1, 1, 1, 1, 1, 1, 1, 3]
[1, 5]
[30]
