Puzzle number: 107328
width:  40
height:  50
solved_count:  204
AVE_TIME:  '00:19:50'
ave_time_count:  100

top_values
[19, 5]
[19, 5]
[19, 5]
[19, 5]
[19, 5, 1]
[19, 6]
[20, 6]
[6, 10, 1, 5]
[5, 2, 10, 5, 1, 1]
[4, 3, 10, 1, 4, 3]
[4, 4, 10, 4, 1, 2]
[3, 4, 10, 4, 2]
[2, 5, 10, 4, 1, 1]
[2, 5, 10, 4]
[1, 5, 3, 6, 4]
[1, 5, 2, 5, 4]
[5, 2, 2, 5, 1, 1, 1, 3]
[8, 1, 2, 5, 4, 3]
[8, 3, 5, 6, 3]
[9, 2, 6, 8, 3]
[13, 6, 8, 3]
[13, 6, 9, 1, 2]
[13, 7, 9, 2]
[13, 7, 10, 2]
[13, 7, 10, 2]
[12, 8, 1, 9, 1, 1]
[12, 9, 1, 8, 2]
[11, 9, 8, 2]
[10, 10, 1, 7, 2]
[9, 12, 7, 2]
[8, 13, 1, 6, 1]
[5, 15, 6, 1]
[4, 15, 1, 5, 1]
[3, 1, 13, 1, 4, 1]
[2, 2, 3, 11, 4, 1]
[3, 5, 9, 1, 3, 1, 9]
[4, 7, 8, 2, 10]
[5, 8, 7, 10]
[5, 10, 6, 1, 2, 1, 1, 10]
[5, 10, 5, 16]

left_values
[16, 18, 3]
[14, 18, 4]
[12, 19, 5]
[11, 20, 5]
[9, 20, 6]
[8, 21, 2]
[7, 22, 4]
[7, 7, 14, 6]
[7, 5, 11, 2, 6]
[7, 4, 9, 2, 6]
[17, 8, 4, 5]
[15, 9, 5, 5]
[14, 9, 7, 4]
[14, 3, 9, 3]
[15, 17, 2]
[37, 2]
[38]
[39]
[40]
[34]
[18]
[15]
[11]
[]
[]
[]
[]
[]
[2, 1]
[5, 1]
[9, 1]
[12, 1]
[15, 1]
[17, 1]
[1, 18, 1, 1, 1]
[20, 2]
[19, 2]
[17, 1, 1]
[7, 1, 1]
[9, 1, 1, 1]
[16, 1, 1, 4]
[21, 1, 5]
[25, 5]
[1, 25, 5]
[1, 8, 5]
[5]
[5]
[1, 1, 5]
[1, 3, 1, 5]
[5, 1, 5]
