Puzzle number: 107368
width:  40
height:  40
solved_count:  344
AVE_TIME:  '00:25:53'
ave_time_count:  108

top_values
[3, 3, 1, 2, 6, 1]
[3, 7, 1, 9, 5]
[3, 8, 7, 1, 4]
[2, 5, 6]
[2, 4, 4]
[2, 1, 1, 2]
[2, 8]
[3, 8]
[3, 6, 1]
[3, 4, 6]
[7, 7]
[6, 5, 2]
[5, 4]
[5, 5]
[3, 3, 2]
[7, 4]
[3, 6]
[3, 4]
[3, 3]
[3, 2]
[3]
[3]
[2]
[3]
[3]
[3, 4]
[3, 13]
[3, 1, 1, 6, 2]
[3, 4, 4, 3, 5]
[3, 16, 2, 1, 2, 2, 3]
[20, 1, 5]
[10, 4, 1, 2, 4]
[8, 4, 2, 1, 2]
[9, 4, 2, 6, 2]
[12, 4, 4, 2, 3, 2]
[16, 3, 1, 2, 4]
[16, 3, 1, 3]
[18, 2, 2, 9]
[9, 4, 1]
[3, 7, 6]

left_values
[3]
[4]
[6]
[10, 6]
[12, 7]
[3, 7, 15]
[5, 20]
[1, 6, 23]
[1, 4, 13, 11]
[5, 6, 4, 3, 7]
[4, 4, 2, 3, 6]
[4, 4, 3, 3, 6]
[4, 3, 5, 3, 6]
[2, 4, 5, 3, 6]
[3, 3, 3, 4, 2, 5]
[3, 2, 4, 4, 2, 6, 1]
[3, 3, 4, 9, 1]
[3, 2, 3, 9, 1]
[1, 2, 3, 9]
[3, 3, 4, 4]
[4, 2, 1, 3]
[4, 2, 2, 2, 6]
[3, 1, 1, 8]
[4, 1, 2, 4, 1]
[4, 3, 1, 1, 1]
[3, 2, 6]
[4, 2, 2, 2]
[3, 2, 1, 1, 2]
[2, 1, 1, 1, 2]
[2, 1, 1, 4]
[3, 1, 1, 3]
[2, 2, 1, 1]
[2, 1]
[2, 1, 1]
[2, 1, 3, 1]
[1, 4, 2, 1]
[3, 2, 2, 2, 1]
[2, 4, 1, 1]
[2, 6, 1, 1]
[2, 6, 1, 1]
