Puzzle number: 10789
width:  35
height:  31
solved_count:  2402
AVE_TIME:  '00:14:54'
ave_time_count:  1094

top_values
[21]
[15, 4]
[11, 3, 2]
[7, 3, 2, 4, 2]
[6, 3, 2, 5, 2]
[5, 3, 2, 3, 2, 2]
[4, 3, 2, 1, 2]
[3, 3, 2, 1, 1]
[3, 3, 2, 1, 1]
[2, 4, 3, 2, 2]
[2, 4, 3, 2, 1]
[2, 3, 3, 1, 1]
[1, 3, 3, 2, 2]
[1, 4, 3, 2, 2]
[1, 3, 4, 2, 1]
[1, 3, 2, 2, 2, 1]
[1, 3, 2, 2, 2, 1]
[1, 3, 2, 1, 3, 1]
[1, 3, 2, 1, 3, 1]
[1, 4, 4, 4, 1]
[1, 4, 9, 1]
[1, 3, 12, 1]
[1, 3, 18, 1]
[2, 3, 17, 1]
[1, 3, 4, 4, 2]
[1, 3, 2, 1, 1]
[1, 3, 2, 1, 2]
[2, 4, 2, 1, 1]
[1, 4, 3, 2]
[2, 3, 2, 2]
[2, 3, 1, 2]
[2, 2]
[2, 2]
[4, 3]
[14]

left_values
[24]
[12, 5]
[9, 3]
[7, 2]
[6, 5, 2]
[5, 13, 3]
[4, 18, 2]
[3, 12, 7, 1]
[16, 4, 2]
[14, 1]
[11, 4, 1]
[2, 10, 1]
[3, 13, 1]
[16, 6, 2, 1]
[15, 6, 2, 1]
[1, 8, 4, 2, 1]
[1, 16, 1]
[1, 6, 1]
[1, 7, 1]
[1, 3, 3, 4, 1]
[2, 3, 3, 3, 1]
[1, 3, 4, 3, 2]
[1, 2, 4, 2, 1]
[2, 2, 5, 2, 2]
[2, 6, 2, 2]
[2, 2, 2]
[2, 2, 2]
[2, 1, 2]
[4, 3]
[5, 3]
[13]
