Puzzle number: 108147
width:  30
height:  30
solved_count:  1181
AVE_TIME:  '00:08:08'
ave_time_count:  192

top_values
[1, 3, 1]
[3, 1]
[1, 3, 1, 4, 1]
[4, 1, 7, 1]
[3, 1, 1, 6, 1]
[3, 1, 5, 1, 1, 6]
[1, 3, 1, 4, 1, 1, 3]
[4, 1, 6]
[4, 1, 3]
[4, 1, 9, 1, 1, 4]
[1, 4, 1, 8]
[5, 1, 5]
[5, 5]
[5, 5]
[5, 1, 1, 1, 1, 1]
[5, 1, 9, 1, 1]
[5, 1, 1, 1, 1, 1]
[1, 5, 1, 1, 2]
[6, 1, 4, 1, 1, 1]
[6, 1, 1, 1, 1]
[6, 1, 1, 1]
[1, 6, 1, 10]
[7, 1, 1, 2]
[7, 1, 12]
[7, 1, 1, 1]
[7, 2, 1]
[7, 1, 2, 1]
[8, 4, 1, 1]
[8, 2, 1, 2]
[8, 2, 1]

left_values
[1, 8]
[1, 12]
[1, 19]
[1, 23]
[1, 27]
[1, 29]
[30]
[4, 1, 1, 3]
[1, 1]
[1]
[]
[]
[1]
[1, 1]
[1, 1]
[1, 1, 1]
[1, 1, 1, 1]
[2, 1, 1, 1, 1]
[2, 1, 1, 1, 1, 1]
[2, 1, 1, 1, 1, 1, 1]
[2, 1, 1, 1, 1, 1, 1]
[1, 2, 1, 1, 1, 1, 1, 1]
[2, 1, 1, 1, 1, 1, 1, 1]
[1, 1, 1, 1, 1, 1, 1, 1, 1, 1, 1, 5]
[2, 1, 1, 1, 1, 15]
[2, 1, 1, 6, 1, 1, 1, 1]
[2, 1, 1, 1, 5, 1, 1, 1, 1, 1, 1, 1]
[1, 9, 1, 1, 1, 1, 1, 1, 1, 1, 1, 1]
[9, 1, 1, 1, 1, 1, 1, 3, 1]
[25]
