Puzzle number: 108331
width:  50
height:  35
solved_count:  342
AVE_TIME:  '00:33:49'
ave_time_count:  100

top_values
[3, 1, 6, 1, 2, 4, 7, 1]
[2, 2, 1, 2, 1, 1, 3, 3, 5, 1]
[1, 3, 1, 2, 1, 4, 5, 1, 2, 2]
[2, 1, 2, 2, 1, 1, 3, 5, 6]
[2, 1, 5, 1, 1, 5, 3, 4]
[2, 1, 1, 9, 7]
[2, 1, 2, 2, 1, 2, 2, 4]
[1, 1, 1, 19]
[11, 4, 5, 2, 2]
[3, 1, 1, 5, 3, 7]
[3, 2, 6, 1, 5, 1, 1]
[2, 2, 1, 1, 1, 9, 1, 1]
[1, 4, 2, 2, 4, 5, 1, 1]
[7, 4, 1, 5, 3, 1]
[1, 1, 2, 1, 1, 7, 1, 1]
[1, 2, 1, 2, 1, 7, 1]
[1, 4, 2, 3, 1, 1]
[1, 2, 1, 5, 1]
[1, 2, 1, 2, 1]
[1, 1, 1, 1, 1, 2, 1]
[1, 2, 2, 1, 2, 1]
[1, 2, 2, 1, 2, 1]
[1, 2, 2, 1, 2, 1]
[1, 2, 2, 1, 2, 1]
[1, 2, 2, 1, 2, 1]
[1, 2, 2, 1, 2, 1]
[1, 2, 1, 1, 1, 2, 1]
[1, 2, 1, 1, 1, 2, 1]
[1, 2, 1, 1, 1, 2, 1]
[1, 2, 1, 1, 1, 2, 1]
[1, 2, 1, 1, 1, 2, 1]
[1, 2, 1, 1, 1, 2, 1]
[4, 1, 2, 1, 1, 1, 2, 1]
[5, 2, 1, 1, 1, 2, 1]
[6, 2, 2, 1, 2, 1]
[5, 2, 5, 2, 1]
[3, 16, 1, 2, 1]
[7, 2, 2, 1, 2, 1]
[1, 2, 2, 2, 1, 2, 1]
[1, 4, 2, 2, 1, 2, 1]
[1, 2, 1, 2, 2, 1, 2, 1]
[1, 2, 1, 1, 1, 2, 1, 2, 1]
[1, 4, 1, 1, 2, 1, 2, 1]
[1, 2, 1, 1, 2, 1, 1, 1, 1]
[1, 2, 2, 1, 1, 1, 1]
[1, 2, 2, 1, 1, 1, 1]
[1, 2, 2, 1, 1, 1, 1]
[1, 2, 2, 1, 1, 1, 1]
[1, 2, 2, 1, 1, 1, 1]
[1, 2, 2, 1, 1, 1, 1]

left_values
[3, 2, 2, 1, 1, 1, 1]
[2, 2, 1, 1, 1, 1, 1]
[1, 2, 1, 1, 1, 1, 2]
[2, 1, 1, 3, 1]
[2, 2, 2, 3, 1]
[2, 1, 2, 3, 1]
[10, 3, 1, 1, 1]
[1, 23, 1, 1]
[4, 1, 14]
[1, 2, 1, 1, 1]
[1, 1, 1, 4, 1]
[1, 1, 1, 6, 1, 4]
[5, 1, 2, 2, 1, 6]
[7, 1, 4, 1, 2, 2]
[5, 1, 4]
[6, 1, 3, 1]
[5, 2, 2, 1]
[6, 2, 5, 24]
[3, 1, 4, 1, 2, 22, 6]
[1, 12, 1, 9]
[5, 4, 3, 1]
[2, 3, 9, 14, 1]
[3, 4, 3, 2, 1, 7, 16]
[1, 7, 6, 24]
[4, 6, 3, 1]
[3, 3, 2, 2, 1, 1]
[4, 6, 2, 33]
[1, 2, 3, 4, 1, 1]
[3, 4, 3, 1, 1, 33]
[2, 3, 1, 3, 30]
[4, 1, 4, 1, 7]
[10, 1]
[2, 5, 2]
[8]
[50]
