Puzzle number: 108451
width:  40
height:  40
solved_count:  2129
AVE_TIME:  '00:02:20'
ave_time_count:  206

top_values
[1, 1, 1, 23]
[1, 1, 1, 5, 4, 1, 1]
[1, 1, 1, 5, 4, 1, 1]
[1, 1, 1, 5, 4, 1, 1]
[1, 1, 1, 23]
[7, 1, 5, 4, 1, 1]
[1, 1, 1, 5, 4, 1, 1]
[1, 1, 1, 5, 4, 1, 1]
[1, 1, 1, 23]
[1, 1, 1, 5, 4, 1, 1]
[7, 1, 5, 4, 1, 1]
[1, 1, 1, 5, 4, 1, 1]
[1, 1, 1, 23]
[1, 1, 1, 5, 4, 1, 1]
[1, 1, 1, 5, 4, 1, 1]
[1, 1, 1, 5, 4, 1, 1]
[1, 1, 1, 23]
[1, 1, 1, 23]
[1, 1, 1, 23]
[1, 1, 1]
[7, 25]
[1, 1]
[1, 1]
[1, 1]
[1, 1]
[1, 1]
[1, 1]
[1, 1]
[1, 1]
[1, 1]
[7, 25]
[1, 1, 1]
[1, 1, 1, 23]
[1, 1, 1, 23]
[1, 1, 1, 3, 2, 1, 1, 1]
[7, 1, 3, 2, 1, 1, 1]
[1, 1, 1, 3, 2, 1, 1, 1]
[1, 1, 1, 23]
[1, 1, 1, 3, 2, 1, 1, 1]
[1, 1, 1, 3, 2, 1, 1, 1]

left_values
[]
[40]
[1, 1, 1, 1, 1]
[1, 1, 1, 1, 1]
[1, 1, 1, 1, 1]
[1, 1, 1, 1, 1]
[1, 1, 1, 1, 1]
[40]
[]
[]
[]
[]
[]
[]
[]
[21, 10]
[1, 1]
[19, 1, 1, 8]
[19, 1, 1, 8]
[19, 1, 1, 8]
[19, 1, 1, 2, 1]
[19, 1, 1, 2, 1]
[1, 1, 1, 1, 3, 1, 1, 2, 1]
[1, 1, 1, 1, 3, 1, 1, 8]
[1, 1, 1, 1, 3, 1, 1, 8]
[19, 1, 1, 2, 1]
[19, 1, 1, 2, 1]
[19, 1, 1, 2, 1]
[19, 1, 1, 8]
[1, 1, 1, 1, 3, 1, 1, 2, 1]
[1, 1, 1, 1, 3, 1, 1, 2, 1]
[1, 1, 1, 1, 3, 1, 1, 2, 1]
[19, 1, 1, 8]
[1, 1, 1, 1, 3, 1, 1, 2, 1]
[1, 1, 1, 1, 3, 1, 1, 2, 1]
[1, 1, 1, 1, 3, 1, 1, 2, 1]
[19, 1, 1, 8]
[1, 1, 1, 1, 3, 1, 1, 2, 1]
[1, 1, 1, 1, 3, 1, 1, 2, 1]
[1, 1, 1, 1, 3, 1, 1, 2, 1]
