Puzzle number: 108420
width:  20
height:  20
solved_count:  3885
AVE_TIME:  '00:05:28'
ave_time_count:  487

top_values
[4, 4]
[1, 1]
[1, 2]
[2, 1, 1, 1]
[5, 1, 4]
[1]
[5, 4]
[1, 2]
[5, 1]
[1, 1, 2]
[1, 2, 4]
[1, 1, 1]
[5, 4]
[2]
[1]
[5, 1, 5, 2]
[3, 1, 1, 1, 1, 4]
[1, 5, 1]
[3, 1, 1, 4]
[5, 5, 2]

left_values
[1, 1, 1, 1]
[1, 1, 1, 1]
[1, 1, 1, 1]
[5, 1, 5, 1, 1]
[2, 1, 1, 1, 5]
[4, 2, 1, 1]
[2, 1, 1, 1, 1, 1, 1]
[1, 5, 1]
[3]
[1]
[5]
[1, 1, 1]
[2, 1]
[1, 1]
[5]
[]
[5, 5, 5, 2]
[1, 1, 1, 2, 2, 2, 2, 2]
[1, 2, 1, 1, 1, 1, 1]
[1, 1, 1, 1, 1, 1, 1]
