Puzzle number: 108606
width:  35
height:  25
solved_count:  1963
AVE_TIME:  '00:16:19'
ave_time_count:  259

top_values
[24]
[1, 1]
[3, 3, 1, 2, 1, 7]
[4, 1, 2, 1, 1]
[3, 3, 1, 1, 1, 3, 5]
[1, 1, 2, 1, 1, 1]
[9, 1, 1, 1, 7]
[2, 1, 1, 1]
[3, 1, 1, 1]
[5, 1, 1, 1, 1, 6]
[8, 1, 1, 1, 1]
[5, 1, 1, 1, 1, 1, 5]
[3, 1, 1, 1, 1]
[2, 1, 1, 1, 6]
[2, 1, 1, 1]
[9, 2, 1, 1, 6]
[1, 1, 1, 1, 1, 1]
[3, 3, 1, 2, 1, 1, 5]
[4, 1, 2, 1, 1]
[3, 3, 1, 6]
[1, 1]
[24]
[1]
[1, 3]
[1]
[1, 8]
[1, 1, 1]
[2, 1, 5]
[1, 1, 1]
[1, 8]
[1]
[1, 3]
[1]
[1]
[1]

left_values
[1, 1]
[1, 3, 1, 1, 3, 1]
[1, 3, 1, 1, 1, 3, 1]
[7, 1, 7]
[1, 1, 3, 1, 1]
[1, 1, 1, 1, 3, 1, 1, 1, 1]
[1, 1, 1, 1, 5, 1, 1, 1, 1]
[1, 1, 1, 1, 5, 1, 1, 1, 1]
[1, 10, 1]
[8, 1, 9]
[1, 2, 2, 1]
[1, 3, 3, 1]
[1, 2, 3, 2, 1]
[1, 2, 2, 1]
[1, 17, 14]
[1, 1, 1]
[1, 17, 1, 1, 1]
[1, 1, 1, 1, 1]
[1, 5, 3, 3, 1, 5]
[1, 1, 1, 1, 1, 1, 1, 1, 1, 1]
[1, 1, 1, 1, 1, 1, 1, 1, 1, 1, 1, 1, 1, 1, 1, 1]
[1, 1, 1, 1, 1, 1, 1, 1, 1, 1, 1, 1, 1, 1, 1, 1]
[1, 1, 1, 1, 1, 1, 1, 1, 1, 1, 1, 1, 1, 1, 1, 1]
[1, 1, 1, 1, 1, 1, 1, 1, 1, 1, 1, 1, 1, 1]
[1, 1, 1, 1, 1, 1, 1, 1, 1, 1, 1, 1, 1, 1]
