Puzzle number: 108692
width:  25
height:  20
solved_count:  3178
AVE_TIME:  '00:08:12'
ave_time_count:  618

top_values
[4, 1]
[2, 3, 3]
[1, 5, 1, 2]
[2, 4, 2, 2, 1]
[4, 1, 2, 2]
[1, 3]
[]
[]
[]
[13]
[3, 3, 1]
[2, 1, 3, 1]
[2, 1, 3, 1]
[1, 1, 3, 1]
[4, 13]
[1, 15]
[2, 14]
[6, 3, 1]
[3, 1, 3, 1]
[5, 1, 3, 1]
[1, 1, 13]
[4, 2, 5, 2]
[1, 2, 4, 2]
[3, 4, 2]
[14]

left_values
[3]
[2, 2]
[1, 1, 3, 3]
[1, 1, 1, 2, 1, 1]
[2, 2, 3, 3, 4]
[3, 2, 2, 5, 2]
[4, 2, 5, 3]
[1, 2, 1, 2, 4, 3, 1]
[1, 13, 1]
[2, 1, 3, 1, 2]
[2, 1, 3, 1, 3]
[2, 1, 3, 5]
[1, 1, 3, 5]
[1, 14, 1]
[2, 13, 1]
[3, 13, 1]
[1, 1, 3, 1, 1]
[1, 1, 3, 1, 2]
[2, 1, 3, 4]
[2, 14]
