Puzzle number: 108714
width:  20
height:  18
solved_count:  5532
AVE_TIME:  '00:04:05'
ave_time_count:  738

top_values
[2, 2]
[3, 2]
[4, 2, 4]
[4, 2, 7]
[3, 2, 9]
[3, 11]
[3, 4, 1, 1, 2]
[3, 4, 1, 1, 2]
[3, 12]
[3, 2, 1, 1, 2]
[3, 2, 1, 1, 2]
[3, 12]
[3, 4, 1, 1, 2]
[3, 4, 1, 1, 2]
[3, 11]
[3, 2, 9]
[4, 2, 7]
[4, 2, 4]
[3, 2]
[2, 2]

left_values
[10]
[16]
[18]
[5, 5]
[4, 2, 2, 4]
[1, 2, 2, 1]
[5, 8, 5]
[4, 10, 4]
[1, 1, 1, 1]
[2, 1, 1, 2]
[12]
[3, 1, 1, 3]
[3, 1, 1, 3]
[16]
[4, 1, 1, 4]
[4, 1, 1, 4]
[16]
[14]
