Puzzle number: 108711
width:  35
height:  25
solved_count:  2533
AVE_TIME:  '00:09:30'
ave_time_count:  392

top_values
[1, 3]
[7]
[3, 3]
[3, 3]
[3, 3]
[3, 3, 4]
[1, 3, 3, 2]
[6, 3, 2]
[3, 3, 3, 2]
[3, 3, 3, 2]
[3, 3, 3, 2]
[3, 3, 3, 2]
[3, 3, 2, 2]
[3, 3, 1, 2]
[3, 3, 2]
[3, 12]
[5, 1, 1, 2]
[2, 1, 1, 2]
[1, 1, 1, 2]
[1, 1, 2]
[19]
[1]
[1]
[1]
[20]
[23]
[1, 1]
[25]
[1, 1, 1, 1, 1, 1, 1, 1]
[17]
[1, 1]
[1, 1]
[1, 4, 5]
[2, 1, 1, 1, 1]
[2, 1, 1, 1, 1]

left_values
[1]
[2]
[1, 8]
[1, 1, 1, 2]
[1, 3]
[2, 1, 1]
[6, 3]
[2, 2, 1, 1]
[11, 1, 2, 3]
[11, 1, 2, 1, 1]
[11, 1, 2, 3]
[1, 1, 1, 2, 1, 1]
[13, 3, 1, 2, 3]
[15, 1, 2, 1, 1, 3]
[17, 1, 2, 3, 1]
[1, 1, 1, 2, 1, 1, 1]
[1, 6, 2, 3, 3]
[12, 1, 1, 2, 1, 1]
[13, 1, 1, 2, 1, 6]
[14, 1, 1, 2, 1, 1]
[1, 1, 2, 1, 1]
[16, 2, 1, 1]
[16, 2, 1, 3]
[1, 1, 1, 2, 1]
[1, 1, 1, 4]
