Puzzle number: 109096
width:  50
height:  50
solved_count:  725
AVE_TIME:  '00:12:05'
ave_time_count:  106

top_values
[12, 2, 7, 2, 1]
[12, 2, 6, 2]
[14, 1, 6, 2]
[14, 2, 6, 2]
[13, 5, 2, 2]
[13, 8, 2]
[14, 8, 2]
[13, 5, 3, 2]
[12, 10, 2]
[11, 2, 6, 2]
[10, 1, 5, 2]
[9, 11, 2]
[9, 2, 7, 3]
[8, 10, 3]
[5, 1, 6, 2]
[3, 10, 2]
[2, 10, 2]
[2, 9, 2]
[3, 5, 2, 1]
[2, 7, 2, 1]
[10, 3, 1, 1]
[11, 3, 1, 1]
[11, 3, 2]
[5, 12, 3, 1]
[8, 12, 5]
[34, 5, 1]
[34, 5, 1, 1, 1, 1]
[34, 5, 1, 5]
[34, 7, 4]
[34, 8, 3]
[50]
[50]
[50]
[50]
[50]
[47]
[31]
[26]
[16]
[13]
[10]
[]
[]
[]
[]
[]
[]
[]
[]
[]

left_values
[12, 12]
[15, 12]
[14, 12]
[13, 13]
[13, 13]
[14, 12]
[14, 12]
[14, 12]
[13, 11]
[11, 11]
[10, 11]
[9, 11]
[8, 11]
[7, 11]
[4, 11]
[3, 11]
[2, 11]
[11]
[11]
[12]
[12]
[12]
[4, 14]
[2, 2, 5, 16]
[4, 2, 1, 1, 2, 19]
[6, 1, 1, 23]
[1, 5, 3, 4, 18]
[10, 27]
[18, 19]
[7, 30]
[4, 33]
[38]
[38]
[22]
[14, 9]
[39]
[27]
[20]
[16]
[3, 16]
[13]
[16]
[12]
[11]
[11]
[3, 11]
[2, 14]
[1, 1, 15]
[3, 14]
[2, 11]
