Puzzle number: 109339
width:  25
height:  50
solved_count:  904
AVE_TIME:  '00:21:47'
ave_time_count:  166

top_values
[25, 19]
[3, 2, 2, 6, 12]
[2, 6, 2, 10]
[1, 6, 2, 2, 8]
[2, 6, 2, 1, 2, 7]
[3, 2, 2, 2, 1, 2, 6]
[3, 2, 2, 2, 3, 2, 2, 5]
[3, 2, 2, 2, 3, 2, 1, 1, 4]
[3, 2, 2, 4, 2, 3, 2, 2, 4]
[7, 3, 3, 5, 2, 3, 3]
[2, 1, 2, 3, 10, 2, 3, 3]
[2, 1, 4, 2, 16, 2, 3, 3]
[2, 1, 5, 2, 16, 1, 3, 3]
[2, 1, 4, 2, 16, 2, 3, 3]
[2, 1, 2, 3, 10, 2, 3, 3]
[7, 3, 3, 5, 2, 3, 3]
[3, 2, 2, 4, 2, 3, 2, 2, 4]
[3, 2, 2, 2, 3, 2, 1, 1, 4]
[3, 2, 2, 2, 3, 2, 2, 5]
[3, 2, 2, 2, 1, 2, 6]
[2, 6, 2, 1, 2, 7]
[1, 6, 2, 2, 8]
[2, 6, 2, 10]
[3, 2, 2, 6, 12]
[25, 19]

left_values
[4, 3, 5, 3, 4]
[3, 3, 5, 3, 3]
[2, 4, 4, 2]
[1, 1, 1, 5, 1, 1, 1]
[1, 5, 5, 1]
[1, 7, 3, 7, 1]
[5, 1, 3, 1, 5]
[5, 1, 3, 1, 5]
[1, 8, 3, 8, 1]
[1, 8, 1, 8, 1]
[5, 2, 2, 5]
[3, 2, 2, 3]
[1, 3, 1]
[1, 5, 1, 5, 1]
[1, 8, 8, 1]
[1, 2, 2, 2, 2, 1]
[1, 1, 1, 1]
[1, 3, 3, 3, 1]
[1, 6, 3, 6, 1]
[1, 1, 4, 3, 4, 1, 1]
[1, 2, 2, 3, 2, 2, 1]
[1, 2, 3, 2, 1]
[1, 2, 5, 2, 1]
[1, 4, 5, 4, 1]
[1, 3, 5, 3, 1]
[1, 5, 1]
[1, 5, 1]
[1, 7, 1]
[1, 9, 1]
[1, 9, 1]
[1, 9, 1]
[1, 7, 1]
[1, 3, 1]
[1, 1]
[1, 4, 4, 1]
[1, 13, 1]
[1, 1, 1, 1]
[1, 11, 1]
[2, 9, 2]
[2, 7, 2]
[3, 3]
[3, 3]
[4, 4]
[5, 5]
[6, 6]
[7, 7]
[9, 9]
[25]
[25]
[25]
