Puzzle number: 109849
width:  50
height:  50
solved_count:  500
AVE_TIME:  '01:08:40'
ave_time_count:  100

top_values
[5, 2, 8, 4]
[1, 6, 5, 3, 3, 3]
[1, 2, 2, 6, 2, 3, 3, 2]
[1, 5, 2, 2, 4, 3, 1, 1, 3]
[2, 4, 1, 3, 5, 3, 2, 2]
[2, 3, 2, 3, 1, 3, 1, 1, 1, 2, 1]
[1, 6, 10, 5, 2, 5, 6, 1]
[5, 33, 2, 2]
[6, 9, 32]
[11, 2, 2, 2, 9, 2]
[1, 1, 2, 2, 3, 6, 1, 1, 1]
[1, 2, 2, 1, 5, 2, 1, 1, 2, 3, 2]
[3, 6, 2, 2, 2, 2, 7, 2]
[3, 4, 1, 2, 6, 12, 2]
[2, 2, 2, 2, 2, 2, 6, 2, 2]
[6, 2, 2, 3, 2, 2, 5]
[5, 3, 2, 2, 2, 2, 1, 2]
[2, 4, 1, 3, 4, 3, 3]
[3, 2, 3, 3, 1, 2, 3]
[2, 4, 1, 4, 2, 3]
[1, 3, 1, 2, 2, 2, 3]
[2, 2, 1, 2, 2, 2]
[3, 1, 2, 2, 2]
[2, 3, 2, 2]
[2, 3, 2, 2]
[4, 3, 2]
[2, 1, 2]
[2, 2]
[1, 2, 2, 2]
[1, 2, 2, 2]
[1, 4, 2, 2]
[1, 4, 3, 2]
[1, 3, 1, 2]
[1, 2, 2, 2]
[2, 1, 5, 2]
[3, 2, 4, 3]
[1, 2, 1, 2, 1, 1]
[1, 2, 2, 2, 1, 4, 1]
[2, 2, 1, 2, 2, 3, 1]
[1, 2, 2, 2, 2, 3, 1]
[2, 2, 2, 4, 1, 4]
[2, 2, 3, 3, 2, 3]
[1, 2, 3, 2, 3, 2, 6]
[2, 3, 3, 4, 1, 1, 1]
[2, 3, 4, 4, 2, 3]
[2, 2, 4, 1, 2, 1, 3, 2, 4]
[1, 2, 3, 2, 1, 1, 1, 2, 2, 1, 1]
[2, 2, 5, 1, 1, 1, 1, 2, 2, 2]
[2, 2, 3, 1, 1, 1, 2, 4, 2]
[1, 2, 2, 1, 1, 1, 1, 1, 2, 2]

left_values
[11, 3, 3]
[2, 3, 4, 4]
[3, 2, 3]
[4, 5]
[4, 6]
[2, 2, 2, 2, 4]
[3, 2, 1, 5]
[4, 2, 2, 5]
[2, 1, 4, 2, 2]
[5, 3, 2, 3]
[4, 6, 2]
[6, 2]
[7, 4]
[15, 3, 9]
[3, 7, 16]
[3, 2, 8, 6]
[2, 2]
[2, 1]
[2, 7]
[4, 5, 4]
[2, 3, 7]
[2, 6, 3, 2]
[6, 8, 1]
[9, 2, 1, 2, 1, 1]
[5, 8, 4, 3]
[3, 14, 4]
[3, 5]
[3, 3, 2]
[4, 2, 1, 2, 4]
[3, 2, 1, 5]
[2, 2, 1, 2]
[3, 2, 2, 2, 2, 5]
[5, 1, 2, 2, 1]
[9, 3, 1, 2, 3]
[2, 4, 1, 2, 9]
[5, 4, 2, 5, 8, 5]
[5, 20, 4]
[1, 7, 2, 5, 8, 4]
[1, 4, 2, 2, 5, 1]
[1, 1, 6, 2, 8]
[3, 5, 4, 2, 1, 3, 7]
[3, 1, 2, 6, 2, 7, 8]
[5, 3, 2, 5, 3, 2, 5, 3, 1]
[4, 3, 8, 2, 4, 6]
[1, 1, 3, 1, 3, 7, 6, 1]
[1, 1, 1, 6, 4, 6]
[7, 1, 1, 4, 4, 7, 5]
[7, 1, 21, 6, 3]
[2, 3, 25, 3, 1, 2]
[1, 10, 3, 5]
