Puzzle number: 110056
width:  44
height:  31
solved_count:  1461
AVE_TIME:  '00:10:24'
ave_time_count:  159

top_values
[5]
[9, 4]
[3, 3, 2, 6]
[3, 2, 4, 2, 2, 3]
[3, 2, 1, 8, 2]
[4, 1, 8, 2]
[5, 1, 8, 2]
[3, 1, 1, 9, 2]
[3, 2, 4, 7, 2]
[2, 1, 3, 4, 7, 1]
[1, 4, 4, 7, 1]
[1, 2, 4, 7, 1]
[1, 2, 4, 7, 1]
[1, 2, 4, 7, 1]
[1, 2, 4, 3, 1, 1]
[1, 2, 4, 3, 1, 1]
[1, 2, 4, 3, 1, 1]
[1, 2, 4, 3, 1, 1]
[1, 2, 4, 3, 1, 1]
[1, 2, 4, 3, 1, 1]
[1, 3, 4, 3, 1, 1]
[1, 2, 1, 1, 3, 1, 1]
[1, 2, 1, 1, 3, 1, 1]
[1, 1, 4, 3, 1, 1]
[1, 2, 4, 3, 1, 1]
[1, 2, 4, 3, 1, 1]
[1, 2, 4, 3, 1, 1]
[1, 2, 4, 3, 1, 1]
[1, 2, 4, 3, 1, 1]
[1, 2, 4, 3, 1, 1]
[1, 2, 4, 7, 1]
[1, 2, 4, 7, 1]
[1, 2, 4, 7, 1]
[1, 4, 4, 7, 1]
[2, 2, 3, 4, 7, 1]
[3, 2, 4, 7, 2]
[3, 1, 1, 9, 2]
[5, 1, 8, 2]
[4, 1, 8, 2]
[3, 2, 1, 8, 2]
[3, 2, 4, 2, 2, 3]
[3, 3, 2, 6]
[9, 4]
[5]

left_values
[26]
[2, 2]
[1, 1]
[2, 2]
[1, 1]
[2, 2]
[3, 1, 1, 3]
[5, 5]
[5, 13, 12, 5]
[34]
[2, 1, 1, 1, 1, 2]
[2, 2, 2, 2]
[2, 1, 1, 2]
[1, 1, 1, 1]
[2, 2]
[1, 1]
[1, 38, 1]
[1, 1, 13, 13, 1, 1]
[1, 1, 13, 13, 1, 1]
[1, 2, 30, 2, 1]
[2, 4, 4, 2]
[44]
[44]
[1, 36, 1]
[14, 14]
[13, 13]
[2, 10, 10, 2]
[2, 34, 2]
[2, 2]
[40]
[6, 6]
