Puzzle number: 11068
width:  50
height:  50
solved_count:  622
AVE_TIME:  '00:15:34'
ave_time_count:  265

top_values
[1]
[1]
[1]
[1]
[1]
[1]
[1]
[1, 1]
[1, 3]
[1, 4]
[1, 5]
[1, 5]
[1, 5]
[1, 5]
[1, 4, 1]
[1, 3, 2]
[1, 7]
[1, 7, 3]
[1, 7, 3, 1]
[1, 8, 3, 1]
[1, 2, 3, 4, 2, 1]
[1, 2, 7, 5, 1, 1]
[1, 3, 9, 7, 4]
[1, 3, 10, 4, 1, 6]
[1, 4, 10, 3, 8]
[1, 5, 11, 3, 8]
[1, 17, 2, 8]
[1, 16, 3, 7]
[1, 5, 3, 3, 7]
[1, 4, 4, 4, 5]
[1, 9, 4, 3, 1]
[1, 7, 5, 6]
[1, 14, 2, 4]
[1, 7, 5, 1]
[1, 3, 8]
[1, 1, 7]
[1, 2, 5]
[1, 2, 2]
[1, 4, 1]
[1, 5]
[1, 2]
[1]
[1]
[1]
[1]
[1]
[1]
[1]
[1]
[50]

left_values
[50]
[1]
[1]
[1]
[1]
[1]
[1]
[1]
[1]
[1]
[1]
[1]
[1]
[2, 1]
[4, 1]
[2, 1, 3, 1]
[4, 3, 1]
[3, 3, 1]
[3, 4, 1]
[2, 4, 1]
[3, 5, 1]
[3, 5, 1]
[4, 9, 1]
[4, 10, 1]
[5, 8, 1, 1]
[4, 8, 3, 1]
[2, 8, 3, 1]
[5, 7, 4, 1]
[5, 12, 1]
[4, 8, 3, 1]
[4, 7, 2, 1]
[3, 5, 2, 1]
[3, 3, 1, 1]
[2, 2, 2, 1]
[2, 2, 1]
[3, 2, 1]
[3, 3, 1]
[4, 5, 1]
[5, 6, 1]
[14, 1]
[11, 2, 1]
[1, 3, 1, 2, 1]
[7, 1, 3, 2, 1]
[2, 5, 1, 4, 1, 1]
[1, 6, 2, 3, 1, 1]
[2, 7, 1, 4, 2, 1]
[1, 8, 2, 3, 1, 1]
[2, 8, 2, 3, 1, 1]
[1, 8, 2, 4, 2, 1]
[24, 1]
