Puzzle number: 110702
width:  28
height:  8
solved_count:  2147
AVE_TIME:  '00:05:45'
ave_time_count:  283

top_values
[7]
[5, 1]
[7]
[]
[3, 1]
[2, 1, 1]
[2, 1]
[1, 1, 1, 1]
[1, 1, 1, 1]
[1, 1, 1, 2]
[1, 1, 2, 1, 2]
[1, 1, 2]
[1, 1, 2, 1, 1, 1]
[1, 1, 1, 1]
[1, 1, 1, 1, 2]
[1, 1, 1, 1, 1]
[1, 1, 1, 1]
[1]
[1]
[1]
[1]
[1]
[1]
[1]
[1]
[1]
[1]
[1]

left_values
[1, 1, 1, 1, 1, 1, 1]
[3, 1, 2, 1, 1, 1, 1, 1, 1, 1]
[3, 4, 1, 1, 1, 1, 1, 1, 11]
[3, 3, 1, 1, 1, 1, 1, 1]
[3, 1, 1, 1, 1, 1, 2, 1]
[3, 1, 1, 6, 1]
[1, 1, 1, 6, 1]
[3]
