Puzzle number: 110731
width:  40
height:  50
solved_count:  646
AVE_TIME:  '00:18:52'
ave_time_count:  125

top_values
[43, 6]
[23, 1, 2, 7, 3, 4]
[18, 3, 1, 2, 4, 1, 5, 4]
[18, 3, 2, 1, 2, 1, 12]
[17, 5, 1, 2, 1, 13]
[15, 3, 1, 2, 8, 4]
[14, 14, 4]
[13, 10, 8]
[12, 10, 11]
[11, 9, 16]
[10, 7, 19]
[8, 7, 24]
[7, 36]
[6, 37]
[5, 38]
[4, 40]
[3, 41]
[1, 14, 27]
[17, 26]
[19, 26]
[19, 3, 21]
[19, 3, 19]
[20, 2, 5, 12]
[20, 2, 5, 10]
[20, 3, 4, 9]
[6, 13, 2, 5, 7]
[5, 13, 2, 4, 6]
[4, 7, 7, 4, 5]
[11, 8, 8]
[8, 8, 7]
[6, 16, 7]
[1, 31]
[30]
[30, 1]
[5, 22, 2]
[2, 21, 3]
[22, 4]
[23, 5]
[23, 6]
[19, 7]

left_values
[18, 13, 2, 1]
[17, 12, 2, 2]
[17, 13, 2, 3]
[16, 13, 3, 3]
[15, 10, 7, 3]
[14, 9, 6, 4]
[13, 9, 2, 3, 4]
[12, 9, 3, 3, 4]
[11, 14, 9]
[11, 14, 9]
[10, 15, 9]
[9, 14, 10]
[8, 15, 10]
[7, 15, 10]
[6, 15, 10]
[5, 15, 10]
[5, 16, 10]
[4, 16, 10]
[2, 7, 22]
[3, 8, 18]
[4, 13, 14]
[5, 17, 12]
[2, 3, 31]
[1, 1, 3, 3, 8, 14]
[2, 7, 9, 11]
[1, 2, 4, 10, 9]
[1, 2, 4, 12, 7]
[3, 5, 13, 5]
[2, 1, 3, 15, 5]
[1, 1, 4, 17, 5]
[1, 1, 5, 23]
[5, 2, 12, 11]
[4, 2, 13, 8]
[3, 3, 15, 4]
[2, 3, 23]
[2, 1, 2, 22]
[3, 2, 21]
[2, 2, 20]
[1, 3, 19]
[1, 3, 19]
[1, 4, 18]
[5, 17]
[5, 17]
[4, 16, 1]
[1, 3, 14, 2]
[1, 2, 13, 3]
[18, 4]
[16, 5]
[14, 6]
[13, 7]
