Puzzle number: 111401
width:  21
height:  24
solved_count:  1101
AVE_TIME:  '00:19:02'
ave_time_count:  177

top_values
[1]
[4, 1, 3]
[1, 8, 4]
[3, 5, 1, 3, 2]
[1, 4, 5, 4, 1]
[1, 2, 1, 2, 3]
[1, 3, 2, 6]
[2, 2, 2, 8]
[1, 2, 3, 1, 4]
[6, 4, 3]
[2, 2, 1, 1, 1]
[2, 5, 1, 1, 2]
[1, 2, 3, 1, 5, 3]
[2, 14]
[2, 11]
[2, 3, 1, 1]
[2, 1, 1]
[1]
[2]
[1]
[1]

left_values
[4]
[1, 4]
[7]
[1, 2, 1]
[3, 3, 4]
[1, 4, 3]
[1, 2, 1, 1, 2]
[5, 7]
[3, 4, 3]
[3, 1, 1, 1]
[4, 14]
[1, 2, 1, 4]
[1, 1, 7]
[1, 1, 4, 3]
[3, 4, 4]
[3, 4]
[3, 4]
[4, 4]
[4, 3]
[3, 2]
[4, 3]
[3, 3]
[3, 3]
[2, 5]
