Puzzle number: 11159
width:  50
height:  50
solved_count:  2106
AVE_TIME:  '02:03:46'
ave_time_count:  1050

top_values
[4, 5, 5]
[6, 6, 1, 11]
[6, 2, 15, 1]
[6, 6, 17, 1]
[2, 7, 1, 8, 8, 1, 1]
[2, 6, 1, 1, 7, 7, 1, 1]
[1, 3, 1, 1, 5, 1, 5, 1, 1]
[1, 1, 1, 1, 5, 2, 2, 5, 1, 1]
[1, 1, 1, 1, 5, 5, 1, 1]
[1, 1, 1, 1, 4, 4, 1, 1]
[1, 1, 1, 1, 5, 1, 1, 5, 1]
[1, 1, 1, 1, 4, 2, 1, 2, 4, 1]
[1, 1, 1, 1, 4, 1, 1, 1, 4, 1]
[1, 1, 1, 1, 4, 2, 1, 2, 4, 1]
[1, 1, 1, 1, 4, 1, 1, 5, 1]
[1, 1, 1, 1, 4, 4, 1, 1]
[21, 5, 5, 1, 1]
[1, 1, 1, 1, 5, 2, 2, 5, 1, 1]
[1, 1, 1, 1, 5, 1, 5, 1, 1]
[1, 1, 1, 1, 7, 7, 1, 1]
[1, 3, 1, 1, 7, 8, 1, 1, 1]
[2, 3, 1, 2, 17, 1, 1, 1]
[3, 4, 1, 2, 15, 1, 1, 1]
[2, 5, 2, 11, 1, 1, 1]
[3, 4, 3, 5, 1, 1, 1]
[3, 4, 2, 1, 1, 1]
[4, 24, 1, 1, 1]
[3, 1, 1, 1, 1, 1, 1, 1]
[7, 1, 1, 1, 1, 1, 1, 1]
[1, 2, 9, 2, 2, 1, 1, 1]
[1, 1, 1, 2, 1, 1, 1, 1, 1, 1, 1]
[1, 1, 1, 1, 1, 1, 1, 1, 1, 1, 1]
[1, 1, 1, 2, 1, 1, 1, 1, 1, 1]
[1, 1, 3, 1, 1, 1, 1, 1, 1, 1]
[1, 1, 2, 1, 1, 1, 1, 1, 1]
[1, 1, 1, 2, 1, 3, 1, 1, 1]
[1, 1, 1, 2, 1, 7, 1, 1, 1]
[1, 1, 1, 2, 1, 3, 3, 1, 1]
[1, 1, 3, 1, 3, 3, 1, 1]
[1, 1, 2, 1, 2, 2, 1, 1]
[1, 1, 1, 1, 2, 2, 1]
[1, 1, 1, 1, 2, 1, 2, 1]
[17, 1, 1, 1, 1, 2, 2, 1]
[2, 15, 1, 1, 2, 1, 2, 2, 1, 1]
[1, 15, 1, 3, 1, 3, 3, 1, 1]
[1, 1, 1, 2, 3, 3, 1, 1]
[1, 1, 2, 1, 7, 1, 1]
[1, 1, 4, 1, 3, 1, 1]
[5, 3, 1, 1]
[1, 18]

left_values
[17]
[1, 1, 1, 1]
[1, 1, 13, 1]
[1, 1, 1, 1, 1, 1, 1]
[1, 1, 1, 1, 1, 1, 2]
[1, 1, 2, 1, 1, 1, 2]
[1, 1, 1, 1, 1, 1, 1]
[1, 1, 1, 1, 1, 1, 3]
[1, 1, 1, 1, 2, 1, 3]
[1, 1, 1, 1, 1, 1, 3]
[2, 1, 1, 1, 1, 3]
[1, 1, 1, 2, 1, 3]
[1, 1, 1, 1, 2, 3]
[1, 1, 1, 1, 1, 3]
[1, 1, 1, 2, 1, 3]
[1, 1, 9, 1, 3]
[1, 13, 1, 1, 3]
[1, 1, 1, 2, 1, 3]
[1, 1, 1, 1, 1, 3]
[1, 1, 1, 1, 17]
[1, 1, 8, 2, 1, 6]
[1, 1, 3, 3, 1, 1, 3, 1]
[1, 3, 5, 2, 1, 1, 2]
[1, 2, 11, 2, 1, 1, 1]
[3, 15, 2, 1, 2, 1]
[1, 17, 2, 23]
[1, 8, 7, 1, 1, 1]
[7, 7, 3, 18, 1]
[5, 3, 5, 2, 1, 2, 2, 3, 1]
[5, 2, 2, 5, 1, 1, 2, 2, 2, 1, 1]
[5, 5, 1, 4, 2, 2, 1, 1]
[4, 4, 1, 2, 2, 1, 1]
[5, 1, 1, 4, 1, 1, 2, 5, 1, 1]
[4, 1, 1, 1, 4, 1, 1, 2, 1, 1, 1]
[4, 1, 1, 1, 1, 4, 1, 9, 3, 1]
[4, 1, 1, 1, 4, 1, 1, 7, 2]
[5, 1, 1, 5, 1, 2, 3, 3, 3]
[4, 4, 3, 1, 3, 3, 2]
[5, 5, 1, 1, 2, 2, 1]
[5, 2, 2, 5, 1, 1, 2, 2, 1]
[5, 1, 1, 5, 3, 4, 2, 1, 2, 1]
[7, 7, 1, 1, 2, 2, 1]
[8, 8, 1, 1, 2, 2, 1]
[17, 3, 5, 3, 3, 2]
[15, 3, 3]
[11, 17, 7, 3]
[5, 3]
[8, 25, 5]
[]
[42]
