Puzzle number: 111673
width:  30
height:  30
solved_count:  1904
AVE_TIME:  '00:09:23'
ave_time_count:  161

top_values
[3]
[2]
[2]
[2]
[2]
[2]
[2, 5]
[18, 2, 2]
[22, 2]
[1, 1, 2, 2, 2]
[2, 2, 3, 1]
[2, 2, 3, 1]
[2, 2, 4]
[19, 2, 4]
[19, 2, 4]
[2, 3]
[2, 1, 2, 3]
[2, 2, 4]
[4, 2, 2, 2, 1]
[1, 1, 2, 2, 2]
[2, 2, 2, 2]
[2, 3, 2, 2]
[4, 2, 2, 2]
[3, 2, 2, 2]
[1, 2, 2, 2]
[1, 2, 2, 2]
[1, 2, 2, 1]
[7, 2, 1]
[2, 1, 2, 1]
[2, 2, 1]

left_values
[2, 2, 1, 6]
[2, 2, 1, 2, 2]
[2, 2, 1, 2, 2]
[2, 2, 4, 1]
[2, 2, 1, 1, 1, 1]
[2, 2, 2, 4]
[2, 2, 2, 1, 4]
[8, 1, 5]
[9, 3, 4]
[9, 2, 3]
[1, 2, 2, 3]
[2, 2, 3]
[2, 2]
[3, 2]
[2, 2]
[2, 2]
[2, 2]
[2, 2]
[1, 2]
[1]
[22]
[1, 22]
[2]
[2]
[1]
[9]
[19]
[20]
[1, 6]
[3, 2]
