Puzzle number: 111621
width:  50
height:  30
solved_count:  738
AVE_TIME:  '00:26:55'
ave_time_count:  108

top_values
[1, 1, 2]
[1, 1, 3, 1, 1]
[2, 3, 3]
[1, 1, 1, 2]
[2, 16]
[2, 2, 1]
[3, 2, 2]
[2, 1, 2, 1]
[1, 1, 1, 2, 1]
[2, 1, 1, 2, 6, 2]
[1, 1, 1, 1, 2, 1, 1, 1]
[1, 1, 1, 1, 2, 1, 1, 1]
[1, 1, 1, 1, 2, 6, 1]
[1, 1, 1, 1, 2, 1, 1, 1, 1]
[1, 1, 1, 1, 2, 1, 1, 1, 1]
[1, 1, 1, 1, 2, 6, 2]
[1, 1, 1, 1, 2, 1, 1, 1, 1]
[1, 1, 1, 1, 2, 1, 1, 1, 2]
[1, 1, 1, 1, 2, 6, 1]
[1, 1, 1, 1, 2, 1, 1, 1]
[1, 1, 1, 1, 2, 1, 1, 1]
[1, 1, 1, 1, 2, 6, 2]
[1, 1, 1, 1, 2, 1]
[1, 1, 1, 1, 2, 1]
[1, 1, 1, 1, 2, 1]
[3, 1, 1, 1, 2, 13]
[1, 1, 1, 1, 2, 1, 1, 1]
[1, 1, 1, 1, 2, 1, 1, 1]
[1, 1, 1, 1, 2, 1, 1, 1, 1]
[3, 1, 1, 1, 2, 1, 1, 1]
[1, 1, 1, 1, 2, 11, 1]
[1, 1, 1, 1, 2, 4]
[1, 1, 1, 1, 2, 2]
[2, 1, 1, 2, 4]
[1, 1, 1, 2, 5]
[2, 1, 2, 4]
[1, 1, 2, 3]
[2, 16]
[2, 2, 2, 10]
[3, 2, 2, 1, 1]
[1, 4, 2, 1, 5, 1]
[1, 1, 2, 2, 1, 1, 1, 1]
[1, 1, 2, 2, 1, 1, 1, 1]
[1, 1, 2, 2, 1, 5, 1]
[1, 1, 2, 2, 1, 1, 1, 2]
[1, 1, 2, 2, 1, 1, 5]
[1, 1, 2, 2, 1, 9]
[3, 2, 2, 1, 1, 5]
[2, 2, 2, 1, 1, 1, 3]
[4, 2, 1, 5, 1]

left_values
[1, 1]
[15, 3]
[1, 5, 1]
[1, 1]
[27]
[1, 1]
[31]
[2, 11]
[36, 2]
[2, 11]
[1, 1, 1]
[49]
[46]
[1, 1]
[1, 13]
[1, 13, 13]
[3, 1, 1, 1, 1, 1, 1, 1]
[3, 1, 1, 1, 1, 1, 6, 13]
[2, 1, 1, 7, 1, 1, 1, 2]
[2, 1, 1, 1, 1, 1, 1, 1, 1, 2, 10]
[1, 1, 13, 1, 1, 2, 1, 1, 1, 1]
[1, 1, 1, 2, 1, 1, 1, 1]
[1, 1, 1, 1, 2, 1, 1, 1, 1]
[4, 1, 1, 2, 2, 10]
[3, 7, 1, 1, 3, 2, 3]
[3, 1, 4, 3, 1, 1, 4, 2, 5]
[1, 3, 5, 1, 20]
[11, 3, 4]
[1, 1, 1]
[7]
