Puzzle number: 111753
width:  50
height:  15
solved_count:  2898
AVE_TIME:  '00:05:37'
ave_time_count:  461

top_values
[7]
[1, 1, 1, 3]
[1, 1, 1, 1, 1]
[1, 7, 1]
[7, 5]
[6]
[7]
[7]
[7]
[7]
[1, 4]
[3, 1]
[4, 1]
[4, 1]
[4, 1]
[4, 1]
[5, 1]
[5, 1]
[5, 1]
[5, 1]
[5, 1]
[5, 1]
[5, 1]
[5, 1]
[5, 1]
[7, 1]
[1, 1, 1]
[3, 1, 1]
[4, 1, 1]
[4, 1, 1]
[3, 1, 1]
[1, 4]
[1, 1]
[1, 1]
[1, 1]
[1, 1]
[1, 1]
[1, 4]
[7]
[7]
[7]
[6]
[6]
[5]
[1, 1]
[1, 3]
[5]
[1, 2]
[1, 2]
[3]

left_values
[5]
[1, 1]
[1, 1]
[5]
[1, 2, 1]
[1, 2, 10, 2]
[5, 14, 4]
[1, 15, 4]
[1, 35]
[8, 15, 9]
[1, 7, 7, 7, 3]
[1, 7, 1, 7, 2, 1]
[2, 7, 1, 7, 5]
[47]
[5, 5]
