Puzzle number: 11176
width:  41
height:  50
solved_count:  304
AVE_TIME:  '00:18:57'
ave_time_count:  183

top_values
[3, 3, 5, 3, 3, 1]
[3, 2, 6, 4, 4, 1]
[1, 2, 2, 1, 2, 4, 4, 1]
[3, 2, 1, 3, 4, 1]
[2, 4, 2, 4, 3, 1]
[2, 6, 3, 1, 2, 3, 2]
[3, 7, 3, 5, 2]
[7, 2, 3, 4, 2]
[6, 6, 3, 1]
[5, 5, 1, 2, 1]
[4, 4, 7, 1]
[3, 5, 6, 2]
[4, 9, 1, 4, 2]
[10, 4, 1, 4, 2, 3]
[7, 7, 7, 3]
[4, 7, 6, 3]
[3, 11, 4]
[7, 7, 4, 7]
[13, 1, 6]
[10, 5]
[2, 4]
[3]
[3]
[2]
[2, 1]
[2]
[3]
[2]
[3]
[1, 3]
[3]
[3]
[3]
[2]
[2]
[1]
[]
[]
[]
[]
[]

left_values
[]
[]
[]
[]
[]
[]
[]
[]
[]
[]
[]
[4]
[1, 11]
[16]
[4, 11]
[2, 5, 6]
[4, 6]
[4, 3, 3]
[1, 3, 3, 3]
[7, 3, 3]
[9, 3, 3]
[9, 2]
[1, 5, 3]
[13, 3]
[2, 10, 3]
[3, 5, 3, 3]
[3, 2, 3]
[2, 6]
[5]
[1, 4]
[6, 5]
[5, 3]
[5, 2]
[2, 3]
[1, 2]
[7]
[5]
[1, 4]
[3, 2]
[3, 2]
[2, 3, 6]
[4, 4, 5, 4]
[4, 7, 6]
[12, 8]
[4, 10]
[2, 4, 1, 4, 1]
[4, 5]
[5, 5]
[3, 6, 6]
[15, 5]
