Puzzle number: 112020
width:  50
height:  50
solved_count:  236
AVE_TIME:  '00:24:47'
ave_time_count:  100

top_values
[]
[1]
[3]
[5]
[7]
[8]
[10]
[11]
[13]
[7, 5]
[8, 5]
[9, 5]
[8, 5]
[8, 6]
[9, 6]
[12, 6]
[16, 5]
[6, 7, 5]
[6, 6, 5]
[11, 4, 5]
[14, 8]
[7, 8, 6]
[7, 7, 6]
[7, 5, 6]
[7, 5, 6]
[12, 3, 5]
[16, 1, 5]
[6, 9, 5]
[5, 7, 5]
[7, 5, 4]
[3, 4, 3, 4]
[3, 4, 1, 4]
[4, 4, 2]
[4, 4, 3]
[5, 4, 14, 1]
[8, 29]
[4, 4, 26]
[4, 4, 15]
[3, 4]
[4, 4]
[4, 3]
[6, 3]
[6, 3]
[7, 3, 4]
[2, 2, 3, 6]
[4, 3, 11]
[18, 4, 4]
[11, 4, 5]
[3, 4, 6]
[3, 4, 2, 6]

left_values
[5]
[6]
[4, 2]
[5, 2]
[7, 1]
[11]
[5, 4]
[6, 3]
[8, 2]
[9, 2]
[10, 2]
[4, 3, 2]
[6, 3, 2]
[6, 3, 2, 1]
[3, 2, 3, 4]
[3, 2, 3, 4]
[4, 2, 2, 3]
[4, 3, 3, 2]
[5, 3, 3, 1]
[6, 3, 3]
[8, 2, 3]
[9, 2, 2]
[5, 3, 3, 3, 1]
[5, 4, 2, 2, 3]
[6, 3, 2, 6]
[6, 3, 3, 5]
[5, 2, 3, 5]
[6, 3, 3, 4]
[8, 3, 3, 3, 1]
[4, 3, 3, 3, 3, 1]
[4, 4, 2, 3, 5]
[5, 4, 3, 3, 5]
[6, 3, 4, 5]
[6, 3, 4, 4]
[8, 3, 4, 3]
[8, 3, 4, 2]
[9, 3, 4, 2]
[6, 4, 2, 4, 1]
[5, 4, 3, 4]
[5, 3, 2, 5]
[6, 4, 3, 4]
[5, 2, 4]
[5, 3, 3]
[5, 2, 3]
[5, 3, 5, 3]
[26, 3]
[29, 2]
[30, 2]
[31, 1]
[32, 2]
