Puzzle number: 112146
width:  45
height:  45
solved_count:  1074
AVE_TIME:  '00:08:46'
ave_time_count:  115

top_values
[7, 1, 35]
[9, 34]
[9, 34]
[8, 15, 5, 1, 6]
[9, 12, 7]
[9, 10, 1, 17]
[1, 21, 16]
[2, 6, 6, 1, 2, 16]
[2, 2, 1, 4, 15]
[16, 2, 2, 14]
[4, 1, 1, 1, 12]
[2, 3, 2, 15]
[2, 3, 19]
[4, 3, 2, 9]
[2, 7]
[2, 5]
[3, 3]
[2, 1, 1]
[2]
[2]
[2]
[2]
[2]
[2]
[2]
[1]
[]
[]
[]
[]
[]
[]
[]
[]
[]
[]
[]
[]
[]
[]
[]
[]
[]
[]
[]

left_values
[3, 2]
[3, 2]
[4, 2]
[5, 1]
[6, 2]
[7, 2]
[7, 2]
[7, 2]
[8, 1]
[5, 1]
[1, 4, 1]
[10]
[4, 5]
[5, 1, 1]
[7, 1]
[8, 1]
[10]
[8, 3]
[8, 2]
[9, 2]
[9, 2, 1]
[7, 1, 1, 1]
[9, 3]
[7, 1]
[5, 1, 1, 2]
[4, 3, 3, 1]
[3, 1, 1, 3]
[5, 1]
[6, 1, 1]
[8, 2, 1]
[9, 3]
[13]
[3, 10]
[3, 10]
[3, 8, 2]
[4, 8, 2]
[3, 9, 2]
[3, 9, 3]
[3, 10, 2]
[4, 10, 2]
[4, 11, 2]
[4, 5, 5, 2]
[4, 5, 7, 2]
[4, 5, 6, 2]
[4, 5, 7, 2]
