Puzzle number: 112128
width:  12
height:  27
solved_count:  1328
AVE_TIME:  '00:13:02'
ave_time_count:  121

top_values
[1, 2, 1]
[1, 1, 1, 1, 1]
[1, 1, 1, 1, 1, 1]
[1, 1, 1, 1, 1, 1, 3, 1, 1, 1]
[1, 1, 1, 1, 1, 1, 1, 1, 1, 1]
[1, 1, 1, 1, 1, 1, 1, 2, 1, 1, 2, 1]
[1, 2, 1, 1, 1, 1, 1, 1, 1, 1, 1, 4, 1, 1, 1]
[1, 1, 1, 1, 1, 1, 1, 1, 1, 1, 1, 1, 3]
[1, 1, 1, 1, 1, 1, 1, 1, 1, 1]
[1, 2, 1, 1, 1, 1, 1]
[1, 1, 1, 1, 1]
[1, 3, 1]

left_values
[3, 3]
[1, 1, 1, 1, 1, 1, 1, 1]
[1, 1, 1, 1, 1, 1, 2, 1]
[1, 1, 1, 1, 1, 1, 1, 1, 1, 1]
[1, 1, 1, 1, 1, 1, 1, 1]
[1, 1, 1, 1, 1, 1, 1, 1, 1, 1]
[1, 1, 1, 1, 1, 1, 1]
[1, 1, 1, 1, 1, 1, 1]
[1, 1, 1, 1, 1]
[1, 2, 1, 1, 1, 1]
[1, 1, 1, 1]
[1, 1, 1, 1]
[1]
[1, 1]
[1, 1, 1, 1]
[1]
[1]
[1]
[1, 1]
[1, 1, 1, 1]
[1]
[1]
[1, 1, 1]
[1, 1, 1, 1]
[1]
[1]
[1]
