Puzzle number: 112626
width:  35
height:  35
solved_count:  1039
AVE_TIME:  '00:13:23'
ave_time_count:  126

top_values
[4, 4, 3, 2, 3, 3, 3]
[6, 3, 2, 2]
[13, 16]
[9, 2, 21]
[8]
[9, 1, 4, 2]
[8, 3, 2, 2, 3, 4, 2]
[6, 4, 2, 3, 5, 4, 2]
[5, 4, 3, 5, 4, 5, 2]
[4, 6, 3, 5, 4, 5, 2]
[2, 6, 4, 5, 4, 5, 1]
[5, 4, 5, 4, 6]
[5, 5, 6, 4, 5]
[5, 5, 6, 4, 6]
[6, 5, 6, 4, 6]
[6, 5, 1, 4, 5, 5]
[5, 6, 4, 5, 5]
[5, 6, 6, 4, 5]
[4, 6, 6, 5, 4]
[3, 6, 6, 5, 4]
[3, 6, 6, 5, 4]
[2, 7, 5, 5, 4]
[1, 6, 5, 5, 3]
[1, 6, 5, 5, 3]
[6, 5, 5, 3]
[6, 5, 4, 3]
[6, 4, 5, 2]
[6, 4, 4, 2]
[6, 4, 4, 2]
[5, 4, 4, 1]
[5, 3, 4, 1]
[5, 3, 4, 1]
[4, 2, 4]
[4, 2, 3]
[3, 1, 2]

left_values
[4, 6, 9]
[4, 6, 8]
[4, 5, 8]
[4, 5, 7]
[3, 4, 8]
[3, 3, 7]
[1, 2, 2, 6]
[1, 2, 2, 5]
[4, 1, 5]
[3, 5]
[3, 4]
[2, 2, 10]
[1, 1, 18]
[1, 1, 23]
[2, 2, 26]
[2, 2, 23]
[2, 2, 18]
[2, 2, 9, 14]
[2, 2, 9, 4, 9]
[3, 20, 2]
[1, 2, 24]
[1, 2, 1, 24]
[1, 2, 4, 23]
[2, 7, 13]
[1, 2, 11]
[1, 2, 15]
[1, 2, 2, 15]
[2, 5, 15]
[2, 7, 15]
[2, 10, 15]
[1, 2, 11, 12]
[1, 2, 14, 9]
[1, 2, 16, 5]
[2, 5, 18]
[2, 6, 19]
