Puzzle number: 112684
width:  50
height:  50
solved_count:  321
AVE_TIME:  '01:15:01'
ave_time_count:  101

top_values
[3, 14, 6, 6]
[3, 7, 10, 6]
[3, 25, 4]
[16]
[19]
[18]
[16]
[15]
[5, 10]
[10, 5, 7, 2]
[4, 3, 2, 7, 3]
[2, 4, 3, 8, 5, 3]
[2, 4, 2, 7, 3, 4]
[4, 3, 2, 2, 6, 2, 1]
[2, 4, 2, 2, 5, 4]
[2, 3, 4, 5, 8]
[1, 4, 2, 6, 4, 4]
[2, 18, 7, 3, 3]
[2, 15, 7]
[2, 5, 2, 1, 1, 4, 3, 3]
[2, 5, 16, 4, 2]
[2, 12, 1, 10, 2]
[2, 9, 6]
[2, 5, 3, 1, 1, 11, 4]
[2, 5, 2, 4, 3]
[3, 2, 5, 3, 5, 10]
[6, 4, 1, 2, 2]
[3, 2, 4, 22]
[6, 3, 21]
[1, 8, 6, 15, 2]
[2, 5, 3, 3, 7, 4, 2, 1]
[2, 2, 3, 3, 2, 7, 2, 4, 3]
[4, 9, 2, 6, 6, 3, 3, 1]
[5, 5, 3, 4, 2, 2]
[5, 7, 4, 2, 3, 3, 4, 3, 1]
[4, 1, 6, 8, 3, 1, 7]
[4, 7, 4, 2, 9, 9]
[2, 10, 4, 21]
[5, 2, 28]
[40]
[38]
[2, 28]
[3, 24]
[9, 22]
[11, 4, 5]
[1, 2, 14, 1]
[4, 2, 5, 7]
[18, 1, 10, 5]
[1, 4, 11, 2]
[2, 15, 3, 6]

left_values
[1, 1, 4, 1, 2, 2, 1, 2]
[1, 1, 3, 2, 1, 5, 1, 1]
[3, 1, 2, 2, 4, 2, 1]
[1, 1, 2, 1, 1, 3, 1, 2]
[2, 2, 2, 1, 1, 3, 1, 1]
[1, 2, 1, 2, 2, 1, 1, 3, 1, 1]
[1, 2, 1, 2, 1, 1, 2, 2, 1, 1]
[1, 1, 2, 2, 1, 2, 1, 3, 1, 1]
[1, 1, 1, 3, 1, 1, 3, 2, 1]
[1, 2, 1, 1, 2, 1, 1, 1, 1, 2, 1]
[1, 1, 1, 2, 1, 2, 1, 1, 3, 2, 2, 1]
[1, 1, 1, 1, 1, 1, 3, 1, 1, 4, 1, 2]
[1, 1, 2, 1, 1, 1, 2, 1, 1, 5, 1, 2]
[1, 1, 1, 1, 2, 1, 2, 2, 4, 2, 1, 1]
[1, 1, 1, 1, 3, 1, 4, 4, 2, 1, 1]
[2, 1, 1, 2, 4, 2, 2, 8, 1, 1]
[2, 1, 1, 1, 4, 1, 1, 7, 1, 1]
[3, 1, 2, 1, 5, 1, 1, 1, 1, 1, 2, 1, 1]
[2, 3, 1, 4, 2, 1, 1, 2, 2, 1, 2, 2, 1]
[2, 1, 1, 1, 6, 2, 1, 1, 1, 1, 2, 5]
[2, 1, 4, 5, 1, 2, 3, 1, 2, 2, 2, 1]
[2, 1, 1, 2, 2, 2, 1, 1, 1, 3, 1, 2, 1]
[1, 2, 2, 8, 1, 1, 3, 1, 1, 4, 3]
[1, 1, 2, 4, 4, 2, 1, 1, 1, 2, 4, 2, 2]
[1, 1, 10, 1, 2, 1, 1, 5, 1, 2]
[1, 1, 1, 5, 6, 3, 2, 1, 5, 1, 2]
[1, 1, 2, 10, 3, 1, 9, 1, 1]
[1, 1, 2, 8, 3, 1, 9, 1, 1]
[1, 1, 1, 5, 2, 2, 1, 6, 1, 2]
[1, 1, 1, 2, 3, 6, 1, 7, 1, 2]
[4, 2, 3, 2, 6, 10, 1, 2]
[4, 2, 10, 1, 8, 1, 2]
[5, 2, 1, 2, 5, 11, 1, 2]
[5, 3, 1, 1, 1, 7, 9, 1, 3]
[6, 4, 1, 1, 1, 19, 1, 3]
[7, 1, 2, 1, 2, 1, 5, 1, 1, 8, 1, 3]
[7, 1, 2, 1, 1, 1, 3, 3, 10, 3]
[8, 2, 1, 1, 1, 1, 1, 1, 3, 3, 9, 3]
[8, 2, 2, 1, 1, 1, 1, 1, 7, 9, 3]
[11, 2, 4, 1, 1, 1, 4, 3, 8, 2, 1]
[8, 1, 1, 1, 1, 1, 1, 1, 4, 1, 1, 7, 2, 1]
[1, 11, 1, 1, 1, 1, 1, 1, 4, 1, 1, 8, 4]
[1, 8, 1, 5, 1, 1, 1, 3, 2, 1, 8, 3]
[1, 8, 2, 1, 2, 1, 1, 1, 3, 1, 1, 9, 1]
[2, 7, 1, 3, 2, 3, 1, 2, 13, 1, 1]
[2, 7, 1, 2, 2, 1, 1, 2, 3, 11, 1, 1]
[3, 5, 2, 3, 1, 4, 1, 1, 1, 11, 1, 1]
[2, 4, 1, 4, 2, 3, 1, 1, 1, 1, 10, 1, 1]
[2, 4, 1, 1, 3, 5, 2, 1, 1, 1, 10, 1, 1]
[2, 4, 1, 2, 3, 3, 1, 3, 12, 1, 1]
