Puzzle number: 112873
width:  50
height:  50
solved_count:  1013
AVE_TIME:  '00:14:42'
ave_time_count:  127

top_values
[]
[]
[]
[]
[]
[]
[]
[]
[8]
[20]
[30]
[34]
[37]
[39]
[21, 19]
[22, 20]
[23, 20]
[23, 2, 17]
[25, 1, 17]
[25, 1, 17]
[25, 16]
[22, 1, 16]
[21, 1, 16]
[20, 1, 15]
[20, 1, 15]
[20, 15]
[20, 15]
[19, 15]
[19, 15]
[18, 15]
[18, 15]
[17, 15]
[16, 16]
[14, 16]
[12, 15]
[8, 5, 2]
[6, 1]
[5, 1]
[5]
[4]
[4]
[3]
[3]
[2, 3]
[1, 6]
[1, 5]
[1, 2, 5]
[1, 1, 4, 4]
[2, 3, 7, 1]
[9, 12]

left_values
[29]
[24, 2]
[24, 1]
[23, 1]
[21, 1]
[20, 3]
[20, 2]
[21, 2]
[20, 1]
[21]
[21]
[22]
[21]
[22, 1]
[21, 1]
[21, 2]
[21, 3]
[20, 4]
[18, 4]
[17, 3]
[13, 2]
[12, 2, 2]
[11, 1, 1]
[13, 1]
[12, 1]
[12]
[11]
[10]
[8]
[7]
[6, 3]
[12]
[9]
[12, 1]
[15, 2, 4]
[27, 6]
[27, 5]
[26, 5]
[26, 2]
[26, 1]
[27]
[27]
[27]
[26]
[26]
[25]
[25]
[25]
[26]
[27]
