Puzzle number: 112915
width:  50
height:  50
solved_count:  347
AVE_TIME:  '00:51:14'
ave_time_count:  102

top_values
[8, 10, 4, 4, 1]
[10, 6, 5, 4, 7]
[1, 15, 5, 3, 8, 1]
[16, 9, 13]
[17, 9, 13]
[17, 5, 3, 3, 5, 2]
[18, 4, 4, 4, 5]
[17, 2, 6, 5, 4]
[4, 8, 3, 3, 5, 6, 3]
[11, 3, 4, 4, 8, 1]
[8, 2, 4, 5, 3, 9]
[9, 2, 6, 3, 14, 1]
[10, 9, 9, 9]
[1, 11, 10, 9, 8]
[14, 10, 9, 7, 1]
[3, 10, 11, 8, 8]
[4, 7, 17, 3, 4, 2]
[6, 5, 7, 4, 4, 3, 6]
[12, 12, 8, 7]
[10, 13, 9, 4, 2, 1]
[8, 7, 4, 3, 4, 4, 2, 2]
[7, 6, 6, 8, 6, 3, 2]
[4, 7, 6, 5, 3, 7, 4]
[9, 7, 3, 5, 7, 3]
[13, 7, 3, 4, 5, 2, 2]
[13, 7, 3, 3, 11]
[9, 3, 8, 5, 3, 12]
[7, 1, 2, 8, 9, 10]
[7, 1, 7, 19, 1]
[6, 8, 9, 10]
[3, 2, 9, 10, 7, 2]
[1, 2, 4, 15, 9, 1, 1]
[1, 7, 10, 10, 2]
[11, 9, 4, 3, 2]
[11, 5, 4, 6, 3]
[10, 6, 3, 4, 2, 3]
[9, 11, 5, 2, 2]
[12, 4, 6, 6, 3]
[9, 5, 5, 8, 2]
[9, 6, 5, 10, 2]
[11, 1, 7, 4, 9, 2]
[10, 9, 5, 10, 1, 2]
[9, 10, 5, 11, 2, 1]
[7, 10, 6, 4, 4, 2, 2]
[6, 11, 5, 5, 1, 2, 3]
[5, 11, 1, 6, 8, 2, 4]
[12, 4, 6, 10, 1, 4]
[2, 8, 1, 1, 6, 9, 6]
[1, 10, 3, 7, 5, 1, 4, 1]
[11, 12, 11, 3, 1]

left_values
[8, 8, 9]
[10, 7, 8, 1]
[9, 8, 1, 7, 2]
[1, 7, 6, 2, 1, 7, 2]
[3, 5, 7, 13]
[3, 5, 8, 8, 4]
[5, 4, 6, 10, 5]
[1, 10, 5, 9, 5]
[2, 1, 1, 9, 7, 10, 6]
[1, 6, 10, 5, 9, 7]
[19, 8, 8, 7]
[8, 10, 8, 1, 7, 8]
[8, 8, 8, 2, 13]
[8, 7, 6, 9, 6]
[15, 6, 1, 8, 10]
[13, 6, 5, 4, 8, 2]
[11, 8, 10, 12]
[10, 9, 11, 8, 1]
[18, 12, 10, 1]
[11, 8, 12, 8, 2]
[10, 9, 11, 9, 5]
[9, 6, 11, 6, 7]
[8, 17, 8, 9]
[25, 22]
[22, 24]
[1, 14, 12, 14]
[2, 1, 25]
[40, 1]
[23, 11, 9]
[6, 12, 3, 8, 12]
[7, 2, 10, 10, 14]
[1, 4, 2, 6, 13, 16]
[2, 2, 4, 18, 12, 6]
[25, 15, 3, 1]
[20, 18, 3, 1]
[14, 14, 7, 2, 1]
[1, 16, 2, 7, 2, 1]
[34, 2, 5, 1, 1]
[34, 1, 1, 1, 1]
[34, 1, 1]
[5, 13, 3, 5, 2]
[4, 9, 2, 9, 1]
[6, 9, 2, 4, 3, 3]
[6, 8, 3, 4, 7]
[5, 5, 1, 3, 2, 6, 3]
[5, 1, 1, 1, 6, 6, 3]
[6, 1, 3, 5, 3]
[2, 4, 3, 4, 4]
[3, 2, 2, 4, 4]
[4, 2, 4, 4, 2]
