Puzzle number: 112900
width:  50
height:  50
solved_count:  541
AVE_TIME:  '00:16:33'
ave_time_count:  106

top_values
[16]
[22]
[5, 19]
[4, 20]
[3, 23]
[2, 24]
[2, 8, 6, 9]
[1, 3, 4, 7, 7, 1]
[3, 4, 11, 5, 1]
[2, 3, 13, 6, 1]
[2, 4, 22, 1]
[2, 4, 27]
[2, 4, 5, 14]
[4, 4, 5, 6]
[4, 3, 4, 3]
[6, 4, 4, 2]
[7, 4, 4, 2]
[8, 8, 2]
[9, 8, 2]
[9, 7, 1]
[4, 5, 6, 1]
[4, 4, 6]
[5, 5, 5]
[4, 5, 5]
[4, 5, 4]
[4, 5, 4]
[4, 5, 3]
[5, 4, 3]
[4, 4, 3]
[4, 15]
[4, 16]
[3, 16]
[4, 18]
[13, 11]
[8, 4, 10]
[7, 5, 8]
[7, 21]
[7, 18]
[6, 17]
[6]
[6]
[6]
[6]
[11]
[13]
[13]
[15]
[7, 7]
[6, 7]
[7, 7]

left_values
[]
[]
[]
[]
[7]
[7]
[5]
[4]
[3]
[2]
[3]
[9, 10]
[25]
[28]
[7, 17]
[8, 5, 9]
[9, 6, 9]
[11, 9, 8]
[13, 10, 7]
[6, 6, 11, 6]
[7, 6, 11, 7]
[8, 6, 20]
[9, 5, 18]
[11, 4, 16]
[13, 4, 18]
[15, 4, 5, 11]
[4, 15, 6, 10]
[4, 16, 6, 8]
[4, 16, 7, 7]
[4, 4, 9, 4, 3, 7]
[4, 4, 8, 4, 2, 7]
[3, 4, 7, 5, 2, 7]
[4, 3, 11, 3, 4, 1]
[4, 3, 9, 3, 5]
[3, 3, 7, 3, 5]
[2, 2, 5, 3, 6]
[3, 3, 4, 3, 5]
[7, 3, 3, 4]
[6, 3, 3, 4]
[5, 2, 3, 3]
[5, 6, 2]
[4, 6, 1]
[4, 5]
[3, 5]
[4, 4]
[3, 4]
[3, 4]
[4, 4]
[8, 3]
[14, 3]
