Puzzle number: 113084
width:  50
height:  50
solved_count:  501
AVE_TIME:  '00:29:49'
ave_time_count:  102

top_values
[17, 6, 3, 4]
[18, 6, 3, 3]
[9, 9, 6, 3, 2]
[8, 2, 4, 5, 4, 3]
[8, 3, 4, 7, 4, 2]
[8, 4, 16, 3, 3]
[8, 3, 16, 2, 3]
[7, 3, 17]
[7, 2, 16]
[6, 2, 16]
[5, 3, 11]
[6, 10]
[7, 6]
[10, 3]
[10, 2]
[12, 3, 3]
[13, 3, 3]
[14, 4, 2]
[7, 8, 11]
[7, 8, 12]
[7, 3, 4, 13]
[7, 2, 3, 11]
[8, 3, 7, 10, 2]
[10, 2, 9, 2]
[4, 6, 10, 2]
[3, 6, 9, 1, 4]
[3, 6, 9, 2, 4]
[6, 6, 8, 7]
[8, 13, 6]
[9, 10, 6]
[12, 6, 5]
[15, 2, 5]
[14, 5]
[15, 5]
[16, 5]
[23, 6]
[24, 7]
[26, 7]
[30, 3, 6]
[38, 6]
[45]
[4, 37]
[2, 39]
[2, 43]
[46]
[8, 36]
[5, 31]
[2, 4, 3, 19]
[2, 4, 5, 18]
[3, 4, 6, 17]

left_values
[32, 15]
[32, 15]
[32, 7, 3, 1]
[25, 6, 7, 4]
[24, 6, 6, 4]
[10, 14, 14, 3]
[9, 13, 13, 3]
[7, 1, 5, 3, 13, 4]
[3, 2, 6, 3, 16]
[2, 3, 7, 3, 15]
[2, 4, 5, 3, 15, 1]
[2, 4, 6, 2, 15, 1]
[8, 6, 2, 15, 1]
[6, 6, 3, 15, 2]
[3, 2, 1, 2, 15, 2]
[3, 2, 2, 2, 14, 2]
[3, 2, 1, 1, 14, 2]
[2, 1, 2, 14, 1]
[2, 2, 3, 14]
[3, 2, 2, 14]
[3, 2, 2, 13]
[2, 1, 3, 12]
[3, 1, 4, 12]
[2, 1, 6, 11]
[3, 1, 6, 10, 1]
[1, 3, 1, 7, 13]
[2, 3, 1, 7, 12]
[2, 3, 6, 12]
[3, 3, 6, 9, 2]
[3, 4, 6, 9, 2]
[9, 6, 9]
[9, 5, 9]
[8, 5, 11]
[8, 5, 12]
[7, 5, 12]
[2, 6, 4, 11]
[2, 6, 5, 11]
[3, 5, 5, 11]
[2, 3, 5, 10]
[3, 4, 5, 10]
[3, 5, 4, 3, 14]
[1, 4, 4, 5, 4, 15]
[2, 3, 4, 7, 5, 16]
[2, 4, 6, 25]
[3, 5, 6, 25]
[2, 4, 3, 18, 8]
[2, 4, 1, 2, 16, 5]
[4, 4, 5, 2, 5]
[2, 8, 3]
[2, 5, 1, 2]
