Puzzle number: 113030
width:  50
height:  40
solved_count:  319
AVE_TIME:  '00:44:01'
ave_time_count:  102

top_values
[]
[]
[]
[]
[1]
[2]
[3]
[4, 4]
[25]
[15, 5]
[8, 3]
[3]
[4]
[7]
[8]
[4, 8]
[5, 10]
[13, 10]
[14, 11]
[15, 11]
[15, 14]
[15, 16]
[27, 5]
[5, 16, 6]
[3, 2, 14, 7]
[4, 3, 26]
[9, 8, 15]
[12, 3, 3, 2, 2, 8]
[6, 5, 1, 2, 8]
[9, 5, 2, 2, 7]
[2, 6, 1, 8, 1, 5]
[3, 4, 3, 1, 2, 3]
[1, 1, 5, 3, 1, 1, 3, 3]
[2, 1, 1, 1, 2, 1, 2, 2, 7]
[1, 1, 1, 1, 2, 1, 6, 3]
[1, 2, 8, 2]
[2, 9, 2]
[2, 2, 10, 2]
[2, 1, 1, 10, 3, 1]
[2, 1, 1, 1, 17, 2]
[3, 6, 1, 8, 5, 3]
[12, 7, 5, 4]
[13, 7, 4, 3]
[15, 5, 4, 5]
[16, 5, 3, 4]
[23, 2, 5]
[23, 3, 6]
[23, 1, 6]
[15, 8]
[3, 12, 7]

left_values
[6, 7, 2, 1, 11, 1]
[5, 7, 3, 1, 1, 11, 1]
[5, 11, 1, 2, 8, 1]
[4, 9, 3, 1, 1, 7]
[3, 9, 2, 1, 1, 8]
[3, 15, 2, 8]
[3, 6, 9, 8]
[3, 6, 6, 9]
[3, 6, 9, 9]
[3, 7, 7, 10]
[2, 7, 9, 8]
[2, 7, 3, 2, 1, 10]
[2, 9, 1, 1, 2, 8]
[2, 8, 1, 1, 7]
[2, 14, 7]
[1, 16, 6]
[1, 19, 5]
[2, 6, 2, 4, 5]
[2, 6, 2, 12]
[2, 8, 1, 11]
[2, 8, 1, 17]
[1, 8, 2, 15]
[2, 8, 1, 18]
[2, 13, 10, 1]
[2, 14, 6]
[2, 10, 3, 9, 1]
[14, 2, 7, 9]
[13, 5, 13, 2]
[12, 7, 9, 3]
[10, 2, 2, 7, 4]
[16, 2, 3, 5]
[17, 2, 3, 7]
[15, 1, 3, 7]
[9, 2, 3, 8]
[15, 7]
[13, 4]
[10, 3]
[4, 2]
[]
[]
