Puzzle number: 113133
width:  50
height:  50
solved_count:  152
AVE_TIME:  '01:09:58'
ave_time_count:  100

top_values
[3, 3, 11, 1, 2, 6]
[3, 1, 4, 1, 4, 5, 10]
[1, 2, 3, 1, 8, 3, 9]
[15, 2, 9]
[1, 7, 2, 3, 1, 2, 2, 8]
[2, 3, 1, 3, 3, 1, 8]
[1, 6, 1, 10, 8]
[1, 2, 1, 2, 1, 3, 3, 5]
[5, 3, 5, 2, 3, 4]
[5, 3, 1, 3, 1, 1, 6]
[9, 3, 5, 4, 7]
[8, 2, 4, 1, 7]
[11, 1, 3, 2, 7]
[9, 1, 1, 1, 1, 8]
[5, 2, 2, 3, 1, 1, 9]
[5, 13, 1, 1, 8]
[6, 8, 3, 8]
[5, 5, 17]
[3, 7, 13]
[1, 1, 3, 5, 1, 6, 4]
[1, 1, 3, 1, 2, 3, 13]
[1, 2, 3, 1, 1, 2, 6]
[1, 1, 2, 4, 1, 17]
[1, 3, 4, 5, 3, 1, 6]
[1, 18, 2, 8]
[2, 8, 3, 17]
[3, 14, 9, 7]
[9, 6, 3, 2, 2, 7]
[1, 8, 2, 3, 2, 11]
[1, 8, 4, 4, 1, 5]
[8, 4, 5, 5]
[1, 2, 3, 8, 2, 2, 4]
[8, 10, 2, 2, 5]
[3, 4, 8, 5, 9]
[3, 3, 3, 14]
[2, 1, 2, 15]
[1, 2, 2, 16]
[2, 35]
[2, 36]
[3, 3, 4, 16]
[2, 3, 5, 16]
[1, 9, 15, 4, 7]
[2, 8, 19, 6]
[3, 6, 21, 5]
[7, 10, 4, 4]
[4, 8, 10, 5]
[3, 8, 10, 6]
[2, 6, 3, 1, 4, 2, 7]
[2, 6, 3, 1, 3, 1, 3, 7]
[1, 3, 4, 2, 1, 2, 2, 2, 8]

left_values
[1, 7, 11, 2, 2, 2]
[1, 1, 3, 3, 4, 1, 2]
[2, 1, 5, 2, 3, 2, 2]
[1, 1, 6, 2, 3, 2, 2]
[3, 1, 8, 2, 1, 3, 3]
[1, 1, 5, 6, 10]
[1, 3, 8, 1, 6, 8]
[17, 1, 4, 1, 5, 1]
[7, 9, 2, 4, 4]
[1, 1, 1, 3, 2, 1, 1, 1, 3, 1, 3, 3]
[4, 2, 1, 1, 2, 2, 2, 3, 3, 1, 3, 4]
[1, 3, 2, 4, 2, 7, 3, 2, 4, 6]
[1, 3, 2, 4, 2, 7, 3, 2, 4, 6]
[2, 1, 1, 2, 2, 5, 2, 1, 3, 6]
[1, 3, 2, 1, 4, 6, 1, 4, 6]
[2, 4, 1, 1, 6, 9, 3, 4, 1]
[7, 1, 4, 4, 4, 2, 5, 1]
[4, 2, 1, 4, 1, 6, 4, 2, 5, 1]
[4, 1, 3, 7, 3, 1, 5, 2, 4, 1]
[1, 6, 4, 5, 2, 3, 2, 8, 1]
[1, 2, 3, 4, 5, 2, 3, 2, 8, 1]
[3, 7, 7, 5, 3, 9, 3]
[3, 1, 1, 1, 8, 3, 14, 1, 1]
[2, 1, 2, 4, 3, 1, 2, 2, 2, 2, 2, 4, 3]
[1, 3, 1, 2, 2, 2, 2, 2, 2, 2, 3, 2, 1]
[2, 2, 1, 1, 1, 1, 2, 5, 2, 3, 4]
[1, 1, 1, 3, 1, 1, 1, 1, 6, 2, 3, 2, 2]
[5, 2, 1, 1, 2, 1, 2, 3, 5]
[1, 2, 1, 1, 1, 6, 1, 2, 3, 3]
[3, 4, 1, 3, 2, 3, 5]
[4, 3, 6, 2, 2, 7, 1]
[7, 5, 1, 2, 1, 2, 6, 1]
[7, 5, 1, 2, 1, 2, 5, 1]
[11, 8, 2, 15, 3]
[12, 1, 6, 2, 13, 1, 1]
[18, 1, 1, 5, 9]
[18, 1, 1, 4, 8]
[6, 14, 2, 1, 8]
[4, 14, 2, 1, 8]
[19, 8]
[20, 9]
[7, 20]
[4, 29]
[28]
[27]
[3, 17]
[10, 5]
[8, 4]
[6, 3]
[1]
