Puzzle number: 113220
width:  35
height:  35
solved_count:  2154
AVE_TIME:  '00:07:20'
ave_time_count:  116

top_values
[4]
[5, 1]
[14]
[9]
[3]
[6]
[8]
[8]
[7]
[4, 3]
[1, 5]
[9]
[6]
[2, 5]
[8]
[9]
[8]
[1, 3, 1]
[4]
[6]
[5]
[3]
[3]
[5]
[2, 2]
[4]
[4]
[1, 3]
[3, 2]
[5]
[4]
[3, 1]
[5]
[2]
[3]

left_values
[2, 3, 2, 2, 2, 1, 2, 2]
[2, 2, 3, 2, 2, 2, 2, 2]
[3, 2, 2, 3, 2, 1, 2, 2]
[3, 3, 2, 4, 2, 1, 2, 2, 1, 1]
[3, 2, 2, 4, 2, 2, 2, 2, 3]
[2, 3, 2, 3, 1, 2, 2, 2, 2]
[2, 3, 1, 4, 2, 3, 3, 2]
[2, 2, 2, 4, 2, 2, 2]
[2, 3, 2, 3, 2]
[2, 3, 3, 3, 2]
[2, 3, 2, 2]
[1, 1, 3, 2]
[1, 1, 3]
[1, 1, 2]
[2]
[]
[]
[]
[]
[]
[]
[]
[]
[]
[]
[]
[]
[]
[]
[]
[]
[]
[]
[]
[]
