Puzzle number: 113315
width:  25
height:  20
solved_count:  3071
AVE_TIME:  '00:06:40'
ave_time_count:  476

top_values
[5, 1]
[3, 1, 1, 1]
[5, 1, 2, 1]
[5, 1, 1, 3, 1]
[5, 1, 2, 1, 2]
[3, 1, 7]
[1, 2, 1, 2]
[1, 1, 3, 1]
[1, 2, 1]
[1, 2, 1, 1]
[4, 1, 1]
[4, 1, 1]
[4, 1, 1]
[4, 2, 1]
[1, 1, 3, 1]
[4, 2, 1, 2]
[4, 7]
[4, 2, 1, 2]
[4, 1, 3, 1]
[4, 2, 1]
[3, 1, 1, 1]
[7, 1, 1]
[3, 8, 1]
[1, 1]
[1]

left_values
[3]
[5]
[5, 3]
[5, 3]
[3, 3]
[1]
[1]
[1]
[14]
[1, 4, 5, 1]
[1, 5, 5, 1]
[7, 5, 5, 1]
[1, 1]
[1, 5, 5, 1]
[1, 1, 3, 1, 1, 3, 1, 2]
[4, 1, 8, 1, 5]
[5, 5]
[1, 1, 1, 1, 1, 1]
[3, 3]
[25]
