Puzzle number: 113641
width:  45
height:  45
solved_count:  702
AVE_TIME:  '00:04:24'
ave_time_count:  127

top_values
[]
[]
[]
[2]
[3]
[4]
[4]
[2]
[7]
[7]
[]
[]
[]
[]
[]
[2]
[1, 1]
[1, 1, 1]
[1, 1, 1, 1]
[2, 1, 1, 1]
[5, 1]
[9]
[1, 1]
[3, 4]
[1, 1, 3]
[1, 2, 2]
[1, 1]
[2]
[]
[]
[]
[]
[]
[]
[]
[]
[]
[]
[]
[]
[]
[]
[]
[]
[]

left_values
[3, 2]
[4, 2]
[3, 2]
[2, 2]
[4]
[3]
[2]
[]
[]
[]
[]
[]
[]
[]
[]
[]
[]
[]
[]
[]
[]
[]
[]
[]
[]
[]
[]
[]
[]
[]
[]
[]
[]
[1, 2]
[3, 1]
[1, 1, 2]
[9]
[2]
[6, 3]
[7]
[7, 2, 1]
[1, 1, 1]
[1]
[1]
[1]
