Puzzle number: 113791
width:  30
height:  30
solved_count:  2647
AVE_TIME:  '00:08:57'
ave_time_count:  142

top_values
[7]
[19]
[4, 2, 6, 4]
[3, 7, 5]
[3, 7, 1]
[3, 7, 3, 1]
[4, 1, 12, 3]
[5, 19]
[5, 17]
[5, 15]
[7, 5, 7]
[6, 13]
[5, 2, 9]
[5, 3, 2, 9]
[12, 9]
[12, 11]
[11, 10]
[10, 9, 1]
[9, 8, 2]
[6, 9, 2]
[8, 10, 2]
[19, 2]
[19, 2]
[19, 1]
[20]
[20]
[22]
[24]
[23]
[23]

left_values
[5]
[7]
[8]
[2, 4]
[2, 4]
[2, 5]
[2, 20]
[3, 2, 21]
[6, 20]
[2, 3, 20]
[2, 4, 20]
[1, 5, 16]
[7, 5, 10]
[8, 6, 10]
[4, 3, 6, 9]
[2, 4, 5, 10]
[2, 4, 3, 10]
[2, 6, 2, 11]
[1, 8, 13]
[2, 9, 15]
[1, 8, 16]
[2, 25]
[2, 3, 19]
[1, 23]
[1, 23]
[1, 13, 6]
[11, 4]
[11, 4]
[11, 5, 3]
[9, 1, 7, 3]
