Puzzle number: 114063
width:  50
height:  50
solved_count:  1554
AVE_TIME:  '00:02:54'
ave_time_count:  156

top_values
[7, 5, 4, 3]
[7, 5, 4, 3]
[7, 4, 4, 3]
[7, 4, 4, 3]
[7, 4, 4, 3]
[8, 4, 4, 3]
[8, 4, 4, 3]
[9, 4, 4, 3]
[9, 4, 4, 3]
[9, 4, 4, 3]
[9, 4, 3, 3]
[9, 4, 3, 3]
[9, 5, 3, 2]
[9, 5, 3, 2]
[9, 4, 2, 2]
[9, 4, 2, 2]
[9, 4, 1, 2]
[10, 4, 1, 2]
[10, 3, 1, 2]
[10, 3, 1, 2]
[10, 3, 2]
[10, 3, 2]
[10, 3, 2]
[10, 3, 2]
[10, 3, 2]
[10, 3, 1]
[9, 3, 1]
[9, 3, 1]
[10, 3, 2]
[10, 3, 2]
[10, 3, 3]
[10, 3, 3]
[10, 3, 3]
[10, 3, 3]
[10, 4, 3]
[9, 4, 3]
[9, 4, 3]
[9, 4, 3]
[9, 4, 3]
[9, 4, 3]
[9, 4, 3]
[9, 3, 3]
[10, 3, 3]
[10, 3, 3]
[10, 3, 3]
[10, 3, 3]
[10, 3, 3]
[10, 3, 3]
[10, 2, 2]
[10, 2, 2]

left_values
[50]
[50]
[50]
[50]
[50]
[50]
[50]
[45]
[43]
[9, 7, 8]
[]
[]
[]
[]
[]
[]
[]
[2]
[14]
[18, 14]
[50]
[50]
[29]
[]
[]
[10]
[14]
[16]
[20]
[]
[]
[]
[]
[]
[]
[]
[]
[]
[]
[]
[]
[]
[]
[]
[]
[]
[]
[12, 18]
[25, 22]
[50]
