Puzzle number: 114093
width:  32
height:  24
solved_count:  2115
AVE_TIME:  '00:11:54'
ave_time_count:  291

top_values
[1]
[1]
[18]
[1, 1, 1]
[2, 5, 1]
[1, 1, 1, 1]
[6, 1, 1, 1]
[1, 1, 1, 1, 1, 1]
[2, 1, 1, 5, 1]
[2, 4, 1, 1]
[1, 1, 1, 1, 1]
[2, 1, 1, 1, 1]
[1, 4, 1, 1]
[2, 10, 1, 2]
[1, 1, 1, 1, 1, 3]
[2, 1, 4, 1, 2, 1]
[1, 1, 1, 1, 1, 2, 1]
[12, 1, 5]
[3, 1, 1, 1, 1, 1]
[3, 4, 1, 5]
[3, 1, 1, 6, 1]
[4, 4, 1, 5]
[4, 1, 1, 1, 1, 1]
[5, 4, 1, 5]
[5, 1, 1, 1, 1, 1]
[1, 19]
[1, 1, 1, 1]
[2, 2, 5]
[1, 1, 1, 1]
[1, 2, 5]
[1, 1, 1]
[1, 5]

left_values
[3]
[3, 11]
[3, 8]
[2, 12]
[3, 1, 1, 4]
[3, 1, 1, 3]
[3, 8, 1, 3]
[3, 1, 1, 2, 1, 1, 3]
[1, 1, 1, 2, 1, 1]
[1, 20]
[1, 1, 1, 1, 1, 1, 1, 1]
[1, 1, 1, 1, 1, 1, 1, 1]
[1, 13]
[1, 3]
[24, 3]
[1, 1, 1, 1, 1, 3]
[1, 1, 1, 1, 1]
[1, 1, 1, 1, 1]
[1, 5, 1, 1]
[1, 16]
[1, 3, 1, 1, 1, 1, 1, 1, 1]
[1, 2, 1, 1, 1, 1, 1, 1, 1, 1]
[1, 2, 1, 1, 1, 1, 1, 1, 1, 1]
[30]
