Puzzle number: 114134
width:  30
height:  30
solved_count:  1766
AVE_TIME:  '00:18:35'
ave_time_count:  272

top_values
[27]
[14, 11]
[8, 1, 11]
[5, 1, 10]
[3, 5, 1, 1, 10]
[2, 8, 1, 1, 10]
[2, 1, 7, 9]
[9, 9]
[6, 10]
[2, 9, 1]
[2, 5, 2, 1]
[1, 5, 2, 1]
[2, 10, 3, 1]
[2, 3, 9, 2]
[2, 3, 3, 1]
[1, 2, 2, 2, 1]
[6, 2, 1, 3]
[2, 1, 2, 1, 1]
[6, 3, 1, 1, 1]
[2, 12, 1]
[1, 11, 2]
[10, 4, 1]
[2, 6, 2, 1, 2]
[8, 1, 3, 2]
[6, 2, 1, 3]
[4, 1, 1, 1]
[2, 1, 1, 2, 1]
[3, 1, 5, 1, 1]
[3, 2, 1, 2, 1, 1]
[7, 2, 1, 1, 1]

left_values
[7, 2, 2, 1]
[7, 1, 2, 1]
[5, 1, 3, 2]
[4, 4, 3, 1]
[4, 1, 3, 1, 2, 1]
[3, 7, 2, 2, 1]
[3, 5, 6, 3, 1]
[3, 5, 3, 2, 3, 1]
[2, 5, 2, 4, 2]
[2, 4, 2, 5, 2]
[2, 3, 1, 3, 5]
[2, 1, 2, 11]
[6, 1, 8]
[2, 2, 10]
[1, 1, 6]
[1, 2, 1, 6, 1]
[2, 4, 4, 2]
[3, 6, 2]
[4, 4, 2, 3, 1]
[6, 5, 2, 4]
[14, 1, 1]
[14, 1, 3]
[14, 6]
[11, 1, 1, 4]
[10, 2, 2]
[10, 1, 4]
[13, 2]
[10, 3, 2]
[5, 4, 3]
[6, 5, 1]
