Puzzle number: 114143
width:  50
height:  40
solved_count:  197
AVE_TIME:  '00:40:36'
ave_time_count:  100

top_values
[14]
[12]
[11, 2, 1]
[10, 3, 4]
[9, 3, 7]
[13, 8, 1]
[12, 8, 7]
[4, 1, 2, 8, 14]
[3, 2, 10, 4, 2]
[1, 2, 10, 3]
[3, 11, 4]
[15, 17]
[29]
[29]
[8, 13, 3, 1]
[7, 11, 3, 3]
[7, 10, 7]
[8, 8, 5]
[8, 7, 5]
[8, 7, 9]
[8, 1, 6, 11]
[8, 1, 5, 12]
[8, 1, 3, 8]
[7, 1, 4, 5]
[7, 2, 6, 5]
[7, 2, 7, 2, 6]
[6, 3, 9, 2, 4]
[5, 2, 10, 2]
[5, 14]
[6, 16, 4]
[6, 18, 1]
[5, 8, 8]
[1, 4, 7, 5]
[2, 5, 7, 6]
[4, 4, 6, 6]
[6, 4, 5, 1, 4]
[13, 4, 4]
[14, 3, 9]
[10, 4, 5]
[10, 11, 2]
[11, 10, 1]
[12, 4, 5, 3]
[13, 4, 4, 6]
[12, 4, 12]
[13, 4, 5]
[13, 5, 3]
[1, 13, 6]
[5, 16, 8]
[7, 28]
[12, 23]

left_values
[10, 6, 11, 4]
[9, 10, 10, 3]
[9, 11, 10, 3]
[8, 12, 11, 3]
[7, 17, 10, 3]
[7, 20, 11, 2]
[8, 24, 10, 2]
[7, 26, 11, 1]
[7, 8, 20, 1]
[4, 4, 5, 19, 1]
[3, 3, 5, 7, 1, 5, 8, 1]
[2, 3, 6, 4, 4, 7, 1]
[1, 2, 6, 2, 1, 3, 7]
[1, 2, 6, 2, 3, 6]
[1, 8, 3, 2, 5]
[2, 10, 4, 2, 5]
[1, 11, 6, 3, 4]
[13, 7, 3, 5]
[15, 11, 4, 4]
[18, 14, 4, 4]
[27, 5, 2, 2, 3]
[6, 19, 2, 2, 2, 3]
[4, 22, 3, 2, 3]
[3, 13, 11, 3, 2, 3]
[3, 13, 11, 2, 2, 3]
[1, 1, 10, 11, 2, 2, 2]
[2, 4, 9, 2, 1, 2]
[2, 3, 9, 1, 2, 2]
[2, 3, 8, 4, 3, 2, 2, 2]
[2, 15, 4, 3, 1, 4]
[2, 20, 2, 1, 1, 4]
[2, 4, 9, 5, 2, 1, 1, 4]
[2, 3, 9, 2, 2, 1, 2, 4]
[2, 2, 2, 6, 1, 1, 4, 3]
[2, 1, 2, 4, 1, 2, 3, 3]
[1, 1, 2, 4, 1, 2, 3, 3]
[1, 1, 3, 2, 1, 2, 4, 3]
[1, 1, 2, 2, 1, 2, 2, 1, 2]
[2, 1, 2, 2, 1, 3, 2, 1, 2]
[1, 1, 1, 2, 2, 1, 1, 1, 2]
