Puzzle number: 114144
width:  40
height:  40
solved_count:  448
AVE_TIME:  '00:09:43'
ave_time_count:  108

top_values
[16, 21]
[40]
[25, 11]
[28]
[34]
[35]
[26]
[2, 32]
[35]
[2, 33]
[3, 30]
[2, 1, 22]
[3, 3, 22]
[5, 2, 8, 7]
[3, 3, 13]
[3, 1, 18]
[3, 2, 23]
[5, 2, 18]
[6, 4, 12]
[6, 5]
[5, 13, 1]
[7, 2, 18]
[10, 14]
[4, 9]
[5, 5]
[6]
[6]
[2]
[]
[]
[]
[]
[]
[]
[]
[]
[]
[]
[]
[]

left_values
[5, 5, 2, 1]
[5, 1, 5, 2, 1]
[5, 1, 1, 2, 3, 1]
[5, 2, 2, 1]
[5, 1, 1, 2, 2, 1]
[6, 1, 1, 2, 1, 1]
[6, 1, 1, 1, 1, 1]
[6, 2, 1, 1, 1, 1]
[6, 3, 1, 1, 1]
[6, 3, 2, 1, 1]
[6, 4, 1, 1, 1]
[6, 4, 1, 2, 2]
[6, 4, 1, 1]
[6, 4, 1, 1]
[11, 1, 1, 1]
[11, 2]
[10, 1, 1, 2]
[10, 2, 1, 1, 1]
[13, 1, 1, 1]
[14, 1, 2, 1]
[14, 1, 2, 1]
[14, 1, 2, 1]
[14, 3, 2, 1]
[14, 3, 2, 1]
[14, 3, 2, 2]
[2, 10, 3, 2, 1]
[2, 10, 3, 3, 1]
[2, 10, 4, 3, 1]
[2, 9, 5, 3, 2]
[3, 9, 5, 3, 1]
[3, 9, 5, 3, 1]
[3, 9, 5, 4, 1]
[3, 15, 3, 1]
[3, 15, 3, 2]
[3, 14, 3, 1]
[3, 15, 4, 1]
[3, 15, 4, 1]
[3, 15, 4, 1]
[3, 7, 7, 4, 2]
[3, 3, 3, 11, 1]
