Puzzle number: 114157
width:  35
height:  24
solved_count:  1767
AVE_TIME:  '00:14:30'
ave_time_count:  271

top_values
[9]
[1, 1]
[1, 1, 5]
[1, 1, 1, 1]
[1, 1, 5]
[1, 1, 1, 1]
[1, 1, 1, 5]
[1, 1, 2]
[1, 1, 1]
[1, 3]
[1, 2, 10]
[1, 2, 1, 1]
[1, 2, 1, 4]
[1, 2, 1, 1]
[1, 2, 1, 4]
[1, 3, 1, 8]
[1, 2, 1, 1]
[1, 2, 1, 1]
[1, 3, 1, 8]
[1, 3, 2, 1, 4]
[1, 1, 1, 2, 1, 1]
[1, 3, 2, 1, 4]
[1, 2, 1, 1]
[1, 1, 2, 10]
[6, 3, 1]
[6, 1, 1, 1]
[1, 1, 1, 2]
[1, 1, 1, 5]
[1, 1, 1, 1]
[1, 1, 5]
[1, 1, 1, 1]
[1, 1, 5]
[1, 1]
[1, 1]
[9]

left_values
[4]
[2]
[2]
[35]
[1, 2, 1]
[1, 3, 2, 1]
[1, 1, 1, 1]
[1, 3, 1]
[1, 4, 1]
[1, 6, 1]
[1, 4, 4, 1]
[14, 15]
[3, 3]
[3, 3]
[2, 14, 2]
[1, 1, 1]
[5, 1, 4, 2, 5]
[1, 1, 1, 1, 1, 1, 1, 1, 1, 1]
[1, 1, 1, 1, 1, 1, 1, 1, 1, 1]
[1, 1, 1, 1, 1, 1, 1, 1, 1, 1]
[5, 6, 6, 5]
[1, 1, 2, 2, 1, 1]
[1, 1, 2, 2, 1, 1]
[1, 1, 2, 2, 1, 1]
