Puzzle number: 114166
width:  23
height:  20
solved_count:  3496
AVE_TIME:  '00:05:32'
ave_time_count:  626

top_values
[4, 1, 1]
[17]
[1, 1, 1]
[1, 15, 1]
[3, 1, 1]
[1, 16]
[1, 2, 1, 1, 1]
[1, 3, 1]
[1, 1, 1, 10]
[1, 1, 1, 3]
[1, 1, 1, 2]
[1, 1, 1, 2]
[1, 1, 1, 2]
[1, 1, 1, 11]
[1, 1, 1, 10]
[1, 3, 1]
[1, 2, 1, 1, 1]
[1, 16]
[3, 1, 1]
[1, 15, 1]
[1, 1, 1]
[17]
[4, 1, 1]

left_values
[17]
[1, 1]
[3, 1, 1, 3]
[2, 1, 11, 1, 2]
[2, 1, 3, 3, 1, 2]
[2, 1, 1, 1, 1, 2]
[2, 1, 13, 1, 2]
[1, 1, 1, 1, 1, 1]
[1, 1, 1, 3, 1, 1, 1]
[1, 1, 1, 5, 1, 1, 1]
[1, 1, 1, 2, 2, 1, 1, 1]
[1, 1, 1, 2, 2, 1, 1, 1]
[1, 1, 1, 1, 2, 1, 1, 1]
[1, 1, 1, 1, 2, 1, 1, 1]
[1, 1, 1, 1, 2, 1, 1, 1]
[1, 1, 1, 1, 2, 1, 1, 1]
[7, 1, 2, 7]
[1, 1, 1, 2, 1, 1]
[1, 1, 1, 2, 1, 1]
[7, 1, 2, 7]
