Puzzle number: 114426
width:  30
height:  25
solved_count:  2452
AVE_TIME:  '00:08:08'
ave_time_count:  341

top_values
[13]
[1, 1, 1, 1]
[1, 1, 1, 2, 4]
[6, 1, 2, 4]
[3, 1, 1, 2, 4]
[2, 7, 2, 4]
[2, 7, 1, 1]
[2, 2, 1, 1, 1, 6]
[2, 3, 1, 1, 1, 1]
[2, 4, 1, 1, 2, 4]
[2, 5, 1, 1, 2, 4]
[2, 5, 1, 1, 2, 4]
[2, 4, 1, 1, 2, 4]
[2, 3, 1, 1, 1, 1]
[2, 2, 1, 1, 1, 6]
[2, 7, 1, 1]
[2, 7, 2, 4]
[3, 1, 1, 2, 4]
[6, 1, 2, 4]
[1, 1, 1, 2, 4]
[1, 1, 1, 1]
[1, 10]
[1, 4]
[1, 1]
[13]
[1]
[3]
[4]
[3]
[8]

left_values
[2]
[4]
[2, 2]
[2, 2]
[2, 2]
[2, 2, 2]
[2, 4, 2]
[2, 6, 2]
[3, 8, 3]
[1, 12, 1]
[1, 2, 2, 1]
[1, 2, 2, 1]
[25]
[1, 2, 2, 1]
[1, 2, 2, 1, 1]
[25, 3]
[1, 2, 1, 3]
[23, 6]
[1, 4, 4, 4, 2, 1, 1]
[2, 3, 3, 2, 1, 1]
[1, 1, 1, 1, 1, 1]
[1, 4, 1, 4, 1, 4, 1, 1, 1]
[1, 4, 1, 4, 1, 4, 1, 1, 1]
[1, 4, 1, 4, 1, 4, 1, 1, 1]
[1, 4, 1, 4, 1, 4, 1, 1, 1]
