Puzzle number: 114416
width:  24
height:  28
solved_count:  3325
AVE_TIME:  '00:03:20'
ave_time_count:  530

top_values
[23]
[1, 1]
[1, 1]
[1, 1]
[1, 1]
[3, 1]
[4, 1]
[1, 1, 1, 12]
[2, 1, 1, 2, 1, 1]
[2, 1, 1, 1, 1, 2]
[1, 1, 1, 2, 4]
[1, 1, 1, 1, 4]
[1, 1, 1, 1, 2]
[1, 1, 1, 2, 2]
[2, 1, 1, 1, 4]
[2, 1, 1, 2, 1, 2]
[1, 1, 1, 12]
[4, 1]
[3, 1]
[1, 1]
[4, 1]
[4, 1]
[1, 1]
[23]

left_values
[6]
[2, 2]
[3, 3, 2]
[2, 2, 2]
[2, 2, 2]
[24]
[1, 1]
[1, 1]
[1, 1]
[24]
[1, 1]
[1, 4, 1]
[1, 3, 3, 1]
[1, 2, 2, 1]
[1, 1, 1, 1]
[1, 1, 1, 1]
[1, 1, 1, 1]
[1, 1, 1, 1]
[1, 1, 1, 1]
[1, 1, 1, 1]
[1, 1, 1, 1]
[1, 1, 1, 1]
[1, 1, 1, 1]
[1, 1, 1, 1]
[1, 10, 1]
[1, 5, 1]
[1, 3, 2, 1]
[1, 4, 2, 1]
