Puzzle number: 114421
width:  40
height:  25
solved_count:  2049
AVE_TIME:  '00:12:12'
ave_time_count:  298

top_values
[2, 2, 2]
[2, 5, 2]
[2, 4, 2]
[2, 4, 2, 2]
[2, 2, 3, 2]
[2, 4, 2, 2]
[2, 2, 2, 2]
[2, 4, 4, 3]
[2, 2, 2, 4]
[2, 11, 2, 5]
[2, 1, 1, 1, 6, 3]
[2, 1, 4, 4, 3, 3]
[1, 1, 1, 1, 2, 3]
[1, 13, 3]
[1, 1, 1, 1, 1, 3]
[1, 1, 4, 4, 3]
[3, 1, 1, 3]
[15, 3]
[4, 1, 1, 1, 4]
[4, 1, 4, 4, 2, 2]
[4, 1, 1, 1, 2, 2]
[4, 11, 2, 2]
[14, 2, 2]
[3, 1, 1, 2, 2]
[1, 1, 4, 4, 3, 2]
[1, 1, 1, 1, 1, 2, 2]
[1, 13, 2, 2]
[1, 1, 1, 1, 3, 2]
[1, 1, 4, 4, 2, 2]
[1, 1, 1, 1, 4, 2]
[2, 11, 2, 2]
[2, 2, 2, 2]
[2, 4, 2, 2]
[2, 2, 2, 2]
[2, 4, 2, 2]
[2, 2, 2, 2]
[2, 4, 2, 2]
[2, 2, 2, 2]
[2, 6, 2]
[2, 3, 2]

left_values
[15, 4, 15]
[12, 6, 10]
[14]
[5, 8, 5]
[1, 5, 5, 1, 1, 1, 1, 1]
[1, 1, 1, 6, 1, 1, 1, 1, 1, 1, 1]
[1, 1, 1, 1, 1, 2, 1, 1, 1, 10]
[1, 1, 1, 1, 1, 1, 2, 1, 1, 1, 10]
[1, 5, 1, 1, 1, 2, 1, 5, 2]
[3, 5, 1, 6, 1, 2]
[1, 3, 1, 1, 6, 1, 1, 1, 2]
[3, 1, 1, 1, 1, 1, 2, 1, 1, 1, 1, 2]
[1, 2, 1, 1, 1, 1, 1, 1, 2, 1, 1, 1, 1, 2]
[3, 5, 1, 1, 1, 2, 1, 5, 2]
[1, 2, 5, 1, 6, 2]
[3, 1, 1, 5, 1, 2]
[2, 1, 1, 1, 1, 1, 3]
[13, 9]
[13, 9]
[2, 2]
[2, 2]
[2, 2]
[12]
[40]
[40]
