Puzzle number: 114690
width:  30
height:  30
solved_count:  1401
AVE_TIME:  '00:15:18'
ave_time_count:  104

top_values
[4, 6, 4, 2, 1, 1]
[2, 7, 7, 2, 3]
[6, 7, 2, 6]
[2, 5, 8, 5]
[3, 4, 3, 2]
[1, 2, 6, 3, 5]
[1, 3, 2, 5, 2]
[1, 3, 8, 2]
[4, 6, 1]
[3, 5, 3]
[1, 3, 2]
[2, 3]
[1, 5]
[9]
[8]
[7]
[5]
[4]
[2]
[2, 1]
[8]
[8]
[8]
[7]
[5]
[3]
[2]
[3]
[6]
[7]

left_values
[1, 3, 4]
[2, 2, 1, 2]
[1, 2, 3]
[4, 4]
[4, 2]
[3, 2]
[4, 1]
[4, 1]
[3, 2]
[2, 3]
[1, 4]
[5]
[3]
[5]
[7]
[8]
[4, 2]
[2, 3]
[5]
[1, 7]
[2, 6, 3]
[2, 5, 5]
[2, 3, 11]
[3, 17]
[4, 5, 10]
[3, 2, 5, 6, 3]
[4, 2, 4, 5, 2]
[2, 3, 4, 5, 2]
[1, 5, 4, 2]
[1, 1, 4, 4, 1]
