Puzzle number: 114679
width:  30
height:  30
solved_count:  1119
AVE_TIME:  '00:29:39'
ave_time_count:  115

top_values
[]
[]
[]
[1, 4]
[1, 2, 2]
[1, 2]
[1, 2]
[1]
[2]
[3]
[19, 4]
[12]
[10, 4]
[23]
[6, 2, 7]
[5, 4, 1]
[5, 7, 6]
[5, 4, 11]
[1, 4, 11]
[2, 4, 2, 8]
[4, 4, 3, 2, 2]
[3, 4, 3, 2]
[2, 4, 2, 2]
[2, 8, 3, 2]
[2, 3, 2, 2, 2]
[12, 2, 1, 2, 2]
[5, 7, 2, 1, 3, 1]
[1, 2, 1, 2, 4]
[3, 7, 8]
[3, 4, 5, 8]

left_values
[2, 1, 2, 4, 2]
[1, 2, 2, 2, 2]
[1, 2, 2, 2, 2, 1]
[1, 2, 4, 2, 2, 2]
[1, 2, 4, 2, 2, 2]
[1, 5, 2, 2, 1, 2]
[1, 4, 2, 5]
[1, 4, 1, 2, 3, 1]
[1, 3, 1, 3, 2, 2]
[1, 3, 1, 3, 2, 2]
[1, 2, 2, 4, 2, 2]
[1, 1, 1, 1, 6, 1]
[1, 1, 1, 1, 7]
[1, 1, 1, 2, 2, 1]
[1, 1, 1, 2, 1, 2]
[1, 1, 2, 1, 1, 1, 2, 1]
[1, 1, 2, 1, 1, 1, 2, 1]
[2, 1, 1, 1, 2, 2, 2]
[5, 2, 3, 2, 1, 6]
[2, 2, 1, 2, 2, 2, 2]
[1, 3, 1, 2, 2, 1]
[1, 1, 3, 1, 3, 1, 2]
[4, 2, 2, 1, 1, 2, 2]
[2, 2, 1, 1, 2, 2, 2]
[1, 1, 2, 3, 2, 2]
[1, 1, 2, 1, 2, 1, 1]
[2, 1, 2, 1, 2, 2, 1]
[2, 1, 2, 1, 2, 1, 1]
[2, 1, 2, 2, 2, 1, 1]
[1, 2, 1, 3]
