Puzzle number: 114610
width:  30
height:  25
solved_count:  2941
AVE_TIME:  '00:05:34'
ave_time_count:  370

top_values
[1, 21]
[1, 3, 1, 7]
[24]
[5, 1, 7]
[5, 1, 7]
[24]
[1, 3, 1, 7]
[1, 21]
[1, 1, 1]
[1, 2, 1, 1]
[1, 3, 13]
[5, 3, 1, 1, 1, 1]
[2, 2, 3, 8, 1, 1, 1]
[2, 3, 3, 3, 1, 1, 1, 1]
[2, 2, 3, 8, 1, 1, 1]
[5, 3, 1, 1, 1, 1]
[1, 3, 13]
[1, 2, 1, 1]
[1, 1, 1]
[1, 21]
[1, 3, 1, 7]
[24]
[5, 1, 7]
[5, 1, 7]
[24]
[1, 3, 1, 7]
[1, 21]
[2, 1, 7]
[2, 1, 7]
[22]

left_values
[1]
[28]
[4, 2, 2, 4, 2]
[6, 2, 1, 2, 6, 2]
[8, 9, 8, 1]
[30]
[1, 1, 1, 1, 1, 1, 1, 1, 1]
[1, 1, 1, 1, 3, 1, 1, 1, 1, 1]
[1, 1, 1, 1, 3, 1, 1, 1, 1, 1]
[1, 1, 1, 1, 3, 1, 1, 1, 1, 1]
[1, 1, 1, 1, 1, 1, 1, 1, 1]
[8, 5, 8, 1]
[1, 1, 1, 1, 7, 1, 1, 1, 1, 1]
[1, 1, 1, 1, 9, 1, 1, 1, 1, 1]
[1, 1, 1, 1, 1, 1, 1, 1, 1, 1, 1, 1, 1]
[1, 1, 1, 1, 1, 1, 1, 1, 1, 1, 1, 1, 1]
[1, 1, 1, 1, 1, 1, 1, 1, 1, 1, 1, 1, 1]
[1, 1, 1, 1, 1, 1, 1, 1, 1, 1, 1, 1, 1]
[30]
[8, 1, 1, 11]
[8, 7, 11]
[8, 1, 1, 11]
[8, 7, 11]
[8, 1, 1, 11]
[8, 7, 11]
