Puzzle number: 114873
width:  24
height:  24
solved_count:  3242
AVE_TIME:  '00:04:00'
ave_time_count:  513

top_values
[8, 4, 2, 7]
[1, 1, 1]
[24]
[1, 1]
[1, 1, 1, 5]
[1, 1, 1]
[1, 1, 1, 5]
[1, 1]
[24]
[1, 1, 4, 4, 4]
[8, 4, 4, 4]
[1, 4, 4, 4]
[1, 4, 4, 4]
[17]
[1]
[17]
[1]
[1, 4, 4, 4]
[1]
[1, 4, 4, 4]
[1, 4, 4, 4]
[1]
[1, 4, 4, 4]
[1, 4, 4, 4]

left_values
[11]
[1, 1, 1, 1]
[1, 1, 1, 1, 1, 1]
[1, 1, 1, 1]
[1, 1, 1, 1]
[1, 1, 1, 1]
[1, 1, 1, 1]
[24]
[1, 1, 1, 1]
[1, 1, 6, 1, 1, 2, 2]
[1, 1, 6, 1, 1, 2, 2]
[1, 1, 6, 1, 1, 2, 2]
[1, 1, 6, 1, 1, 2, 2]
[1, 1, 1, 1]
[1, 1, 6, 1, 1, 2, 2]
[1, 1, 6, 1, 1, 2, 2]
[1, 6, 1, 1, 2, 2]
[3, 6, 1, 1, 2, 2]
[1, 1, 1, 1, 1]
[1, 1, 3, 6, 1, 1, 2, 2]
[1, 1, 1, 1, 6, 1, 1, 2, 2]
[1, 1, 1, 1, 6, 1, 1, 2, 2]
[1, 1, 1, 1, 6, 1, 1, 2, 2]
[1, 1, 1, 1, 1, 1, 1]
