Puzzle number: 114962
width:  25
height:  45
solved_count:  1586
AVE_TIME:  '00:20:03'
ave_time_count:  202

top_values
[3, 2, 1, 1]
[3, 1, 1]
[3, 2, 1, 1]
[3, 1, 1]
[3, 2, 1, 1]
[3, 1, 1]
[33]
[2, 2, 1, 3, 1, 1]
[2, 2, 2, 2, 2, 1, 7]
[3, 2, 1, 3, 3, 1]
[3, 2, 2, 2, 1, 7]
[2, 4, 3, 1, 7, 1, 1]
[3, 3, 2, 2, 1]
[2, 3, 2, 1, 10, 8]
[2, 3, 4, 2, 10, 6, 1]
[6, 4, 3, 1, 3, 3, 6, 1]
[2, 3, 4, 2, 10, 6, 1]
[2, 3, 2, 1, 10, 8]
[3, 3, 2, 2, 1]
[2, 4, 3, 1, 7, 1, 1]
[3, 2, 2, 2, 1, 7]
[3, 2, 1, 3, 3, 1]
[2, 2, 2, 2, 2, 1, 7]
[2, 2, 1, 3, 1, 1]
[33]

left_values
[1]
[3]
[5]
[2, 1, 2]
[1, 1, 1]
[2, 1, 2]
[2, 1, 1, 2]
[1, 1, 1, 1]
[2, 2, 2, 2]
[1, 1, 1, 1]
[2, 2, 2, 2]
[2, 1, 1, 2]
[2, 2, 3, 2, 2]
[1, 1, 3, 1, 1]
[19]
[19]
[1, 1]
[1, 1, 1, 1]
[1, 1, 3, 1, 3, 1, 1]
[1, 1, 3, 3, 3, 1, 1]
[1, 3, 1]
[1, 1]
[2, 1, 1, 1, 1, 1, 1, 1, 2]
[1, 1]
[1, 2, 2, 1]
[1, 1, 5, 1, 1]
[2, 1, 1, 5, 1, 1, 2]
[4, 1, 5, 1, 4]
[4, 1, 2, 2, 1, 4]
[7, 1, 2, 2, 1, 1]
[7, 1, 2, 2, 1, 1]
[7, 1, 1, 5, 1, 1, 1]
[1, 3, 5, 3, 1]
[1, 1, 1, 19]
[1, 1, 1, 1, 1]
[1, 1, 1]
[6, 3, 6]
[1, 5, 1]
[7, 1, 1, 5, 1, 1, 1]
[1, 1, 1, 5, 1, 1, 1]
[1, 1, 1, 5, 1, 1, 1]
[7, 1, 1, 2, 2, 1, 1, 1]
[1, 1, 1, 1, 1, 1, 1, 1]
[1, 1, 1, 1, 1, 1, 1, 1]
[1, 1, 1, 5, 1, 1, 1]
