Puzzle number: 115017
width:  35
height:  30
solved_count:  1770
AVE_TIME:  '00:07:33'
ave_time_count:  124

top_values
[14, 5]
[14, 6]
[14, 6]
[14, 5]
[14, 6]
[18, 7]
[27]
[30]
[30]
[30]
[30]
[30]
[30]
[30]
[30]
[30]
[17, 3, 1]
[27]
[25]
[26]
[15, 8]
[14, 5]
[12, 1, 5, 2]
[11, 11, 2]
[11, 8, 2]
[12, 4, 5, 2, 2]
[11, 6, 1, 1]
[11, 7, 1, 1]
[11, 11, 1, 1]
[11, 11, 1]
[11, 13, 1]
[12, 10, 2]
[13, 9, 2]
[13, 6, 2]
[12, 3, 1, 2]

left_values
[35]
[35]
[35]
[35]
[35]
[35]
[35]
[35]
[35]
[35]
[35]
[23, 1, 4]
[22, 2]
[22, 1, 1]
[16, 1, 1, 1, 1, 1]
[15, 2, 1, 1, 1, 1]
[16, 1, 1, 5, 1]
[11, 5, 2, 5]
[10, 8, 9]
[11, 17]
[30]
[32]
[20, 12]
[16, 4, 11]
[16, 3, 1, 6]
[16, 1, 1, 1, 1, 3, 1]
[3, 10, 1, 2, 6, 2]
[2, 9, 2, 2]
[9, 2, 2]
[10, 7]
