Puzzle number: 115011
width:  35
height:  30
solved_count:  1777
AVE_TIME:  '00:05:59'
ave_time_count:  104

top_values
[]
[]
[]
[]
[]
[1]
[2]
[3]
[4]
[10]
[4, 4]
[5, 4]
[4, 4]
[3, 4]
[5, 8, 1]
[4, 4, 4, 1]
[3, 5, 3, 2]
[1, 4, 3, 3]
[5, 3, 2]
[4, 3, 2, 1]
[2, 3, 2, 1]
[1, 3, 2, 1]
[3, 2, 2]
[3, 2, 2]
[3, 2, 2]
[3, 2, 2]
[3, 2, 1, 1]
[3, 2, 1, 1]
[3, 2, 1, 1]
[3, 2, 1, 1]
[3, 2, 1, 1]
[3, 2, 1, 1]
[5, 2, 1, 1]
[4, 2, 1, 1]
[3, 2, 1, 1]

left_values
[2, 2, 3]
[1, 2, 3]
[2, 1, 3]
[1, 2, 3]
[2, 2, 3]
[2, 1, 3]
[1, 1, 3]
[1, 2, 3]
[2, 1, 3]
[1, 2, 3]
[2, 2, 3, 1]
[1, 1, 3, 2]
[1, 1, 3, 2]
[2, 2, 3, 2]
[1, 1, 3, 2]
[1, 1, 3, 2]
[1, 2, 3, 2]
[2, 1, 3, 2]
[1, 1, 3, 2]
[1, 4, 2]
[2, 3, 2]
[1, 3, 2]
[1, 4, 2]
[1, 4, 2]
[5, 2]
[4, 2]
[4, 2]
[4, 2, 11]
[4, 2, 4]
[5, 4, 5, 9]
