Puzzle number: 115275
width:  50
height:  50
solved_count:  37
AVE_TIME:  '01:28:03'
ave_time_count:  37

top_values
[1, 6, 1, 7, 1, 1, 3, 1, 2, 1, 2, 1, 1, 5, 1, 3, 1]
[8, 1, 1, 6, 1, 1, 2, 1, 1, 2, 1, 1, 2, 1, 1, 3, 1, 2, 1]
[1, 7, 7, 1, 2, 1, 1, 1, 1, 1, 3, 1, 1, 3, 1, 5, 1, 1]
[1, 6, 1, 6, 1, 1, 3, 1, 2, 1, 1, 3, 1, 4, 1, 3, 1]
[1, 10, 1, 1, 3, 1, 1, 1, 1, 2, 1, 1, 2, 1, 1, 2, 1, 1, 1, 1]
[1, 8, 3, 1, 1, 1, 3, 1, 1, 3, 1, 1, 1, 1, 2, 1, 1, 1]
[1, 7, 1, 1, 2, 1, 1, 1, 1, 3, 1, 3, 1, 1, 1, 1, 3, 1, 1, 2]
[1, 7, 1, 3, 1, 1, 4, 3, 1, 1, 1, 3, 1, 1, 2, 1]
[11, 1, 2, 1, 1, 1, 1, 8, 1, 1, 1, 1, 2, 1]
[9, 1, 2, 1, 1, 1, 1, 9, 1, 1, 1, 2, 1]
[6, 1, 2, 1, 9, 1, 3, 1, 2, 1]
[1, 5, 2, 1, 1, 1, 8, 4, 1, 2]
[1, 4, 1, 1, 2, 1, 1, 10, 1, 1, 1, 1]
[4, 4, 1, 11, 1, 4, 1, 2, 1]
[1, 6, 1, 3, 1, 1, 3, 1, 1, 7, 1, 1, 2, 1]
[2, 6, 4, 1, 15, 1, 1, 1, 1, 1]
[2, 4, 1, 20, 1, 1, 2, 1, 1, 2, 1, 1, 1]
[1, 3, 1, 4, 1, 6, 1, 1, 1, 1, 1, 3, 1, 1, 3]
[1, 2, 1, 4, 1, 1, 6, 1, 1, 1, 1, 1, 1, 1, 1, 1, 5]
[4, 2, 1, 3, 1, 1, 7, 1, 1, 1, 1, 1, 7]
[9, 2, 1, 1, 5, 1, 1, 2, 1, 1, 9]
[9, 2, 11, 1, 1, 1, 1, 1, 1, 9, 1]
[7, 2, 10, 1, 1, 1, 1, 1, 1, 1, 1, 9, 2]
[2, 6, 1, 10, 1, 1, 1, 1, 1, 1, 9, 3]
[21, 1, 1, 1, 2, 1, 1, 9, 2, 1]
[2, 7, 1, 1, 2, 1, 1, 1, 2, 1, 1, 12, 1]
[3, 4, 1, 1, 8, 1, 2, 1, 2, 1, 1, 13, 1, 1, 1]
[8, 1, 1, 9, 1, 2, 1, 2, 1, 1, 13, 1, 1, 1, 1]
[7, 11, 3, 1, 1, 12, 1, 1, 1, 1]
[2, 2, 1, 3, 1, 1, 3, 1, 3, 1, 12, 1, 1, 2, 1]
[12, 1, 1, 1, 2, 1, 1, 11, 1, 1, 1, 1]
[14, 1, 1, 3, 1, 1, 12, 1, 1, 3, 1, 1]
[6, 1, 14, 1, 12, 1, 1, 3, 1, 1, 1]
[5, 1, 13, 1, 1, 10, 1, 1, 2, 1, 1, 2]
[2, 1, 11, 1, 1, 7, 2, 1, 1, 1, 1, 1, 1, 1]
[1, 2, 7, 1, 1, 10, 1, 2, 1]
[3, 8, 1, 9, 1, 1, 2, 1]
[4, 7, 1, 8, 1, 1, 1, 1]
[2, 6, 1, 7, 1, 1, 2, 1]
[6, 3, 1, 1, 6, 1, 1, 2, 1, 1, 1]
[15, 1, 1, 5, 1, 4, 1, 1, 1, 1]
[1, 20, 1, 3, 1, 1, 2, 1, 1, 2, 1, 1]
[3, 20, 1, 1, 5, 1, 1, 1, 1, 1, 1]
[1, 20, 1, 4, 1]
[22, 1, 2]
[22, 1, 1, 7]
[6, 1, 7, 1, 1, 3, 1, 1, 9]
[4, 1, 6, 1, 1, 9, 1, 1, 15]
[2, 1, 6, 1, 1, 31, 1]
[5, 1, 1, 28, 1]

left_values
[2, 3, 4, 7, 3, 3, 10]
[1, 1, 3, 3, 11, 2, 2, 1, 5]
[2, 1, 2, 4, 1, 3, 18, 1]
[3, 1, 2, 7, 2, 6, 5, 5]
[4, 2, 6, 2, 4, 1, 8, 1]
[4, 1, 2, 2, 13, 1, 1, 8, 1]
[5, 4, 3, 12, 1, 4, 6, 1, 2]
[5, 1, 1, 21, 9, 6, 2]
[1, 26, 1, 1, 9, 6, 3]
[1, 16, 1, 1, 2, 1, 1, 11, 10]
[1, 12, 1, 1, 5, 1, 1, 12, 9, 1]
[1, 10, 1, 1, 7, 23]
[9, 1, 1, 5, 1, 2, 3, 1, 18, 1]
[7, 1, 7, 4, 3, 4, 1, 9]
[7, 1, 6, 1, 4, 3, 1, 3, 1, 7, 1, 1]
[6, 1, 1, 7, 1, 1, 4, 3, 1, 3, 1, 6, 1]
[4, 1, 1, 5, 1, 1, 1, 1, 5, 4, 1, 3, 5, 1, 1]
[3, 1, 1, 4, 1, 1, 1, 6, 4, 1, 2, 1, 5, 1, 1]
[1, 1, 1, 4, 1, 1, 1, 7, 4, 1, 2, 1, 5, 1, 2]
[1, 1, 4, 1, 1, 1, 1, 2, 7, 1, 1, 1, 1, 3, 1, 6, 1, 3]
[1, 3, 1, 1, 2, 1, 1, 3, 5, 2, 1, 1, 2, 1, 1, 11]
[1, 3, 1, 2, 1, 1, 4, 2, 2, 1, 7, 1, 1, 12]
[1, 3, 1, 1, 1, 1, 7, 2, 2, 1, 5, 1, 1, 4, 1, 1, 4]
[2, 1, 1, 1, 1, 5, 2, 2, 1, 1, 1, 2, 1, 1, 5, 1, 1, 1, 3]
[1, 1, 1, 1, 6, 3, 1, 1, 2, 1, 1, 1, 1, 1, 5, 1, 1, 3]
[1, 1, 1, 1, 1, 13, 1, 1, 1, 1, 2, 1, 6, 1, 1, 3]
[1, 1, 9, 3, 1, 1, 1, 1, 1, 1, 1, 7, 1, 2, 3]
[1, 1, 1, 1, 9, 3, 1, 1, 1, 8, 1, 1, 3]
[2, 10, 1, 3, 2, 1, 7, 1, 1, 1, 2]
[1, 1, 1, 2, 1, 10, 1, 1, 1, 1, 8, 1, 1, 2]
[2, 1, 1, 4, 5, 1, 1, 1, 1, 1, 8, 1, 1, 1, 1, 2]
[1, 1, 1, 1, 4, 6, 1, 1, 1, 1, 9, 1, 1, 1, 2]
[1, 2, 1, 3, 1, 1, 1, 2, 1, 2, 1, 1, 7, 1, 1, 1, 1, 1, 1, 2]
[2, 1, 1, 3, 1, 1, 1, 2, 1, 1, 1, 10, 1, 1, 2, 2]
[1, 1, 1, 3, 1, 1, 2, 1, 1, 1, 1, 1, 9, 1, 1, 1, 2, 1, 2]
[1, 1, 2, 1, 1, 1, 2, 1, 1, 1, 1, 9, 1, 1, 1, 1, 1, 1, 3]
[1, 3, 1, 1, 1, 1, 1, 1, 1, 1, 1, 1, 1, 9, 1, 2, 1, 3]
[3, 1, 1, 1, 1, 6, 1, 1, 1, 10, 1, 1, 1, 1, 3]
[2, 1, 1, 1, 1, 1, 2, 1, 1, 1, 1, 10, 1, 1, 1, 1, 1, 1, 3]
[1, 1, 2, 1, 1, 1, 1, 1, 10, 1, 1, 1, 1, 1, 3]
[1, 3, 1, 1, 1, 1, 1, 1, 1, 1, 9, 1, 1, 2, 1, 1, 3]
[1, 2, 1, 1, 1, 1, 1, 1, 1, 10, 2, 1, 1, 4]
[1, 2, 1, 1, 1, 1, 1, 1, 1, 9, 1, 2, 1, 1, 4]
[2, 1, 1, 1, 1, 1, 1, 1, 1, 1, 9, 1, 1, 1, 1, 1, 4, 1]
[3, 1, 1, 1, 1, 1, 1, 1, 1, 9, 1, 1, 1, 1, 1, 4]
[1, 1, 1, 1, 1, 1, 1, 1, 1, 6, 2, 1, 1, 1, 1, 4]
[1, 2, 1, 2, 1, 1, 5, 2, 1, 1, 1, 1, 1, 1, 4]
[1, 1, 1, 1, 1, 1, 5, 2, 1, 1, 1, 1, 1, 1, 1, 1, 1, 4]
[1, 1, 1, 1, 1, 1, 4, 2, 1, 1, 1, 1, 1, 1, 1, 1, 1, 1, 5]
[1, 1, 2, 1, 8, 1, 1, 1, 2, 1, 1, 1, 4, 1]
