Puzzle number: 115263
width:  50
height:  50
solved_count:  72
AVE_TIME:  '00:25:44'
ave_time_count:  72

top_values
[1, 4, 1, 6, 1, 2, 1, 2, 2, 4, 3]
[1, 1, 5, 8, 1, 2, 2, 2, 4, 3]
[2, 5, 1, 1, 8, 1, 2, 2, 1, 2, 4, 1, 3]
[1, 1, 5, 1, 11, 2, 1, 2, 1, 1, 1, 5, 3, 1]
[1, 5, 12, 2, 1, 2, 2, 1, 4, 4]
[1, 1, 4, 1, 1, 12, 1, 2, 2, 2, 4, 1, 4]
[6, 2, 1, 3, 1, 1, 2, 1, 2, 1, 1, 1, 2, 9]
[6, 1, 3, 1, 2, 1, 2, 2, 1, 1, 1, 1, 7]
[5, 1, 1, 3, 1, 3, 2, 1, 2, 2, 7]
[5, 4, 1, 3, 1, 1, 2, 1, 1, 1, 2, 1, 6]
[5, 1, 2, 2, 3, 1, 2, 2, 1, 1, 1, 6]
[4, 1, 2, 1, 2, 1, 2, 2, 2, 3, 1, 2]
[4, 2, 1, 1, 1, 1, 2, 1, 1, 1, 1, 2, 1, 2, 2]
[3, 1, 1, 1, 1, 2, 1, 1, 2, 2, 1, 2, 1, 2, 1, 1]
[3, 2, 1, 1, 2, 1, 2, 3, 1, 1, 1, 1]
[3, 1, 1, 1, 3, 2, 1, 1, 3, 2, 1]
[2, 1, 1, 1, 2, 1, 1, 2, 3, 2, 1]
[2, 1, 3, 2, 1, 3, 1, 1, 1]
[1, 1, 3, 1, 2, 1, 2, 1]
[1, 1, 2, 1, 2, 2, 1, 1]
[3, 2, 1, 2, 2]
[1, 2, 1, 2, 1, 1, 1, 1]
[2, 1, 2, 1, 2, 1]
[3, 3, 1, 2, 1]
[1, 2, 1, 3, 2, 1]
[2, 3, 2, 1, 1]
[2, 1, 1, 2, 1, 3, 1]
[1, 2, 6, 1]
[2, 6, 1]
[2, 1, 4, 1, 2]
[1, 1, 1, 7]
[2, 7]
[2, 7]
[2, 7]
[2, 7]
[2, 7]
[2, 1, 7]
[3, 7]
[3, 7]
[3, 7]
[4, 1, 7]
[12]
[12]
[12]
[1, 12]
[8, 1, 2]
[8, 1, 2]
[8, 1, 3]
[8, 4]
[1, 8, 1, 3]

left_values
[3, 1, 13, 1]
[2, 1, 12, 1]
[1, 12, 1]
[1, 11, 1]
[1, 10, 1]
[8, 1]
[5, 1]
[4]
[2, 1, 1, 3, 1]
[3, 1]
[1, 2, 1]
[3, 1]
[1, 2, 1]
[1, 2, 1]
[3, 1, 2, 1]
[1, 3, 1, 1, 1]
[1, 4, 1, 1, 3, 1]
[3, 1, 3, 1]
[1, 3, 1, 3, 1]
[1, 9, 1]
[9, 1]
[7, 1]
[6, 1]
[6]
[6, 1]
[7]
[1, 6]
[1, 3, 1]
[1, 1]
[5, 1]
[1, 8, 1]
[1, 8, 1]
[3, 1, 1, 7, 1]
[6, 1, 1, 6, 1]
[1, 6, 1, 1, 6, 1]
[1, 5, 1, 1, 7, 1]
[3, 1, 1, 6, 1, 1, 7, 1, 1]
[7, 1, 1, 5, 1, 1, 7, 1, 1, 5]
[1, 6, 1, 1, 5, 1, 1, 23]
[1, 5, 1, 1, 6, 1, 1, 19]
[4, 1, 1, 4, 1, 1, 5, 1, 1, 13]
[7, 5, 1, 6, 10]
[7, 1, 1, 4, 1, 1, 5, 1, 1, 9]
[9, 1, 6, 1, 23]
[1, 9, 1, 1, 32]
[1, 8, 1, 1, 23, 1, 1]
[17, 1, 1, 19, 1, 2]
[11, 1, 1, 6, 1, 1, 15, 1, 3]
[13, 1, 1, 30]
[1, 12, 1, 20]
