Puzzle number: 115276
width:  50
height:  50
solved_count:  35
AVE_TIME:  '01:31:00'
ave_time_count:  35

top_values
[5, 1, 1, 12, 11, 1, 1]
[5, 1, 1, 10, 1, 1, 5, 6]
[4, 1, 1, 10, 1, 1, 4, 5]
[1, 4, 1, 1, 9, 1, 1, 1, 1, 1, 6, 3]
[4, 1, 2, 1, 1, 3, 1, 2, 1, 1, 2, 1, 8]
[3, 1, 1, 2, 1, 1, 2, 1, 1, 1, 1, 1, 2, 20, 2]
[2, 1, 2, 1, 1, 2, 1, 1, 1, 1, 2, 28]
[1, 1, 1, 2, 1, 1, 1, 1, 1, 2, 34]
[1, 1, 1, 1, 1, 1, 1, 1, 1, 1, 35]
[1, 2, 1, 1, 1, 1, 1, 9, 1, 4, 1]
[1, 1, 1, 2, 9, 1, 1, 4, 1]
[1, 1, 1, 8, 1, 1, 12, 1]
[1, 1, 10, 1, 1, 9, 1, 1, 4]
[10, 1, 1, 3, 1, 2, 2]
[1, 9, 1, 1, 4, 1, 1, 6, 2]
[1, 7, 1, 1, 4, 1, 1, 13, 1]
[8, 1, 1, 2, 1, 1, 8, 1, 2]
[7, 1, 1, 3, 1, 1, 9, 1, 2]
[5, 1, 1, 3, 1, 1, 7, 1, 1]
[5, 1, 1, 2, 1, 1, 7, 1, 1, 1]
[4, 1, 1, 1, 1, 7, 1, 1, 1, 1, 2, 1]
[3, 1, 1, 6, 1, 1, 1, 1, 1, 1, 1, 1, 1, 1, 2, 1]
[2, 1, 1, 6, 1, 1, 2, 1, 1, 1, 1, 1, 1, 1, 1, 6, 1, 1]
[1, 1, 1, 5, 1, 7, 1, 1, 1, 1, 1, 1, 1, 1, 1, 1, 6, 1, 1, 2]
[1, 1, 4, 1, 10, 2, 2, 1, 5, 1, 1, 4]
[1, 2, 1, 7, 1, 1, 10, 1, 1, 9]
[1, 2, 1, 3, 1, 11, 1, 1, 13]
[1, 1, 8, 1, 1, 16]
[8, 1, 1, 20]
[5, 1, 1, 23, 1, 1]
[1, 20, 1, 1, 1, 1, 1]
[1, 1, 22, 1, 1, 4, 1, 1, 1, 1, 4]
[29, 1, 1, 1, 1, 1, 1, 1, 1, 1, 1, 6]
[25, 1, 1, 1, 1, 1, 1, 1, 1, 1, 6, 1, 1]
[1, 1, 8, 3, 1, 1, 1, 1, 1, 1, 1, 1, 1, 1, 7, 1]
[1, 8, 1, 1, 7, 1, 1, 1, 1]
[1, 1, 26, 1, 1, 3]
[1, 1, 16, 1, 1, 5, 1]
[1, 1, 1, 7, 1]
[2, 1, 9, 1, 1, 8, 1, 1]
[2, 1, 1, 19, 1, 1]
[1, 2, 1, 7, 1, 1, 5, 1, 1, 1]
[2, 1, 1, 2, 1, 8, 1, 1, 2]
[1, 2, 1, 1, 9, 1, 12, 1, 1, 3]
[1, 2, 1, 1, 22, 1, 1, 4, 1]
[4, 1, 1, 11, 1, 1, 5, 1]
[1, 4, 1, 1, 8, 1]
[1, 6, 1, 1, 9, 1, 1]
[1, 1, 14, 1, 1, 16, 1, 1, 1]
[1, 1, 1, 32, 1, 1, 2]

left_values
[1, 4, 1, 5, 1, 1, 2, 1, 1, 4, 1, 1, 1]
[4, 1, 1, 1, 1, 8, 1, 2, 1, 4, 1, 1]
[5, 1, 1, 1, 1, 6, 1, 1, 1, 2, 1, 3, 1]
[4, 1, 1, 2, 1, 8, 1, 1, 1, 2, 1, 3, 1]
[4, 1, 1, 1, 1, 8, 1, 1, 1, 2, 1, 1, 3, 1]
[3, 1, 1, 2, 6, 1, 1, 1, 1, 3, 1, 3, 1]
[2, 1, 2, 1, 1, 1, 7, 1, 2, 3, 4]
[1, 1, 1, 2, 1, 1, 1, 6, 1, 1, 1, 3, 1, 1, 3, 1]
[1, 1, 2, 1, 1, 1, 1, 1, 7, 1, 1, 1, 2, 1, 4, 1, 3]
[1, 2, 1, 1, 1, 1, 1, 2, 4, 1, 1, 1, 1, 1, 2, 1, 1, 4, 1, 3]
[1, 2, 2, 4, 1, 2, 2, 1, 1, 1, 4, 1, 1, 1, 3]
[3, 1, 1, 1, 1, 5, 1, 1, 1, 2, 2, 1, 1, 5, 1, 1, 1, 2]
[1, 4, 1, 1, 6, 1, 2, 1, 2, 1, 1, 2, 6, 1, 1, 1, 1, 2]
[5, 1, 1, 3, 1, 1, 1, 2, 1, 1, 1, 1, 3, 2, 2, 2, 2]
[5, 1, 1, 1, 3, 1, 1, 2, 1, 1, 3, 2, 2, 2, 2]
[4, 1, 5, 1, 1, 1, 2, 1, 1, 6, 1, 2, 1, 2, 2]
[4, 1, 5, 1, 1, 1, 2, 1, 2, 1, 4, 1, 2, 3, 1, 2, 2]
[3, 1, 1, 6, 1, 1, 2, 2, 2, 4, 2, 6, 1, 2]
[3, 4, 1, 1, 1, 2, 1, 1, 2, 3, 1, 2, 7, 2]
[2, 1, 1, 5, 1, 1, 2, 1, 1, 2, 1, 3, 1, 2, 1, 2, 3, 2]
[2, 6, 1, 2, 2, 2, 1, 1, 5, 2, 2, 2, 1, 1]
[1, 1, 1, 1, 3, 1, 1, 2, 2, 2, 4, 1, 2, 2, 2, 1]
[1, 1, 5, 1, 1, 1, 2, 2, 2, 4, 1, 2, 2, 2, 1]
[1, 1, 6, 2, 2, 1, 2, 2, 5, 2, 1, 1, 2, 1]
[1, 1, 3, 1, 1, 1, 2, 1, 2, 1, 2, 1, 4, 1, 2, 1, 2, 1]
[1, 5, 1, 1, 2, 5, 1, 4, 1, 2, 1, 2, 1]
[1, 1, 6, 1, 2, 1, 2, 2, 4, 1, 2, 1, 1, 2, 1, 1]
[2, 1, 4, 2, 1, 1, 3, 5, 2, 1, 3, 2]
[2, 1, 4, 2, 1, 3, 4, 1, 2, 1, 3, 2]
[9, 2, 1, 2, 1, 3, 1, 1, 2, 1, 2, 1, 2]
[9, 1, 1, 1, 1, 3, 4, 1, 1, 1, 2, 1, 1, 2, 2]
[9, 2, 1, 4, 5, 1, 2, 2, 2, 2]
[1, 7, 2, 1, 1, 1, 4, 1, 1, 1, 1, 1, 2, 2]
[1, 6, 1, 2, 1, 1, 1, 1, 1, 4, 1, 1, 1, 1, 2, 2]
[1, 6, 1, 1, 1, 2, 1, 3, 4, 1, 1, 1, 2, 1, 1, 2, 2]
[1, 5, 2, 2, 1, 1, 1, 1, 1, 1, 4, 1, 1, 2, 1, 2, 1, 1, 2]
[1, 5, 2, 2, 1, 2, 1, 5, 2, 1, 1, 2, 3]
[1, 4, 2, 2, 1, 1, 1, 1, 6, 1, 1, 1, 1, 2, 2, 3]
[4, 2, 2, 1, 2, 7, 2, 2, 2, 1, 3]
[1, 4, 2, 1, 1, 1, 2, 1, 6, 1, 2, 1, 1, 1, 1, 1, 4]
[1, 4, 2, 1, 1, 1, 2, 1, 1, 4, 1, 1, 2, 1, 1, 2, 3, 1]
[1, 4, 2, 2, 1, 2, 5, 1, 2, 1, 2, 2, 3]
[1, 4, 1, 2, 2, 2, 5, 1, 2, 2, 2, 1, 3]
[1, 7, 1, 2, 1, 3, 5, 1, 1, 1, 2, 2, 1, 1, 3, 1]
[1, 7, 1, 2, 1, 1, 1, 5, 1, 3, 1, 1, 1, 1, 1, 3]
[1, 10, 1, 1, 1, 5, 1, 2, 1, 2, 1, 3, 1]
[1, 10, 3, 6, 3, 1, 1, 1, 1, 3]
[1, 1, 3, 1, 1, 2, 1, 2, 1, 6, 2, 1, 2, 1, 3, 1, 1]
[1, 1, 4, 3, 2, 1, 1, 1, 6, 1, 1, 2, 1, 1, 3, 1, 1, 1]
[1, 1, 1, 4, 2, 3, 2, 7, 1, 3, 1, 1, 4, 1, 1, 2]
