Puzzle number: 115295
width:  30
height:  30
solved_count:  954
AVE_TIME:  '00:14:23'
ave_time_count:  120

top_values
[1, 7, 1, 1, 4]
[1, 7, 2, 7]
[1, 7, 2, 2, 5]
[1, 6, 3, 1]
[2, 5, 4]
[1, 1, 4, 2]
[3, 5, 2]
[1, 10, 1]
[1, 12, 1]
[1, 7, 3, 1, 2]
[1, 7, 1, 1, 2, 8]
[1, 7, 1, 1, 6]
[1, 7, 1, 3, 1, 1, 1]
[1, 11, 1, 1, 1, 1]
[1, 5, 1, 1, 1, 1, 1]
[1, 5, 3, 1, 1, 1]
[1, 11, 3, 1, 1, 1, 2]
[1, 10, 3, 1, 2, 1, 1, 1]
[1, 7, 1, 1, 7, 1, 1, 1]
[1, 7, 2, 2, 7]
[1, 7, 1, 2, 1]
[1, 7, 2, 2, 2]
[1, 7, 1, 1, 1, 1]
[1, 7, 1]
[1, 5, 1, 1]
[1, 4, 2]
[2, 4, 2]
[1, 5, 4]
[1, 6, 1, 3]
[1, 7, 2, 2, 6]

left_values
[2]
[1]
[23]
[5, 4]
[20]
[30]
[30]
[30]
[25, 4]
[5, 7, 8, 3]
[4, 7, 9, 2]
[3, 3, 1, 2, 1, 1]
[9, 11, 1]
[2, 2, 3, 1, 2, 1, 1, 2]
[1, 1, 3, 4, 1, 1, 1, 1]
[1, 1, 2, 2, 1, 1, 3, 1, 1]
[3, 1, 6, 1, 2, 3]
[1, 2, 3, 1, 1]
[2, 2, 1, 4, 1, 1, 2]
[2, 4, 2, 2, 1]
[2, 2, 4, 1]
[1, 2, 2]
[1, 2, 3]
[1, 1, 2]
[1, 1, 1, 1, 1]
[2, 1, 1, 2, 1]
[1, 1, 1, 1, 1, 1]
[1, 1, 1, 2, 1]
[1, 2, 1, 2, 1, 1]
[1, 1, 1, 5, 2, 1]
