Puzzle number: 115392
width:  40
height:  25
solved_count:  1711
AVE_TIME:  '00:14:33'
ave_time_count:  149

top_values
[7]
[7]
[14]
[8, 1, 1, 1]
[8, 1, 1, 1]
[1, 14]
[2, 7]
[22]
[2, 1, 1, 1, 1, 3, 1, 1, 1, 1]
[1, 1, 1, 1, 1, 1, 3, 1, 1, 1, 1]
[3, 1, 1, 1, 1, 3, 1, 1, 1, 1]
[2, 1, 1, 1, 1, 1, 3, 1, 1, 1, 1]
[2, 1, 1, 1, 1, 1, 3, 1, 1, 1, 1]
[25]
[2, 1]
[1, 7, 1, 7]
[2, 1, 1, 1, 1, 1, 1, 1, 1]
[1, 1, 1, 1, 1, 1, 1, 1, 1]
[2, 7, 1, 7]
[1, 1]
[22]
[1, 1, 1, 1, 1, 1, 1, 1, 1, 1, 1]
[2, 1, 1, 1, 1, 1, 1, 1, 1, 2]
[20]
[2]
[1]
[19]
[1, 1, 1, 1, 1, 1, 1]
[18]
[2, 1, 1, 1, 1, 1]
[17]
[1, 1, 1, 1, 1, 1]
[16]
[1]
[2]
[7]
[1, 6]
[1, 18]
[20]
[1]

left_values
[3]
[7]
[4, 1, 3]
[3, 1, 2, 3]
[3, 1, 1, 1, 3]
[2, 1, 2, 1, 3, 4]
[1, 1, 1, 1, 2, 4, 1, 1]
[2, 1, 2, 4, 1, 2, 3, 4]
[1, 1, 1, 1, 1, 1, 2, 1, 1, 3, 4]
[9, 1, 2, 4, 1, 2, 7, 4]
[8, 1, 1, 1, 1, 1, 2, 1, 1, 1, 1, 7]
[9, 1, 2, 4, 1, 2, 1, 1, 1, 1, 5]
[8, 1, 1, 1, 1, 1, 2, 1, 7, 3]
[9, 1, 2, 4, 1, 2, 1, 1, 1, 1, 3]
[14, 2, 1, 1, 1, 1, 1, 2]
[21, 2, 7, 2]
[4, 1, 1, 1, 1, 2, 1, 1, 1, 1, 1, 2]
[1, 1, 2, 1, 2, 1, 2, 1, 1, 1, 1, 2]
[4, 1, 1, 1, 1, 4, 2, 1, 7, 2]
[1, 1, 2, 1, 2, 1, 1, 1, 2, 1, 1, 1, 1, 2]
[4, 1, 1, 1, 1, 1, 1, 2, 1, 1, 1, 1, 1, 2]
[1, 1, 2, 1, 2, 4, 1, 2, 7, 2]
[4, 1, 1, 1, 1, 1, 1, 2, 1, 1, 1, 1, 1, 2]
[2, 1, 2, 1, 1, 1, 2, 1, 1, 1, 1, 2]
[1, 1, 1, 1, 4, 4, 7, 2]
