Puzzle number: 115431
width:  50
height:  50
solved_count:  625
AVE_TIME:  '00:22:04'
ave_time_count:  103

top_values
[3, 2]
[2, 2, 3]
[4, 3, 2, 2, 2]
[1, 1, 2, 2]
[1, 1, 2, 2, 4]
[13, 2, 1, 1, 9]
[1, 13, 2, 3, 9]
[1, 13, 2, 9]
[2, 13, 2, 1, 9]
[4, 7, 4, 3, 1, 1, 2, 9]
[4, 2, 3, 7]
[2, 2, 3, 4]
[3, 3, 3, 4]
[1, 3, 3]
[3, 3]
[24, 9]
[50]
[50]
[50]
[50]
[50]
[50]
[49]
[5, 26, 2]
[4, 38]
[50]
[37, 11]
[16, 10, 11, 3, 3]
[8, 4, 10, 17, 4, 1]
[3, 5, 4, 27, 3]
[3, 5, 4, 11, 5, 4, 4, 1]
[2, 4, 5, 11, 5, 5, 4, 4]
[28, 11, 9]
[50]
[50]
[35]
[24]
[50]
[50]
[50]
[39, 9]
[50]
[33, 4, 10]
[18, 16, 4, 8]
[11, 8, 21, 6]
[13, 8, 21, 4]
[14, 9, 11, 3, 5, 2]
[16, 9, 10, 4, 4]
[3, 9, 4, 9, 10, 4, 4]
[19, 9, 10, 4, 2]

left_values
[3, 2, 7, 4, 2, 4, 14]
[1, 3, 15, 4, 14]
[1, 7, 16, 3, 14]
[3, 5, 14, 1, 3, 12, 1]
[1, 9, 4, 5, 14]
[8, 5, 4, 14]
[5, 8, 5, 4, 14]
[1, 5, 8, 10, 14]
[1, 5, 8, 3, 2, 3, 14]
[1, 5, 8, 10, 14]
[5, 8, 4, 5, 14]
[5, 8, 10, 8, 5]
[5, 8, 6, 4, 14]
[4, 8, 4, 6, 9, 2, 1]
[4, 16, 3, 10, 3]
[5, 14, 20]
[1, 5, 17, 17, 2]
[27, 2, 19]
[43, 4, 1]
[34]
[44, 5]
[50]
[36, 4]
[35]
[2, 12, 7, 9, 3]
[1, 1, 20, 13]
[1, 1, 15, 4, 10, 2]
[1, 2, 20, 13]
[5, 11, 4, 3, 11, 1]
[2, 14, 5, 12]
[2, 20, 12]
[1, 2, 20, 13]
[1, 1, 15, 4, 13]
[2, 1, 20, 5, 7]
[2, 20, 13]
[1, 14, 5, 6, 6]
[14, 5, 9, 3]
[10, 9, 10, 2]
[10, 4, 4, 5, 7]
[20, 3, 1, 5, 1]
[7, 3, 4, 3, 3, 2, 2, 3]
[5, 8, 3, 2, 5, 6, 5]
[5, 8, 4, 1, 5, 7, 2, 2]
[1, 5, 8, 4, 2, 4, 7, 2, 2]
[2, 5, 8, 5, 1, 4, 8, 2, 1]
[1, 5, 8, 3, 1, 6, 8, 2, 1]
[1, 5, 8, 3, 1, 6, 9, 2]
[5, 8, 6, 5, 9, 2]
[5, 13, 1, 5, 10, 2]
[5, 16, 4, 10, 2]
