Puzzle number: 115521
width:  50
height:  50
solved_count:  1335
AVE_TIME:  '00:17:03'
ave_time_count:  104

top_values
[]
[]
[]
[]
[]
[]
[]
[]
[]
[]
[]
[]
[]
[]
[]
[]
[]
[]
[]
[]
[]
[]
[]
[]
[]
[]
[]
[]
[15]
[22]
[20, 2, 2, 2]
[7, 4, 6, 6, 4]
[36]
[12, 21, 2, 1]
[36, 2, 3]
[20, 10, 1, 1, 1, 1, 7]
[27, 2, 11]
[22, 2, 5, 7, 1]
[18, 13, 2]
[10, 4, 4, 6, 1]
[10, 2, 1, 2, 1, 1, 6]
[7, 4, 5, 1, 2, 1, 6]
[3, 25, 1, 8]
[2, 9, 2, 7, 7, 8, 1]
[13, 7, 2, 13, 6]
[16, 1, 7, 1]
[9, 1, 1, 1, 1]
[13, 5, 1, 1]
[10, 3, 1, 1]
[1, 4, 1, 1, 1, 3, 2]

left_values
[5, 1, 1, 1, 1]
[7, 4]
[9, 2, 1]
[12, 3]
[8, 3, 3]
[17]
[17]
[16]
[17]
[8, 7]
[7, 8]
[6, 9]
[10, 4]
[7, 7, 1]
[8, 2, 1, 1]
[8, 1, 6]
[7, 1, 1, 1]
[1, 5, 1, 1, 1]
[1, 4, 3]
[3, 4, 3]
[5, 2, 3]
[8, 3, 1]
[7, 2, 1]
[8, 2, 1]
[8, 3, 1]
[7, 1, 2, 2]
[1, 5, 1, 2]
[6, 2, 4]
[7, 9]
[7, 2, 2]
[7, 3, 1, 2]
[2, 3, 3, 2]
[13, 2]
[6, 9]
[6, 2, 1]
[7, 5, 1]
[6, 2, 1]
[6, 1, 2, 1]
[3, 2, 2, 2]
[2, 3, 4, 3]
[2, 3, 2, 3]
[5, 4, 3, 1]
[7, 1, 1, 4, 1]
[2, 3, 2, 2, 1, 2]
[5, 2, 7]
[3, 1, 3, 5, 4]
[2, 2, 2, 6, 1]
[2, 2, 3, 3, 1]
[5, 3, 1, 3, 1, 1]
[9, 1, 5]
