Puzzle number: 115584
width:  50
height:  50
solved_count:  1282
AVE_TIME:  '00:08:37'
ave_time_count:  111

top_values
[18]
[2, 12]
[2, 9]
[2, 6]
[9, 2]
[12]
[5, 4]
[3, 11]
[2, 9]
[2, 2, 2, 7]
[6, 7]
[2, 9]
[2, 1, 2, 3]
[4, 3, 10]
[3, 3, 2, 2]
[1, 2, 7]
[2, 1, 9]
[2, 8]
[9]
[3, 8]
[9]
[1, 11]
[7]
[1, 4]
[4]
[3]
[2]
[]
[]
[]
[]
[]
[]
[]
[]
[]
[]
[]
[]
[]
[]
[]
[]
[]
[]
[]
[]
[]
[]
[]

left_values
[1, 1, 4]
[1, 1, 1, 1, 3]
[3, 1, 1, 5]
[2, 2, 2, 3]
[1, 1, 1, 1, 4]
[1, 1, 2, 6]
[1, 2, 1, 2, 1, 6]
[1, 1, 1, 10]
[4, 1, 6]
[3, 9]
[1, 1, 7]
[2, 9]
[1, 1, 7, 1]
[1, 1, 3, 3, 1]
[2, 5, 2, 1]
[3, 1, 2, 4]
[1, 1, 1, 5, 2]
[1, 8, 1]
[2, 11]
[13]
[11, 1]
[10]
[6, 3]
[9]
[3, 5]
[3, 4]
[3, 2]
[3, 2]
[2, 1]
[2]
[]
[]
[]
[]
[]
[]
[]
[]
[]
[]
[]
[]
[]
[]
[]
[]
[]
[]
[]
[]
