Puzzle number: 115577
width:  50
height:  50
solved_count:  1950
AVE_TIME:  '00:02:26'
ave_time_count:  179

top_values
[]
[]
[]
[]
[]
[]
[]
[]
[]
[]
[]
[]
[]
[]
[]
[]
[]
[]
[]
[]
[]
[]
[]
[]
[]
[]
[]
[]
[]
[]
[]
[]
[]
[]
[]
[]
[]
[]
[]
[]
[]
[]
[]
[1, 3]
[1, 6, 5]
[7, 2, 5, 3]
[2, 5, 15, 3]
[3, 23, 1]
[4, 11, 11]
[5, 23]

left_values
[1, 4]
[4]
[1, 3]
[2, 2]
[3, 1]
[3]
[4]
[5]
[1, 3]
[4]
[4]
[4]
[5]
[5]
[1, 4]
[1, 4]
[6]
[4, 1]
[6]
[7]
[5]
[2, 4]
[7]
[7]
[2, 3]
[1, 4]
[4]
[1, 2]
[3]
[1]
[]
[]
[]
[]
[]
[]
[]
[]
[]
[]
[]
[]
[]
[]
[]
[]
[]
[]
[]
[]
