Puzzle number: 115690
width:  25
height:  25
solved_count:  3120
AVE_TIME:  '00:05:41'
ave_time_count:  612

top_values
[6, 11]
[7, 3, 3]
[7, 10]
[6, 4, 3, 3]
[5, 3, 3]
[5, 4, 12]
[5, 3, 3]
[6, 4, 3, 3]
[7, 10]
[7, 3, 3]
[6, 11]
[4, 3]
[3, 11]
[3, 3, 3]
[2, 10]
[3, 1, 4, 3, 3]
[1, 3, 3, 3]
[1, 3, 4, 12]
[1, 3, 3, 3]
[3, 1, 4, 3, 3]
[2, 10]
[3, 3, 3]
[3, 11]
[4, 3]
[6, 11]

left_values
[5]
[16, 6]
[16, 6]
[14, 4]
[12, 3, 2]
[11, 5, 1]
[4, 4, 3, 1]
[2, 2]
[1, 1]
[1, 1, 1, 1, 1, 1]
[1, 1, 1, 1, 1, 1]
[1, 1, 1, 1, 1, 1, 1, 1, 1, 1]
[1, 1, 1, 1, 1, 1, 1, 1]
[1, 1, 1, 1, 1, 1]
[1, 5, 1, 1, 5, 1, 1]
[1, 7, 1, 1, 7, 1, 1]
[1, 7, 1, 1, 7, 1, 1]
[1, 1, 1, 1, 1, 1, 1, 1, 1, 1, 1]
[1, 1, 1, 1, 1, 1, 1, 1, 1, 1, 1]
[1, 1, 1, 1, 1, 1, 1, 1, 1, 1, 1]
[1, 1, 1, 1, 1, 1, 1, 1, 1, 1, 1]
[1, 1, 1, 1, 1, 1, 1, 1, 1, 1, 1]
[25]
[25]
[25]
