Puzzle number: 115756
width:  44
height:  44
solved_count:  221
AVE_TIME:  '00:18:20'
ave_time_count:  100

top_values
[]
[43]
[1]
[1]
[1]
[1]
[14, 20, 1]
[1, 1, 1, 1]
[12, 1, 1, 16, 1, 1]
[2, 3, 2, 1, 1, 16, 1, 1]
[2, 1, 4, 1, 1, 1, 10, 3, 1, 1, 1]
[2, 1, 4, 1, 1, 1, 9, 1, 1, 1]
[1, 4, 1, 1, 1, 1, 7, 1, 1, 1]
[1, 1, 1, 1, 1, 1, 12, 1, 1, 1]
[1, 3, 2, 1, 1, 1, 8, 1, 1]
[12, 1, 1, 1, 8, 1, 1]
[12, 1, 1, 1, 5, 8, 1, 1]
[3, 2, 1, 1, 1, 4, 3, 1, 1]
[1, 1, 4, 1, 1, 1, 1, 9, 3, 1, 1]
[1, 4, 1, 1, 1, 1, 8, 1, 3, 1, 1]
[3, 1, 4, 1, 1, 1, 9, 1, 1, 1]
[3, 1, 1, 1, 1, 1, 5, 1, 1, 1, 1]
[2, 3, 2, 1, 1, 1, 4, 3, 1, 1]
[12, 1, 1, 1, 8, 1, 1]
[12, 1, 1, 1, 5, 8, 1, 1]
[3, 2, 1, 1, 1, 8, 1, 1]
[3, 1, 4, 1, 1, 1, 1, 5, 8, 1, 1]
[1, 4, 1, 1, 1, 10, 1, 1, 1, 1]
[3, 1, 4, 1, 1, 1, 1, 2, 1, 1, 1, 1]
[3, 1, 1, 1, 1, 1, 8, 1, 1]
[3, 2, 1, 1, 1, 5, 8, 1, 1]
[12, 1, 1, 1, 8, 1, 1]
[12, 1, 1, 2, 12, 1, 1]
[2, 2, 1, 1, 3, 4, 1, 2, 1, 1]
[1, 1, 4, 1, 1, 1, 2, 5, 1, 1, 1, 1]
[1, 4, 1, 1, 1, 1, 1, 1, 2, 1, 1, 1]
[4, 4, 1, 1, 1, 9, 1, 2, 1, 1, 1]
[4, 1, 1, 1, 1, 1, 1, 1, 1, 1]
[1, 2, 2, 1, 1, 1, 1, 2, 2, 1, 1]
[12, 1, 1, 1, 5, 8, 1, 1]
[12, 1, 1, 1, 8, 1, 1]
[2, 2, 1, 1, 1, 2, 2, 2, 5, 1, 1]
[1, 1, 4, 1, 1, 1, 1, 2, 2, 1, 2, 1, 1, 1]
[1, 4, 1, 1, 1, 1, 5, 1, 1, 2, 1, 1, 1]

left_values
[1, 1, 2, 3, 5, 1, 2, 2, 3]
[1, 1, 4, 2, 5, 1, 2, 2, 2, 2]
[1, 1, 1, 2, 1, 2, 1, 2, 2, 1, 2, 2, 1, 2, 2, 1]
[1, 1, 2, 4, 4, 3, 2, 2]
[1, 1, 36]
[1, 1, 2, 4, 4, 4, 4]
[1, 1, 1, 3, 2, 3, 2, 3, 2, 3, 2, 2]
[1, 1, 1, 3, 2, 3, 2, 3, 2, 3, 2, 2]
[1, 1, 1, 3, 2, 3, 2, 3, 2, 3, 2, 2]
[1, 1, 1, 3, 2, 3, 2, 3, 2, 3, 2, 2]
[1, 1, 2, 4, 4, 4, 4]
[1, 1, 36]
[1, 1]
[1, 38]
[1]
[1]
[1]
[1]
[1, 38]
[1, 1]
[1, 1, 36]
[1, 1, 4, 1, 1, 3, 1]
[1, 1, 6, 1, 4, 1, 2, 1, 1, 1, 1, 3]
[1, 1, 6, 1, 4, 1, 2, 1, 1, 1, 3]
[1, 1, 6, 1, 4, 1, 2, 1, 1, 1, 1, 1, 1]
[1, 1, 6, 1, 4, 1, 2, 1, 3, 1, 1, 3]
[1, 1, 6, 1, 4, 1, 2, 1, 3, 1, 1, 3]
[1, 1, 6, 3, 1, 3, 1]
[1, 1, 36]
[1, 1, 3, 7, 11, 3]
[1, 1, 2, 6, 5, 4, 6, 1]
[1, 1, 3, 5, 1, 5, 4, 4]
[1, 1, 3, 4, 14, 5]
[1, 1, 3, 7, 5, 4, 2, 5]
[1, 1, 2, 6, 5, 5, 4]
[1, 1, 36]
[1, 1]
[1, 38]
[1]
[1]
[1]
[1]
[43]
[]
