Puzzle number: 115753
width:  44
height:  44
solved_count:  162
AVE_TIME:  '00:27:17'
ave_time_count:  100

top_values
[1, 1, 5, 1, 2, 1, 9, 1, 1]
[2, 1, 2, 1, 1, 2, 7, 1, 1]
[2, 1, 1, 1, 2, 2, 2, 1, 2, 7, 1, 1]
[1, 2, 2, 1, 1, 1, 2, 7, 1, 1]
[1, 1, 1, 1, 4, 3, 2, 7, 1, 1, 1]
[1, 5, 6, 2, 7, 1, 1, 2]
[1, 1, 2, 4, 7, 1, 1, 2]
[2, 1, 1, 1, 2, 4, 7, 1, 1, 2]
[1, 1, 2, 4, 3, 7, 1, 1, 1]
[1, 1, 1, 1, 6, 7, 1, 1, 1]
[8, 8, 7, 1, 1, 1]
[17, 7, 1, 1, 1]
[18, 7, 1, 1]
[1, 1, 2, 2, 1, 7, 1, 1]
[1, 1, 1, 1, 3, 4, 7, 1, 1]
[1, 1, 1, 1, 3, 2, 1, 1, 1, 1]
[1, 2, 1, 8, 1, 9, 1, 1]
[4, 1, 6, 1, 2, 7, 1, 1]
[1, 2, 2, 3, 1, 2, 7, 1, 1]
[2, 2, 2, 3, 1, 2, 7, 1, 1]
[1, 1, 3, 4, 3, 2, 7, 1, 1]
[2, 3, 6, 2, 7, 1, 1]
[2, 4, 9, 7, 1, 1]
[1, 2, 1, 1, 3, 7, 1, 1]
[1, 3, 1, 3, 4, 7, 1, 1]
[2, 2, 3, 2, 7, 1, 1]
[4, 1, 8, 7, 1, 1]
[6, 6, 7, 1, 1]
[2, 1, 2, 3, 7, 1, 1]
[3, 1, 1, 2, 3, 1, 7, 1, 6]
[3, 1, 2, 4, 3, 7, 1]
[2, 1, 1, 1, 6, 1, 1, 1]
[8, 8, 1, 9, 1]
[1, 1, 1, 2, 1, 2, 7, 1]
[1, 1, 1, 1, 3, 4, 1, 2, 7, 1, 6]
[1, 1, 1, 2, 3, 2, 1, 2, 7, 1, 1]
[1, 1, 1, 1, 8, 2, 7, 1, 1]
[8, 6, 2, 7, 1, 1]
[1, 2, 4, 7, 1, 1]
[1, 1, 1, 1, 2, 4, 7, 1, 1]
[1, 1, 1, 2, 4, 3, 7, 1, 1]
[1, 1, 1, 1, 6, 7, 1, 1]
[8, 8, 7, 1, 1]
[17, 7, 1, 1]

left_values
[3, 1, 1, 3, 1, 1, 5, 4, 1, 1, 1, 2]
[2, 3, 4, 1, 2, 1, 2, 5, 1, 2, 1, 3]
[1, 3, 1, 1, 2, 5, 1, 1, 1, 1, 2]
[1, 1, 2, 1, 4, 1, 3, 4, 1, 2, 1, 2, 1, 3]
[1, 1, 1, 3, 2, 6, 1, 1, 1, 1, 1, 2]
[1, 2, 1, 6, 5, 2, 1, 2, 1, 2, 1, 3]
[1, 1, 1, 3, 5, 1, 1, 1, 1, 1, 1, 1, 2]
[43]
[1, 2, 1]
[1, 2, 1]
[1, 1, 1, 1, 1, 5, 1, 1, 1, 1, 1, 1, 1, 1, 1, 1, 1, 1, 1, 2]
[1, 42]
[1, 3, 6, 4, 4, 4, 4, 4, 5]
[2, 2, 5, 3, 3, 3, 3, 3, 4]
[4, 1, 1, 4, 1, 2, 1, 2, 1, 2, 1, 2, 1, 2, 1, 3]
[40]
[44]
[1, 1, 1, 3, 1, 1, 1, 1, 1, 1, 3, 1, 1, 1, 1, 1, 1, 3, 1]
[1, 1, 2, 1, 1, 1, 1, 2, 1, 1, 1, 1, 2]
[1, 1, 2, 1, 1, 2, 1, 1, 2]
[2, 2, 2]
[2, 2, 2]
[2, 2, 2]
[2, 2, 2]
[1, 2, 2]
[15, 15, 12]
[15, 15, 12]
[15, 15, 12]
[15, 15, 12]
[15, 15, 12]
[15, 15, 12]
[15, 15, 12]
[]
[44]
[]
[]
[]
[]
[30, 10]
[1, 1]
[1, 1]
[1, 1]
[6, 1, 1]
[4, 1, 1, 1]
