Puzzle number: 115762
width:  50
height:  50
solved_count:  1313
AVE_TIME:  '00:01:01'
ave_time_count:  104

top_values
[]
[]
[]
[]
[]
[]
[]
[]
[]
[]
[]
[]
[]
[]
[]
[]
[]
[]
[]
[]
[]
[]
[]
[]
[]
[]
[]
[]
[]
[]
[]
[]
[]
[]
[]
[]
[]
[]
[]
[]
[]
[]
[1]
[2]
[3]
[1, 1]
[2]
[2, 1]
[1, 2]
[4]

left_values
[]
[]
[]
[]
[]
[]
[]
[]
[]
[]
[]
[]
[]
[]
[]
[]
[]
[]
[]
[]
[]
[]
[]
[]
[]
[]
[]
[]
[]
[]
[]
[]
[]
[]
[]
[]
[]
[]
[]
[]
[]
[]
[]
[]
[1]
[3]
[2, 1]
[3, 2]
[2, 1]
[4, 1]
