Puzzle number: 115825
width:  32
height:  32
solved_count:  466
AVE_TIME:  '00:13:48'
ave_time_count:  103

top_values
[4, 1, 3]
[5, 1, 4]
[5, 1, 4]
[3, 1, 1, 5]
[4, 1, 3]
[5, 1, 1, 1]
[4, 1, 2]
[4, 1, 3]
[6, 1, 4]
[6, 1, 5]
[4]
[4]
[7, 3]
[7, 3]
[1, 5, 3]
[1, 5, 3]
[3]
[16, 4, 4]
[1, 1, 6, 4]
[1, 2, 1, 2, 5]
[1, 4, 1, 2, 3, 3]
[1, 5, 1, 2, 1, 1, 1, 1]
[1, 6, 1, 2, 2, 2]
[1, 7, 1, 1, 3, 1, 3]
[1, 10, 1, 3, 4]
[1, 1, 5, 1, 1, 3, 5]
[1, 1, 4, 1, 1, 3, 4]
[1, 1, 3, 1, 2, 2, 4]
[1, 1, 1, 1, 1, 1, 2, 3]
[1, 2, 1, 2, 2, 3]
[1, 1, 1, 3, 3]
[16, 3, 3]

left_values
[4, 2, 15]
[3, 5, 2, 1, 1]
[10, 2, 1, 1]
[10, 4, 1, 1, 1]
[3, 2, 2, 4, 1, 3, 1]
[6, 2, 4, 1, 3, 1, 1]
[4, 1, 5, 1, 1]
[10, 4, 1, 7, 1, 1]
[1, 9, 1, 1]
[1, 9, 1, 1]
[1, 9, 1]
[1, 1, 1]
[1, 3, 1]
[1, 1]
[1, 1]
[15]
[]
[6, 5]
[8, 1, 1]
[2, 3, 1, 1]
[2, 2, 3, 2]
[2, 1, 1, 7]
[1, 4, 5]
[]
[]
[]
[2, 7, 5]
[4, 11, 7]
[5, 13, 8]
[5, 5, 5, 5]
[3, 5, 3, 5]
[1, 5, 1, 5]
