Puzzle number: 115869
width:  32
height:  32
solved_count:  739
AVE_TIME:  '00:11:44'
ave_time_count:  120

top_values
[21, 7]
[2, 2, 1]
[2, 3, 3]
[2, 4, 1, 1, 7]
[1, 5, 4, 1, 1, 7]
[1, 6, 3, 2, 3, 7]
[1, 7, 3, 2, 9]
[1, 7, 3, 16]
[1, 7, 3, 10, 1]
[1, 6, 3, 9]
[1, 4, 3, 9, 3, 1]
[1, 4, 13, 3]
[1, 8, 10, 1, 3]
[12, 11]
[10, 13, 1]
[4, 21]
[24, 1]
[21]
[17, 3, 1]
[20, 3]
[17, 1, 3]
[17]
[6, 11, 1]
[6, 2, 4, 9]
[1, 6, 1, 9]
[6, 1, 4, 2, 1]
[1, 2, 4, 7, 9]
[1, 2, 4, 17]
[2, 4, 17]
[1, 2, 4, 3, 11]
[1, 6, 3, 10]
[1, 6, 6, 10]

left_values
[12]
[2, 3, 1, 2, 3]
[2, 4]
[2, 4]
[1, 4, 5]
[1, 6, 3, 2]
[1, 7, 3, 2, 4]
[1, 7, 3, 2, 4]
[1, 7, 3, 10, 2]
[1, 6, 3, 10, 2]
[1, 5, 3, 16]
[1, 4, 17]
[1, 8, 17]
[12, 18]
[10, 9]
[1, 3, 21]
[1, 21, 6]
[1, 18, 6]
[1, 17, 3, 1]
[1, 17, 3, 1]
[1, 17, 3, 1]
[1, 4, 17, 4]
[1, 1, 1, 16, 5]
[32]
[26]
[1, 6, 1, 3, 1, 10]
[1, 5, 3, 1, 3, 9]
[1, 5, 2, 1, 2, 2, 6]
[1, 5, 1, 1, 1, 1, 1, 9]
[1, 5, 2, 1, 2, 9]
[1, 5, 3, 1, 3, 2, 6]
[1, 6, 1, 3, 1, 10]
