Puzzle number: 115854
width:  25
height:  40
solved_count:  2000
AVE_TIME:  '00:11:39'
ave_time_count:  299

top_values
[24]
[1]
[1, 22]
[1, 22]
[1, 1, 22]
[12, 13]
[2, 1]
[7, 19]
[9, 1, 2, 1, 1, 1, 1, 1, 1, 1]
[2, 2, 1, 2, 1, 1, 1, 1, 1, 1, 1]
[3, 2, 1, 2, 2, 14]
[4, 2, 1, 2, 2, 1, 1, 1, 1]
[5, 2, 1, 1, 2, 2, 1, 1, 1, 1]
[5, 2, 1, 1, 2, 1, 1, 3, 1, 1, 1]
[5, 2, 3, 1, 2, 1, 3, 14]
[5, 2, 1, 1, 2, 1, 1, 3, 1, 1, 1]
[5, 2, 1, 1, 2, 2, 1, 1, 1, 1]
[4, 2, 1, 2, 2, 1, 1, 1, 1]
[3, 2, 1, 2, 2, 14]
[2, 2, 1, 2, 1, 1, 1, 1, 1, 1, 1]
[9, 1, 2, 1, 1, 1, 1, 1, 1, 1]
[7, 19]
[2, 1]
[12, 13]
[1, 2]

left_values
[5]
[7]
[9]
[11]
[13]
[1, 1]
[1, 3, 1]
[1, 5, 1]
[1, 2, 2, 1]
[1, 2, 2, 1]
[3, 1, 3]
[2, 3, 2]
[2, 1, 2]
[2, 2]
[21]
[1, 1, 1, 1]
[6, 1, 3, 1, 1]
[1, 1, 1, 7, 1, 1]
[1, 4, 1, 2, 2, 1, 1]
[1, 4, 2, 5, 2, 1]
[1, 4, 2, 1, 1, 2, 1]
[1, 4, 2, 1, 2, 1]
[1, 4, 1, 1, 3, 1, 1, 1]
[1, 4, 1, 2, 1, 2, 1, 1]
[1, 4, 1, 2, 2, 1, 1]
[1, 4, 1, 2, 2, 1, 1]
[1, 3, 1, 1, 3, 1, 1, 1]
[1, 23]
[1, 4, 1, 1, 1, 1, 1, 1]
[1, 4, 4, 1, 4, 1]
[1, 4, 1, 1, 1, 1, 1, 1]
[1, 4, 15, 1]
[1, 4, 1, 1, 1, 1, 1, 1]
[1, 4, 4, 1, 4, 1]
[1, 4, 1, 1, 1, 1, 1, 1]
[1, 4, 15, 1]
[1, 4, 1, 1, 1, 1, 1, 1]
[1, 4, 4, 1, 4, 1]
[1, 4, 1, 1, 1, 1, 1, 1]
[1, 4, 15, 1]
