Puzzle number: 115832
width:  32
height:  32
solved_count:  613
AVE_TIME:  '00:09:47'
ave_time_count:  114

top_values
[1, 1, 2, 6, 2, 3, 2]
[3, 1, 2, 6, 2, 6]
[2, 2, 1, 6, 2, 6]
[3, 1, 6, 2, 6]
[3, 2, 6, 2, 5]
[3, 2, 6, 2, 6]
[1, 1, 1, 1, 6, 2, 6]
[1, 1, 2, 6, 2, 4, 1]
[1, 3, 6, 2, 6]
[1, 2, 6, 2, 1, 4]
[1, 1, 6, 2, 5]
[1, 3, 6, 2, 6]
[2, 6, 2, 4, 1]
[1, 6, 2, 6]
[6, 2, 6]
[6, 2, 6]
[3, 6, 2, 4, 1]
[4, 6, 2, 6]
[5, 6, 2, 5]
[5, 6, 2, 5]
[5, 6, 2, 6]
[4, 6]
[3, 6, 9]
[2, 1, 6, 9]
[1, 3, 6, 9]
[5, 6]
[5, 6, 9]
[4, 2, 3, 9]
[5, 6]
[5, 6, 9]
[5, 6, 9]
[4, 6]

left_values
[2, 2, 3, 5]
[2, 2, 1, 2, 5, 1]
[2, 5, 3, 5, 3]
[4, 2, 1, 5, 9]
[4, 4, 1, 5, 8]
[2, 2, 4, 7]
[2, 4, 3, 6]
[3, 3]
[]
[]
[]
[]
[]
[]
[]
[]
[32]
[32]
[27, 4]
[32]
[32]
[32]
[]
[21, 3, 2, 2]
[21, 3, 2, 2]
[3, 2, 2]
[19, 1, 3, 2, 2]
[9, 11, 3, 2, 2]
[21, 3, 2, 2]
[20, 3, 2, 2]
[7, 4, 3, 4, 3, 2, 2]
[4, 5, 7, 2, 3, 2, 2]
