Puzzle number: 1159
width:  40
height:  40
solved_count:  970
AVE_TIME:  '00:15:38'
ave_time_count:  400

top_values
[2]
[3]
[3]
[4]
[4]
[5]
[5]
[6]
[7]
[7]
[7, 1, 6, 1]
[7, 1, 8, 1]
[7, 4, 1, 3]
[7, 1, 2, 1, 2]
[5, 3, 1, 2, 1]
[4, 2, 1, 1, 2, 1, 5, 1]
[2, 8, 1, 1, 4, 1]
[4, 1, 4, 2, 1, 1]
[4, 28, 1]
[4, 34]
[4, 28, 1]
[4, 1, 4, 2, 1, 1]
[2, 8, 1, 1, 4, 1]
[4, 2, 1, 1, 2, 1, 5, 1]
[5, 3, 1, 2, 1]
[7, 1, 2, 1, 2]
[7, 4, 1, 3]
[7, 1, 8, 1]
[7, 1, 6, 1]
[7]
[7]
[7]
[6]
[5]
[5]
[4]
[4]
[3]
[3]
[2]

left_values
[5]
[5]
[14, 5, 15]
[14, 5, 15]
[14, 15]
[13, 2, 2, 14]
[11, 3, 12]
[9, 3, 10]
[8, 3, 9]
[3]
[3]
[1, 4, 3, 4, 1]
[1, 2, 2, 3, 2, 2, 1]
[5, 1, 3, 1, 5]
[4, 1, 3, 1, 4]
[2, 1, 3, 1, 2]
[2, 3, 2]
[2, 3, 2]
[3, 1, 3, 1, 3]
[1, 4, 1, 3, 1, 4, 1]
[1, 15, 1]
[1, 9, 1]
[5]
[1, 7, 1]
[2, 3, 2]
[2, 3, 2]
[2, 3, 2]
[2, 3, 2]
[2, 3, 2]
[1, 1, 3, 1, 1]
[7]
[1, 5, 1]
[3]
[1, 1, 1, 1, 1, 1, 1]
[1, 1, 1]
[1, 1, 1]
[1, 1, 1]
[1, 1, 1]
[1, 1, 1, 1, 1]
[1]
