Puzzle number: 116095
width:  30
height:  30
solved_count:  2594
AVE_TIME:  '00:26:52'
ave_time_count:  114

top_values
[1, 3]
[1, 1, 2]
[1, 1, 1, 1]
[1, 1, 2]
[1, 1, 2, 1, 1]
[3, 1, 1]
[1, 1, 1, 2, 1, 2]
[1, 1, 3, 1, 2, 1, 2]
[1, 1, 3, 5, 1, 1, 1]
[1, 1, 1, 6, 1, 4]
[1, 1, 1, 9, 2, 3, 2]
[1, 1, 1, 3, 5, 6, 3]
[2, 1, 1, 3, 6, 1, 1, 1]
[2, 2, 2, 3, 1, 3, 1, 2, 1, 1]
[1, 1, 2, 2, 1, 2, 2, 2, 1]
[2, 2, 1, 1, 2, 1, 1, 4, 7]
[1, 1, 1, 1, 11, 1, 3]
[2, 5, 18]
[2, 24]
[1, 26]
[2, 3, 7, 1, 9, 2]
[12, 9, 2, 1, 1]
[14, 7, 1, 1, 1]
[11, 3, 1, 1, 1]
[4, 3, 1, 1, 2, 1, 1]
[3, 1, 1, 2, 1, 1, 2, 1]
[2, 3, 1, 2, 3, 2]
[2, 1, 1, 1, 1, 1, 1]
[1, 1, 1, 1, 1, 1, 1, 1, 1, 1]
[2, 3, 1, 1, 1, 1, 1]

left_values
[5, 7, 5, 2]
[1, 2, 2, 8]
[1, 5, 10]
[6, 4]
[4, 4, 1, 5, 2]
[8, 3]
[1, 2, 17]
[5, 2, 3, 4]
[2, 1, 7]
[4, 10, 1]
[6, 6, 3]
[6, 6]
[2, 1, 6, 1]
[7, 7, 2]
[1, 3, 7, 3, 1]
[4, 4, 2, 1, 1]
[2, 15]
[8, 4, 3]
[1, 4, 2, 9, 3]
[4, 9, 3]
[5, 12, 2]
[1, 1, 8]
[3, 2, 5]
[2, 6, 6, 2]
[8, 7, 2]
[1, 1, 4, 1, 4]
[2, 3, 1, 6, 2]
[6, 5, 3, 3]
[3, 1, 9, 1]
[3, 2, 2, 2, 6]
