Puzzle number: 116015
width:  35
height:  35
solved_count:  692
AVE_TIME:  '00:12:07'
ave_time_count:  100

top_values
[1, 1, 1, 3, 2, 1, 1]
[1, 1, 2, 2, 1, 1]
[1, 1, 3, 2, 1, 1]
[1, 1, 2, 2, 1, 1]
[1, 1, 3, 2, 1, 1]
[1, 1, 2, 2, 1, 1]
[9, 2, 1, 1]
[9, 2, 1, 1]
[1, 1, 1, 2, 2, 1, 1]
[1, 3, 2, 1, 1]
[1, 2, 2, 1, 1]
[1, 3, 2, 1, 1]
[1, 1, 1, 2, 2, 1, 1, 1]
[9, 2, 1, 1, 1]
[9, 2, 1, 1, 1]
[1, 1, 2, 2, 1, 1, 3, 1, 1]
[1, 1, 3, 2, 1, 1, 1, 1, 4]
[1, 1, 2, 2, 1, 1, 3, 3, 1]
[6, 2, 1, 1, 1, 1, 3, 1]
[15, 1, 1, 1, 1, 3, 1]
[15, 1, 1, 1, 2, 1, 1]
[6, 1, 1, 4, 1, 1, 1, 1, 1]
[1, 4, 1, 1, 3, 1, 1, 1, 1, 1]
[1, 1, 2, 1, 1, 4, 1, 1, 2, 1, 1]
[3, 3, 1, 1, 1, 1, 1]
[2, 3, 1, 1, 2, 1, 1]
[2, 3, 1, 1, 1, 1, 1]
[2, 3, 1, 1, 2, 1, 1]
[6, 3, 1, 1, 1, 1, 1]
[3, 4, 1, 1, 1, 1, 1]
[1, 1, 2, 4, 3, 1, 1, 6]
[6, 3, 1, 1, 1, 1, 1, 1]
[15, 1, 1, 1, 1]
[6, 2, 1, 1, 3]
[2, 1, 1, 1]

left_values
[1, 3, 1, 1, 3]
[4, 1, 2]
[3, 3, 3, 1, 1, 3]
[8, 5, 4, 1, 1, 2]
[2, 2, 14]
[2, 2, 14]
[1, 1, 1, 3, 3, 1, 3, 1, 1, 2]
[1, 1, 3, 1, 1, 3, 5, 1, 1, 2]
[1, 1, 1, 3, 1, 3, 1, 3, 1, 1, 2]
[8, 1, 1, 9, 1, 1, 2]
[21, 1, 1, 2]
[5, 4, 1, 1, 2]
[14]
[35]
[35]
[]
[35]
[]
[]
[]
[35]
[]
[]
[]
[]
[7]
[1, 3]
[5, 3]
[1, 1, 7]
[6, 1, 2]
[3, 4]
[15]
[2, 2]
[15]
[5, 1]
