Puzzle number: 116036
width:  35
height:  35
solved_count:  884
AVE_TIME:  '00:08:53'
ave_time_count:  101

top_values
[6, 1, 3]
[1, 2]
[5]
[7]
[7]
[2, 3]
[1, 1, 2]
[2, 3]
[1, 1, 2]
[2, 3]
[7]
[5]
[1, 2]
[1, 3]
[1, 2]
[1, 3]
[1, 2]
[1, 3]
[1, 2]
[]
[6]
[6]
[3, 7]
[4, 1, 7]
[3, 1, 7]
[3, 1, 1, 2, 1]
[3, 1, 1, 1, 2]
[2, 5, 2, 1]
[2, 12, 1, 2]
[2, 10, 2, 2, 1]
[2, 1, 4, 1, 2]
[2, 10, 2, 1]
[1, 1, 2, 1, 2]
[2, 4, 3, 1, 2, 1]
[1, 3, 2, 6, 1, 5]

left_values
[]
[]
[]
[]
[]
[]
[2]
[1, 3]
[1, 2]
[1, 2]
[1, 2]
[1, 2]
[1, 2, 1]
[1, 1]
[2, 1, 2]
[1, 2, 1]
[2, 2, 1]
[1, 4, 2]
[2, 2, 1, 1]
[1, 2, 1, 1]
[8, 1, 2, 1, 1]
[6, 1, 10, 2, 2, 4]
[3, 2, 1, 3, 1, 1]
[1, 3, 1, 1, 2, 1, 1, 1, 12, 1]
[6, 1, 10, 2, 2, 2, 1]
[19, 5, 6, 1]
[8, 15]
[5]
[15]
[4, 1, 1, 1, 1]
[3, 1, 1, 1, 1, 1]
[13]
[1]
[1]
[1]
