Puzzle number: 116136
width:  30
height:  30
solved_count:  3866
AVE_TIME:  '00:03:04'
ave_time_count:  158

top_values
[2, 5]
[1, 8]
[1, 1, 1, 1]
[2, 1, 2]
[4, 2]
[1, 1, 1]
[2, 1, 2]
[1, 4]
[1, 1, 2]
[1, 2]
[1, 3]
[1, 1]
[1]
[]
[]
[]
[1]
[2]
[3]
[1, 1]
[3]
[1, 1]
[1, 2]
[2, 1]
[1, 1]
[4]
[2, 1]
[2, 2]
[3, 1]
[4]

left_values
[12]
[3, 1, 1, 5]
[6, 2, 2]
[2, 3, 1]
[2]
[]
[]
[]
[]
[]
[]
[]
[]
[]
[]
[]
[]
[]
[]
[]
[2]
[1, 2]
[1, 2]
[2, 3]
[1, 2, 3]
[2, 1, 2]
[2, 4]
[3, 1, 3]
[2, 2, 5]
[12]
