Puzzle number: 116293
width:  20
height:  25
solved_count:  3287
AVE_TIME:  '00:05:02'
ave_time_count:  355

top_values
[1, 1]
[1, 1, 1]
[1, 1, 1]
[3, 1]
[4, 1]
[5, 1]
[5, 1, 1]
[4, 1, 1, 1, 2, 2]
[1, 4, 2, 2, 1, 1]
[25]
[1, 4, 2, 2, 1, 1]
[4, 1, 1, 1, 2, 2]
[5, 1, 1]
[5, 1]
[4, 1]
[3, 1]
[1, 1, 1]
[1, 1, 1]
[1, 1]
[1, 1]

left_values
[3, 1, 3]
[5, 3, 5]
[1, 4, 1, 4, 1]
[1, 1, 11, 1, 1]
[1, 1, 9, 1, 1, 1]
[1, 1, 1, 7, 1, 1, 1]
[1, 1, 5, 1, 1, 1]
[1, 1, 1]
[1, 1, 1]
[3]
[3]
[1, 1, 1]
[1, 1, 1]
[1, 1, 1]
[3]
[3]
[1, 1, 1]
[1, 1, 1]
[3]
[1, 1, 1]
[1, 1, 1]
[3]
[1]
[1]
[1]
