Puzzle number: 11623
width:  40
height:  50
solved_count:  521
AVE_TIME:  '00:56:37'
ave_time_count:  217

top_values
[10, 1, 1, 1, 1, 2, 3, 1, 4]
[10, 1, 1, 1, 1, 1, 3, 3, 4]
[6, 3, 1, 1, 2, 1, 2, 1, 2, 3, 5]
[6, 4, 1, 2, 1, 1, 2, 4, 1, 4]
[6, 3, 1, 1, 1, 2, 4, 1, 4]
[6, 3, 2, 1, 2, 1, 1, 3, 1, 2]
[7, 4, 1, 1, 1, 1, 1, 2, 4, 1, 2]
[1, 5, 1, 2, 1, 1, 1, 1, 1, 1, 2, 4, 2]
[1, 7, 3, 1, 1, 1, 2, 1, 2, 4, 1, 1]
[1, 7, 3, 1, 2, 1, 2, 2, 4, 1, 1]
[1, 7, 3, 1, 2, 1, 1, 1, 2, 4, 1, 1]
[1, 5, 5, 1, 1, 1, 1, 1, 1, 2, 4, 1]
[1, 5, 2, 3, 1, 1, 1, 2, 2, 1, 4, 1]
[7, 2, 3, 1, 2, 2, 1, 1, 2, 4, 1, 1]
[2, 4, 2, 3, 1, 1, 1, 3, 1, 1, 2, 4, 1]
[2, 7, 3, 1, 1, 1, 1, 1, 1, 1, 4, 1]
[2, 11, 1, 1, 1, 2, 2, 2, 4, 1]
[2, 8, 1, 1, 1, 2, 1, 1, 1, 1, 2, 4, 2]
[2, 4, 3, 3, 1, 1, 1, 1, 1, 4, 1]
[2, 4, 3, 3, 1, 1, 1, 1, 2, 2, 4, 1]
[7, 3, 3, 1, 1, 1, 1, 1, 1, 2, 4, 1]
[3, 3, 7, 2, 1, 1, 1, 1, 1, 2, 5, 1]
[3, 8, 3, 1, 1, 1, 1, 1, 1, 1, 4, 1]
[3, 8, 3, 1, 1, 1, 2, 1, 2, 2, 4, 1]
[3, 3, 4, 3, 1, 1, 2, 1, 1, 1, 2, 4]
[2, 3, 4, 3, 1, 1, 1, 1, 2, 1, 1, 3]
[6, 4, 4, 1, 2, 1, 1, 1, 2, 2, 4]
[5, 5, 3, 1, 1, 1, 2, 1, 2, 4]
[1, 11, 3, 1, 1, 1, 1, 2, 1, 2, 4]
[1, 10, 3, 1, 1, 2, 1, 1, 1, 2, 1, 4]
[2, 10, 3, 1, 1, 2, 1, 1, 1, 1, 1, 4]
[2, 3, 10, 1, 1, 2, 1, 1, 2, 1, 2, 4]
[3, 3, 6, 3, 2, 1, 3, 1, 1, 2, 1, 1, 4]
[3, 9, 3, 1, 1, 2, 1, 1, 1, 2, 1, 3]
[4, 3, 5, 3, 1, 1, 2, 1, 2, 2, 1, 2, 3]
[4, 2, 5, 3, 1, 1, 4, 2, 2, 1, 2, 3]
[5, 2, 6, 3, 1, 1, 2, 1, 2, 2, 1, 3]
[5, 1, 6, 3, 1, 1, 2, 1, 1, 1, 1, 2, 2]
[6, 1, 6, 3, 2, 2, 2, 1, 1, 3, 2, 1, 2]
[6, 6, 3, 1, 2, 2, 3, 3, 2, 3]

left_values
[19, 12]
[7, 14, 10]
[14, 9, 8]
[21, 5, 6]
[33, 4]
[35, 2]
[37]
[2, 3, 3, 2, 3, 6]
[4, 28]
[7, 29]
[12, 24]
[14, 19]
[14, 13]
[1, 1, 1, 5, 9, 9]
[3, 2, 15, 4]
[2, 14]
[4, 14]
[3, 1, 9]
[3, 2, 3, 4]
[2, 7]
[4, 4]
[4, 7]
[3, 5, 2]
[7, 5, 6]
[5, 5, 6]
[3, 5, 7, 2]
[4, 1, 7, 7]
[4, 4, 3, 8]
[3, 5, 4, 4, 5]
[3, 5, 4, 5]
[4, 6, 3, 3]
[4, 4, 5, 1]
[5, 4, 6]
[4, 6]
[2, 5, 6]
[5, 4, 6]
[8, 4, 2]
[6, 5, 2]
[5, 6, 4]
[9, 5, 4]
[12, 6, 2]
[12, 6]
[12, 6]
[1, 13, 6]
[2, 13, 5]
[3, 3, 15, 4]
[7, 15, 3]
[5, 4, 16, 1]
[8, 3, 14]
[8, 5, 4, 9]
