Puzzle number: 116463
width:  25
height:  10
solved_count:  3958
AVE_TIME:  '00:02:21'
ave_time_count:  581

top_values
[5]
[1, 1, 1, 1, 2]
[1, 4]
[1, 1, 1, 1, 2]
[5]
[]
[5]
[1, 1, 1, 1, 2]
[1, 4]
[1, 1, 1, 1, 2]
[5]
[]
[5]
[1, 1, 1, 1, 2]
[1, 4]
[1, 1, 1, 1, 2]
[5]
[]
[]
[]
[5, 1]
[1, 1, 1, 1]
[2, 5, 1]
[1, 1, 1]
[5, 1]

left_values
[5, 5, 5, 5]
[1, 1, 1, 1, 1, 1, 1, 1, 1]
[2, 2, 2, 2, 2, 2, 1, 1]
[1, 1, 1, 1, 1, 1, 1, 1, 1]
[5, 5, 5, 5]
[1, 1, 1, 1]
[3, 3, 3, 3, 1]
[1, 1, 1, 2]
[1, 1, 1, 1, 1, 1, 1]
[1, 1, 1, 1, 1, 1, 1]
