Puzzle number: 116547
width:  25
height:  10
solved_count:  3731
AVE_TIME:  '00:06:20'
ave_time_count:  554

top_values
[1, 3, 1]
[2, 1, 2]
[1, 1, 1]
[1, 6]
[1, 1]
[1, 6]
[1, 1, 1, 1]
[1, 1, 2]
[3, 1]
[1, 3, 1]
[2, 1, 2]
[1, 1, 1]
[2, 6]
[1, 1]
[6]
[2, 1, 1, 1]
[1, 1, 2]
[1, 3, 1]
[4, 2]
[3, 1, 1]
[1, 2]
[1, 1]
[1, 2]
[1, 1, 1]
[4]

left_values
[1, 1, 2, 1, 2]
[2, 3, 1, 1, 2, 1, 1]
[1]
[4, 8, 9]
[1, 1, 1, 2, 1, 1, 3, 1]
[1, 3, 2, 3, 3, 1]
[1, 1, 1, 1, 1]
[4, 8, 11]
[1, 1, 1, 1, 1, 1, 1, 1, 1, 1, 1, 1]
[1, 1, 1, 1, 1, 1]
