Puzzle number: 116707
width:  43
height:  35
solved_count:  512
AVE_TIME:  '00:19:52'
ave_time_count:  106

top_values
[3]
[2]
[1]
[4]
[6]
[6]
[2, 6]
[1, 3, 6]
[2, 2, 6]
[6, 3, 10]
[6, 5, 9]
[1, 10, 8]
[1, 4, 8]
[2, 4, 4, 7]
[2, 3, 12]
[2, 2, 12]
[5, 2, 8]
[14, 6]
[14, 5]
[3, 10, 3]
[2, 12, 3]
[1, 14, 2]
[6, 3]
[4]
[3]
[2, 2]
[1, 3, 3]
[5, 4, 2]
[6, 6, 2]
[7, 6, 2]
[7, 7, 2]
[7, 8, 3]
[6, 8, 3]
[3, 7, 3]
[6, 2]
[3, 3, 2]
[5, 2]
[6, 2]
[7, 2]
[7, 2]
[7, 2]
[7, 1]
[7, 1]

left_values
[20]
[3, 8, 4]
[2, 4, 3]
[2, 3, 3, 3]
[3, 3, 3, 5]
[3, 6, 6]
[1, 5, 7]
[1, 5, 6]
[2, 5, 7]
[5, 5, 6, 5]
[6, 5, 4, 6]
[13, 7]
[12, 8]
[1, 5, 8]
[4, 8]
[3, 7]
[2, 4]
[6]
[9]
[10]
[9]
[8]
[1, 1, 6]
[3, 5]
[3, 2, 3, 3]
[2, 4, 4]
[1, 4, 4]
[4, 5]
[12]
[18]
[19]
[16]
[14, 3]
[13, 14]
[11, 16]
