Puzzle number: 116701
width:  43
height:  35
solved_count:  570
AVE_TIME:  '00:19:06'
ave_time_count:  102

top_values
[28, 1]
[25, 2]
[22, 4]
[21, 4]
[19, 6]
[15, 7]
[13, 8]
[12, 3, 8]
[10, 7, 6]
[9, 8]
[8, 8]
[16]
[4, 8]
[3, 4]
[2, 5]
[1, 8]
[2, 9]
[3, 11]
[2, 5, 5]
[2, 4, 9, 1]
[1, 1, 7, 1]
[3, 4]
[2, 2, 4]
[2, 4]
[4, 3]
[7, 2]
[10]
[10]
[10]
[10]
[9]
[9]
[8]
[7]
[7, 1]
[6, 2]
[5, 2]
[4, 1]
[3, 4]
[5, 3]
[8, 2]
[9, 2]
[11, 1]

left_values
[18, 2, 5]
[15, 2, 1, 5]
[14, 2, 2, 5]
[13, 2, 1, 4]
[12, 2, 4]
[12, 3]
[13, 3]
[14, 3]
[10, 3, 1, 2]
[9, 3, 2, 1]
[8, 3, 3, 2, 1]
[8, 3, 3, 2]
[7, 3, 4, 3]
[6, 4, 5, 4]
[6, 3, 4, 4]
[5, 4, 4, 5]
[5, 3, 4, 6]
[5, 3, 4, 7]
[5, 3, 4, 7]
[4, 3, 4, 9]
[4, 3, 3, 10]
[3, 2, 11]
[2, 1, 12]
[2, 2, 15]
[2, 2, 13]
[1, 2, 4, 9]
[1, 8]
[1, 3, 7]
[4, 6]
[5, 4]
[5, 2]
[7]
[7]
[7, 2]
[8, 2, 4]
