Puzzle number: 117280
width:  50
height:  50
solved_count:  1259
AVE_TIME:  '00:01:34'
ave_time_count:  109

top_values
[2, 4, 2]
[3, 4, 1]
[3, 3]
[3, 3]
[2, 1]
[3]
[2]
[1]
[]
[]
[]
[]
[]
[]
[]
[]
[]
[]
[]
[]
[]
[]
[]
[]
[]
[]
[]
[]
[]
[]
[]
[]
[]
[]
[]
[]
[]
[]
[]
[]
[]
[]
[]
[]
[]
[]
[]
[]
[]
[]

left_values
[]
[]
[]
[]
[]
[]
[]
[]
[]
[]
[]
[]
[]
[]
[]
[]
[]
[]
[]
[]
[]
[]
[]
[]
[]
[]
[]
[]
[]
[]
[]
[]
[]
[]
[]
[]
[]
[1]
[1]
[1]
[1]
[2]
[1, 1]
[1, 2]
[2, 1]
[2, 2]
[2, 2]
[3, 1]
[1, 5]
[2, 1, 2]
