Puzzle number: 117374
width:  40
height:  40
solved_count:  1110
AVE_TIME:  '00:18:58'
ave_time_count:  220

top_values
[2, 3, 1, 3, 1, 1]
[1, 3, 1, 3, 1, 1]
[2, 4, 1, 2, 2]
[2, 4, 1, 22]
[1, 4, 1, 3, 22]
[2, 5, 1, 3, 22]
[2, 5, 1, 2, 2]
[1, 5, 1, 1, 1]
[2, 6, 1, 3, 1, 19]
[2, 6, 1, 3, 1, 2, 1]
[1, 1, 2, 1, 1, 2, 16]
[2, 1, 1, 2, 16]
[2, 3, 1, 3, 1, 2, 16]
[2, 5, 1, 3, 1, 2, 16]
[2, 2, 2, 1, 1, 2, 1]
[2, 5, 1, 1, 2, 16]
[2, 3, 1, 3, 1, 2, 16]
[2, 1, 3, 1, 2, 16]
[1, 1, 1, 1, 1, 2, 16]
[2, 6, 1, 1, 2, 1]
[2, 6, 1, 3, 1, 19]
[1, 5, 1, 3, 1, 1]
[2, 5, 1, 2, 2]
[2, 5, 1, 22]
[1, 4, 1, 3, 22]
[2, 4, 1, 3, 22]
[2, 4, 1, 2, 2]
[1, 3, 1, 1, 1]
[2, 3, 1, 3, 1, 1]
[2, 3, 1, 3, 1, 1]
[1, 2, 1, 1, 10, 4]
[2, 2, 1, 1, 10, 1, 1]
[2, 2, 1, 3, 1, 2, 1, 6, 1]
[1, 1, 1, 3, 1, 2, 1, 3, 5, 1]
[2, 1, 1, 1, 6, 3, 5, 1]
[2, 1, 1, 2, 1, 3, 5, 1]
[1, 1, 3, 1, 2, 1, 6, 1]
[2, 1, 3, 1, 9, 1, 1]
[2, 1, 1, 2, 1, 1, 4]
[1, 1, 1, 2, 1, 1, 1]

left_values
[3]
[7]
[5, 5]
[5, 5]
[5, 5]
[4, 3, 3, 3, 5]
[1, 5, 5, 5, 5]
[8, 2, 2, 8, 5]
[10, 5, 11, 5]
[11, 3, 14, 3]
[11, 17]
[]
[40]
[]
[2, 2, 2, 2, 2, 2, 2, 2, 2, 2]
[2, 2, 2, 2, 2, 2, 2, 2, 2, 2]
[2, 2, 2, 2, 2, 2, 2, 2, 2, 2]
[]
[40]
[5, 5]
[3, 3]
[3, 13, 3]
[3, 13, 3, 10]
[3, 1, 1, 3, 10]
[3, 1, 4, 4, 1, 3, 2, 1, 1]
[3, 1, 4, 4, 1, 3, 2, 1, 1]
[3, 1, 4, 4, 1, 3, 10]
[3, 1, 4, 4, 1, 3, 2, 1, 1]
[3, 1, 4, 4, 1, 3, 2, 1]
[3, 1, 4, 4, 1, 3, 2, 3, 3]
[3, 1, 4, 4, 1, 3, 2, 3, 1]
[3, 1, 4, 4, 1, 3, 2, 3]
[3, 1, 4, 4, 1, 3, 1, 1]
[3, 1, 4, 4, 1, 3, 5]
[3, 1, 4, 4, 1, 3, 5]
[3, 1, 4, 4, 1, 3, 5]
[3, 1, 4, 4, 1, 3, 1, 5, 1]
[3, 1, 4, 4, 1, 3, 9]
[5, 1, 4, 4, 1, 5, 1, 1]
[40]
