Puzzle number: 11737
width:  33
height:  17
solved_count:  3604
AVE_TIME:  '00:08:55'
ave_time_count:  1922

top_values
[5]
[1, 2, 1]
[1, 2, 1]
[6, 1]
[7, 1]
[7, 1]
[7, 2]
[7, 4]
[7, 6]
[2, 5, 2, 2]
[2, 5, 6]
[2, 7, 4]
[1, 1, 6, 2]
[1, 9, 1]
[1, 6, 1]
[1, 6, 1]
[1, 6, 1]
[1, 9, 1]
[1, 6, 1]
[11, 1]
[1, 6, 2]
[1, 6, 4]
[1, 5, 6]
[1, 5, 2, 2]
[1, 5, 6]
[1, 9, 4]
[2, 6, 2]
[2, 6, 1]
[2, 6, 1]
[8, 1]
[7, 1]
[6, 1]
[6]

left_values
[16]
[2, 1, 2]
[2, 1, 1, 1, 1, 2]
[2, 2, 1, 1, 1, 2]
[5, 1, 1, 1, 1, 1, 2]
[29]
[32]
[1, 30]
[1, 30]
[33]
[8, 11, 8]
[1, 3, 3, 1]
[5, 5, 7, 5, 5]
[3, 3, 3, 3]
[3, 3, 3, 3]
[5, 5]
[3, 3]
