Puzzle number: 117443
width:  50
height:  25
solved_count:  529
AVE_TIME:  '00:34:43'
ave_time_count:  103

top_values
[6, 9, 2]
[3, 4, 2, 3]
[1, 8, 1]
[2, 5, 3]
[6, 6]
[1, 13]
[17]
[12, 6]
[9, 7]
[7, 2, 3]
[3, 2, 4]
[1, 3, 3]
[3, 3, 1]
[2, 6]
[1, 2, 2, 4]
[4, 1]
[9, 1]
[6, 1, 1, 2, 2]
[3, 1, 2, 5]
[8, 5]
[6, 2]
[4, 3, 3]
[2, 3, 3, 2, 1]
[1, 3, 4]
[3]
[]
[3, 5]
[1, 3]
[2]
[2, 4]
[1, 1, 2, 7]
[1, 3, 7]
[3, 1, 8]
[2, 2, 4, 4]
[4, 1]
[9, 2]
[13]
[10]
[3, 4, 4]
[15, 1]
[1, 16]
[7, 5]
[6, 3]
[2, 4]
[3, 5]
[2, 2, 2]
[2, 2, 1]
[1, 2, 1, 4]
[3, 2, 1, 2, 5]
[12, 10]

left_values
[4, 14, 2, 4, 3]
[2, 1, 1, 2, 8, 1, 2, 2]
[2, 1, 1, 7, 1, 1, 2, 1, 2]
[1, 4, 3, 1, 1, 2, 1]
[1, 1, 2, 2, 4, 2, 1]
[1, 2, 2, 6, 3]
[1, 1, 1, 6, 2]
[1, 1, 1, 1, 1, 1, 4, 2, 1]
[1, 3, 1, 1, 1, 1, 1, 5, 3, 1]
[2, 4, 1, 2, 2, 1, 1, 3, 2, 4]
[2, 1, 4, 2, 3, 1, 5, 2, 1]
[1, 2, 4, 3, 7, 1, 1, 6, 2, 1]
[1, 8, 2, 2, 2, 2, 4, 2, 3, 2]
[1, 8, 4, 1, 1, 4, 1, 1, 3, 3, 1]
[10, 3, 1, 1, 1, 2, 7, 1, 1]
[13, 1, 2, 2, 10, 1, 2]
[1, 1, 6, 1, 1, 1, 8, 1, 1]
[1, 1, 3, 2, 1, 9, 1, 1]
[1, 2, 2, 2, 2, 8, 2, 1]
[2, 6, 1, 1, 3, 3, 1, 2, 1]
[1, 5, 2, 3, 2, 3]
[2, 5, 3, 1, 5, 1, 3]
[1, 9, 5, 3]
[9, 8, 1, 2]
[9, 1, 1, 6, 1, 1, 1, 2]
