Puzzle number: 117691
width:  40
height:  40
solved_count:  945
AVE_TIME:  '00:22:28'
ave_time_count:  165

top_values
[11]
[14]
[16]
[17]
[18]
[19]
[20]
[20]
[21]
[21]
[22]
[22]
[22]
[22]
[21]
[4, 20]
[28]
[19, 6]
[19, 5]
[18, 6]
[18, 6]
[5, 11, 5]
[4, 11, 5]
[4, 9, 5]
[4, 8, 5]
[4, 6, 5]
[4, 3, 5]
[4, 6, 5]
[9, 10, 5]
[14, 5, 5]
[11, 3, 4]
[9, 3, 3]
[4, 2, 3]
[2, 3]
[2, 5]
[3, 5]
[3, 5]
[4, 5]
[11]
[7]

left_values
[7]
[10]
[12]
[13]
[6, 3]
[5, 3]
[8, 4]
[8, 4]
[8, 9, 4]
[11, 10, 5]
[13, 9, 5]
[25, 4]
[25, 5]
[26, 4]
[26, 5]
[31]
[30]
[21, 3, 5]
[20, 11]
[19, 5, 4]
[18, 3, 3]
[17, 2, 3]
[17, 1, 2]
[17, 2]
[16, 2]
[15, 2]
[14, 3]
[13, 4]
[12, 4]
[11, 5]
[9, 4]
[7, 4]
[5, 4]
[7, 5]
[7, 4]
[10]
[8]
[6]
[4]
[2]
