Puzzle number: 117838
width:  30
height:  30
solved_count:  2303
AVE_TIME:  '00:07:25'
ave_time_count:  158

top_values
[3, 3, 1]
[3, 3, 1]
[3, 3, 1]
[3, 3, 1]
[8, 4, 1]
[30]
[30]
[]
[30]
[]
[5, 4, 4, 5, 3]
[5, 5, 5, 5, 3]
[1, 5, 5, 5, 5, 2]
[1, 5, 4, 4, 5, 2]
[1, 6, 4, 5, 5, 1]
[1, 5, 4, 4, 6]
[1, 6, 4, 5, 5]
[1, 2]
[30]
[3]
[3, 12, 12]
[2, 12, 12]
[2, 12, 12, 1]
[2, 12, 12, 1]
[1, 11, 12, 2]
[1, 12, 12, 2]
[1, 11, 12, 3]
[11, 12, 3]
[11, 12, 4]
[11, 12, 4]

left_values
[1, 3, 1, 2, 10]
[2, 3, 1, 1, 2, 6, 2]
[7, 1, 3, 5, 5]
[6, 1, 5, 2, 8]
[5, 1, 7, 1, 10]
[3, 1, 7, 1, 10]
[3, 1, 6, 1, 10]
[3, 1, 4, 1, 10]
[2, 1, 2, 3, 1, 10]
[3, 1, 3, 1, 1, 10]
[7, 1, 4, 1, 10]
[7, 1, 6, 1, 10]
[7, 1, 6, 1, 8]
[2, 1, 5, 1, 6, 2]
[2, 1, 2, 3, 1, 4, 4]
[2, 1, 3, 1, 1, 2, 6]
[2, 1, 5, 1, 8]
[2, 1, 7, 1, 10]
[2, 1, 6, 1, 10]
[2, 1, 5, 1, 10]
[2, 1, 1, 3, 1, 10]
[2, 1, 3, 1, 1, 10]
[2, 1, 4, 1, 10]
[2, 1, 6, 1, 10]
[2, 1, 7, 1, 10]
[2, 1, 6, 1, 8]
[2, 1, 4, 1, 6, 2]
[2, 1, 2, 3, 1, 4, 4]
[2, 1, 4, 2, 1, 2, 6]
[7, 1, 5, 1, 8]
