Puzzle number: 117869
width:  30
height:  30
solved_count:  2286
AVE_TIME:  '00:08:22'
ave_time_count:  103

top_values
[1]
[1, 2]
[1, 4]
[2]
[1, 3]
[1, 3, 1]
[3, 2]
[2, 2]
[1, 6, 5, 1, 2]
[1, 6, 5, 1, 2]
[1, 6, 5, 2, 1]
[1, 6, 5, 2, 1]
[1, 6, 4, 3, 1]
[1, 6, 4, 3, 1]
[6, 4, 4, 2]
[2, 4, 2]
[2, 2, 4, 4, 2]
[2, 2, 4, 5, 2]
[2, 5, 2]
[1, 6, 4, 3, 2, 2]
[1, 6, 4, 3, 2]
[6, 4, 2, 2]
[1, 6, 4, 2, 2]
[1, 7, 4, 1, 1]
[1, 7, 5, 1, 1]
[1, 5, 2, 1]
[2]
[2]
[]
[]

left_values
[3, 2, 6, 2, 4]
[]
[]
[]
[2, 2, 2]
[23]
[21]
[7, 7]
[7, 7]
[7, 2, 7]
[7, 2, 6]
[]
[7, 2, 6]
[7, 2, 6]
[7, 2, 7]
[7, 2, 7]
[4, 1]
[]
[]
[8]
[15]
[11]
[7]
[3]
[3]
[1, 1]
[5]
[3, 2]
[2, 3, 9]
[2, 18]
