Puzzle number: 118152
width:  30
height:  25
solved_count:  2562
AVE_TIME:  '00:09:57'
ave_time_count:  266

top_values
[1, 4]
[2, 5]
[2, 5]
[1, 5]
[2, 5, 1]
[8, 2]
[8, 2]
[8, 2]
[7, 2]
[6, 2]
[6, 2]
[6, 3, 1]
[6, 3, 2]
[3, 2, 3, 2]
[2, 2, 3, 3]
[2, 2, 3, 3]
[1, 2, 2, 3]
[1, 1, 2, 2]
[2, 2, 2, 4]
[1, 4, 4]
[6, 5, 1, 1]
[4, 8, 2, 1]
[3, 7, 3, 1]
[2, 4, 3, 2]
[2, 3, 3, 2]
[2, 4, 3, 3]
[2, 4, 8]
[1, 3, 10]
[1, 4, 14]
[7, 15]

left_values
[4]
[2, 1]
[3, 1]
[3, 1]
[4, 2, 2]
[2, 5, 4]
[2, 2, 5]
[2, 4, 5]
[3, 5, 4]
[3, 2, 7]
[4, 2, 6, 1]
[8, 2, 3, 2]
[8, 2, 2, 3]
[7, 2, 3, 3]
[7, 2, 3, 3]
[8, 3, 4, 4]
[2, 4, 3, 4, 5]
[2, 5, 3, 3, 6]
[5, 3, 2, 7]
[5, 3, 2, 3, 4]
[5, 2, 2, 3, 4]
[5, 2, 2, 3, 5]
[4, 2, 3, 3, 2]
[3, 2, 4, 3, 2]
[2, 2, 4, 4, 2]
