Puzzle number: 11824
width:  25
height:  20
solved_count:  4050
AVE_TIME:  '00:08:56'
ave_time_count:  2052

top_values
[11]
[11]
[1, 2]
[1, 8]
[1, 9]
[20]
[13]
[1, 2]
[2, 1]
[1, 2]
[2, 1]
[1, 2]
[2, 1]
[1, 2]
[2, 2, 1]
[1, 2, 5]
[3, 3, 7]
[2, 5]
[2, 2, 6, 4]
[4, 14]
[17]
[15]
[5, 6]
[2, 1, 1]
[3]

left_values
[4, 3]
[2, 3, 4]
[2, 3, 6]
[2, 3, 6]
[4, 2, 3, 4]
[2, 4, 3, 2]
[2, 3, 6]
[2, 2, 2, 5]
[2, 2, 3, 5, 1]
[2, 2, 12, 1]
[2, 2, 10, 1]
[2, 3, 8]
[2, 4, 6]
[6, 6]
[6, 1, 3]
[3, 2, 2]
[3, 2, 3]
[3, 2, 2]
[3, 2, 2]
[3, 3, 2]
