Puzzle number: 11834
width:  45
height:  50
solved_count:  1538
AVE_TIME:  '00:20:00'
ave_time_count:  659

top_values
[2, 21, 6, 10]
[2, 20, 3, 2, 12]
[2, 17, 3, 2, 2, 9]
[8, 6, 3, 2, 1, 9]
[8, 2, 2, 4, 8]
[2, 1, 2, 4, 8]
[3, 5, 8]
[2, 6, 8]
[1, 6, 8]
[7, 7]
[9, 7]
[9, 6]
[9, 6]
[8, 4]
[8, 3]
[7]
[7]
[7]
[6]
[6]
[6]
[7]
[1, 7]
[1, 8]
[3, 7]
[2, 1, 7, 1]
[1, 1, 3, 5]
[1, 3, 6]
[2, 2, 6]
[6, 5]
[2, 4]
[1, 4]
[4]
[4]
[3]
[]
[]
[]
[]
[3]
[2, 1]
[2, 2]
[3, 3, 4]
[7, 5, 1, 5]
[9, 3, 1, 2, 3, 3]

left_values
[3]
[3]
[]
[]
[]
[]
[]
[1]
[2]
[2, 2]
[2, 2]
[3, 2]
[4, 2]
[4, 2]
[4, 2]
[4, 1]
[4]
[4]
[4]
[4]
[3, 1]
[3, 1]
[5]
[5, 4]
[5, 5]
[5, 2, 3]
[6, 1, 1]
[6, 6]
[2, 2]
[1, 3, 2, 3]
[5, 2, 1, 1]
[4, 2, 3, 1]
[2, 5, 3, 3, 2]
[1, 5, 6, 1]
[4, 11, 5, 1, 1]
[2, 26, 2]
[1, 1, 27, 3]
[2, 22, 3, 2]
[2, 26, 3, 2]
[2, 29, 3]
[4, 25, 1]
[9, 3, 8, 1]
[15, 7]
[15, 3]
[15]
[14]
[13]
[13]
[10]
[]
