Puzzle number: 118326
width:  40
height:  20
solved_count:  2580
AVE_TIME:  '00:06:22'
ave_time_count:  461

top_values
[8]
[6]
[6]
[4]
[5]
[6, 5]
[7, 3]
[6, 5]
[5]
[4]
[3]
[2]
[8]
[3]
[1, 1]
[3]
[3]
[1]
[20]
[1, 5]
[5]
[5, 4, 3]
[5, 4, 3]
[5]
[4]
[4, 4]
[3]
[3, 4, 5]
[2, 1, 5, 5]
[3, 4, 5]
[3]
[4, 4]
[4]
[5]
[5, 4, 3]
[5, 4, 3]
[5]
[1, 5]
[20]
[1]

left_values
[3, 3]
[1, 1]
[21]
[21]
[10, 10]
[8, 1, 8]
[1, 6, 6]
[2, 3, 1, 1, 1]
[2, 5, 1, 2, 1, 3, 1, 2, 1]
[9, 1, 2, 1, 3, 1, 2, 1]
[10, 1, 2, 1, 3, 1, 2, 1]
[11, 1, 2, 1, 3, 1, 2, 1]
[13, 1, 1]
[1, 1, 1, 1]
[1, 1, 1, 1]
[1, 3, 1, 1, 2, 3, 2, 1]
[1, 3, 1, 1, 2, 3, 2, 1]
[1, 3, 5, 1, 2, 3, 2, 1]
[1, 1, 1, 2, 2, 1, 3, 1]
[1, 1, 1, 5, 1, 3, 1]
