Puzzle number: 118345
width:  50
height:  35
solved_count:  789
AVE_TIME:  '00:03:17'
ave_time_count:  168

top_values
[]
[]
[]
[]
[]
[]
[]
[]
[]
[]
[]
[]
[]
[]
[]
[]
[]
[]
[]
[]
[]
[]
[]
[]
[]
[]
[]
[]
[]
[]
[]
[]
[]
[1]
[1]
[2]
[2]
[3]
[4]
[4]
[4]
[5]
[4]
[6]
[3]
[6, 11]
[3, 3, 3]
[6, 13, 2]
[1, 3, 5, 2]
[8, 1, 3, 2]

left_values
[7, 1, 1, 1, 2]
[7, 1, 1, 1, 1]
[7, 1, 1, 1]
[8, 1, 1]
[8, 1]
[8]
[4]
[2]
[]
[]
[]
[]
[]
[1]
[2]
[2]
[3]
[1, 1]
[1, 1]
[1, 1]
[1, 1]
[1, 1]
[1, 3]
[1, 2]
[1, 2]
[1, 3]
[2, 2]
[1, 1]
[2]
[3]
[2]
[]
[]
[]
[]
