Puzzle number: 118440
width:  45
height:  50
solved_count:  273
AVE_TIME:  '00:16:46'
ave_time_count:  102

top_values
[50]
[48]
[22, 19]
[30, 17]
[32, 13]
[36, 10]
[17, 28]
[21, 27]
[22, 23]
[7, 15, 20]
[9, 13, 9, 5]
[12, 29, 4]
[13, 32]
[17, 29]
[38, 9]
[37, 5]
[2, 39]
[5, 42]
[28, 18]
[31, 14]
[35, 10]
[39, 8]
[50]
[50]
[50]
[50]
[50]
[50]
[22, 18]
[16, 17]
[14, 17]
[10, 18]
[2, 7, 5, 1, 3, 2]
[4, 8, 10, 3, 4]
[11, 3, 3, 2, 1]
[10, 2, 1]
[5, 9, 2, 3]
[3, 3, 2, 1]
[3, 5, 5, 1]
[2, 5, 10]
[11, 5, 9]
[4, 4, 3]
[2, 3, 2]
[4, 3, 2, 4]
[6, 3, 2, 2]

left_values
[1, 12, 12, 3, 3]
[1, 12, 12, 3, 1, 3]
[2, 12, 11, 2, 2, 2]
[2, 13, 12, 2, 3, 2]
[2, 13, 12, 1, 1, 3, 1, 1]
[17, 13, 2, 3, 1, 1]
[17, 14, 5, 1]
[9, 7, 19, 1]
[9, 27, 1]
[9, 25, 2]
[9, 25, 2]
[10, 23, 1, 2]
[10, 22, 2, 2]
[10, 20, 2, 1]
[10, 19, 2, 2]
[10, 1, 19, 2, 1]
[12, 18, 1, 1]
[6, 5, 17, 1]
[6, 6, 16, 1]
[6, 6, 16, 1]
[6, 6, 16, 1, 2]
[6, 21, 1, 1]
[7, 20, 2, 1, 1]
[8, 20, 1, 1, 2]
[8, 20, 1, 1, 1]
[8, 19, 1, 2, 1]
[8, 18, 1, 4]
[2, 6, 18, 1, 2, 2]
[2, 6, 8, 9, 3, 2, 1]
[2, 6, 7, 9, 2, 2, 1]
[2, 6, 7, 9, 2, 2]
[3, 6, 7, 8, 2, 2]
[3, 5, 8, 9, 2, 2]
[4, 14, 13, 1, 1]
[4, 14, 13, 3]
[4, 14, 12, 2]
[4, 14, 11, 2]
[5, 14, 11, 1, 1]
[5, 8, 5, 12, 1]
[5, 8, 5, 10, 1]
[14, 5, 10, 1, 2]
[15, 5, 10, 1, 3]
[10, 4, 18, 2]
[10, 4, 17, 2]
[10, 3, 16, 2]
[11, 4, 15, 1, 2]
[16, 15, 2, 2]
[16, 15, 1, 1, 3]
[16, 17, 1, 3]
[16, 25]
