Puzzle number: 11858
width:  30
height:  20
solved_count:  8410
AVE_TIME:  '00:04:31'
ave_time_count:  5324

top_values
[2, 12]
[3, 12]
[4, 11]
[5, 11]
[5, 10]
[6, 9]
[7, 8]
[8]
[8]
[8]
[9]
[9, 2]
[9, 3]
[9, 4]
[8, 5]
[8, 6]
[8, 7]
[7, 7]
[6, 7]
[5, 8]
[4, 8]
[2, 8]
[8]
[8]
[6, 7]
[9, 7]
[11, 6]
[12, 5]
[12, 4]
[12, 2]

left_values
[22, 4]
[22, 5]
[20, 6]
[19, 6]
[17, 6]
[14, 6]
[12, 6]
[10, 6]
[2, 4, 5]
[4, 5]
[5, 4]
[6, 3]
[7, 5]
[7, 10]
[7, 12]
[7, 14]
[7, 16]
[7, 17]
[7, 19]
[7, 19]
