Puzzle number: 118607
width:  35
height:  25
solved_count:  2667
AVE_TIME:  '00:06:18'
ave_time_count:  379

top_values
[1]
[9]
[2, 1]
[3, 1]
[8]
[4, 1]
[4, 1]
[9]
[18, 1]
[6, 4, 1]
[5, 9]
[5, 4, 1]
[5, 5, 4, 1]
[5, 5, 9]
[5, 5, 4, 1]
[5, 5, 4, 1]
[5, 9]
[5, 11]
[5, 4]
[5, 3]
[5, 5, 2, 5]
[5, 5, 3, 5]
[5, 5, 2, 5]
[5, 2]
[5, 2]
[5, 8]
[5]
[5, 5, 5]
[5, 5, 5]
[5, 5, 5]
[5, 5, 5]
[5]
[5]
[6]
[25]

left_values
[2, 2]
[27]
[27]
[27]
[27]
[27]
[1, 1]
[1, 4, 3, 4, 1]
[1, 4, 3, 4, 1]
[1, 4, 3, 4, 1]
[1, 4, 3, 4, 1]
[1, 4, 3, 4, 1]
[1, 1]
[1, 1, 1]
[18, 1]
[21, 1]
[19, 2, 1]
[19, 2, 1]
[1, 1, 1, 1, 1, 2, 3, 1, 4, 1]
[1, 1, 1, 1, 1, 2, 3, 1, 4, 1]
[1, 1, 1, 1, 1, 2, 3, 1, 4, 1]
[1, 1, 1, 1, 1, 2, 3, 1, 4, 1]
[17, 3, 1, 4, 1]
[1, 1, 1, 1]
[1, 1, 1, 1]
