Puzzle number: 118710
width:  40
height:  10
solved_count:  3368
AVE_TIME:  '00:04:15'
ave_time_count:  654

top_values
[9]
[3]
[3]
[1, 1, 1]
[2]
[2]
[2]
[1]
[2]
[2]
[2, 2]
[1, 2]
[2, 2]
[1, 2]
[1, 2]
[1, 1]
[1, 2]
[4]
[1, 6]
[1, 1, 4, 1]
[3, 2, 2]
[1, 1, 4, 1]
[1, 6]
[4]
[1, 2]
[1, 1]
[1, 2]
[1, 2]
[2, 2]
[1, 2]
[2, 2]
[2]
[2]
[1]
[2]
[2]
[2]
[1]
[1]
[1]

left_values
[5]
[4, 1]
[3, 5]
[4, 6, 6]
[1, 7]
[1, 3, 7, 9, 7, 3]
[1, 8, 8, 8, 10]
[1, 1, 5, 1]
[1, 3, 1, 3]
[1, 1, 1, 1, 1, 1, 1]
