Puzzle number: 118980
width:  20
height:  20
solved_count:  3303
AVE_TIME:  '00:08:20'
ave_time_count:  445

top_values
[3, 4]
[5, 6]
[5, 8]
[6, 8]
[6, 1, 7]
[6, 5, 1, 2]
[6, 3, 2, 3]
[4, 2, 6]
[3, 3, 4]
[1, 3, 6]
[2, 8]
[2, 8]
[4, 1, 7]
[2, 7, 2, 1, 2]
[4, 2, 3]
[8, 6]
[10, 4]
[9]
[9]
[7]

left_values
[4, 5]
[7, 8]
[8, 3, 6]
[8, 2, 1, 6]
[7, 2, 1, 5]
[7, 2, 1, 5]
[4, 2, 1, 5]
[2, 1, 5]
[1, 1, 4]
[2, 1, 3]
[1, 1]
[2, 1]
[2, 2, 2, 2]
[7, 7]
[5, 6, 2]
[5, 6, 2]
[6, 7, 2]
[5, 7, 3]
[7, 7]
[5, 5]
