Puzzle number: 119035
width:  50
height:  50
solved_count:  280
AVE_TIME:  '00:31:04'
ave_time_count:  103

top_values
[1]
[2]
[3]
[4]
[5]
[6]
[3, 3]
[2, 4]
[3, 5]
[2, 8]
[12]
[14]
[6, 7]
[3, 1, 8]
[14, 2]
[13, 1]
[2, 5, 1]
[2, 7, 4]
[2, 1, 7, 6]
[12, 8]
[12, 1, 3, 2, 1]
[14, 3, 6, 1, 1]
[15, 9, 1]
[14, 4, 6, 1]
[6, 5, 4, 2, 2, 2, 1]
[4, 4, 5, 1, 1]
[2, 10, 1, 2]
[2, 7]
[4, 9, 2]
[4, 3, 3, 9]
[5, 5, 1, 8]
[7, 8, 7]
[6, 3, 13, 6]
[4, 5, 5, 2, 6]
[3, 8, 3, 4, 9, 3]
[10, 2, 4, 13]
[1, 11, 1, 3, 14]
[5, 2, 1, 2, 3, 2, 13]
[3, 1, 1, 4, 1, 4, 1, 10]
[1, 1, 1, 1, 3, 1, 2, 5, 1, 9]
[1, 1, 1, 1, 5, 1, 4, 2, 3, 2]
[1, 1, 1, 3, 1, 2, 4, 4]
[1, 1, 1, 3, 2, 2, 5, 4]
[1, 1, 3, 2, 1, 10]
[1, 2, 2, 2, 4, 3, 3]
[6, 2, 4]
[3, 1, 2, 6]
[6, 2, 6]
[2, 2, 2, 5]
[15]

left_values
[12]
[4, 2]
[13]
[3, 3]
[2, 9]
[7]
[3, 8]
[9]
[9]
[14]
[4, 1, 1, 5]
[1, 7, 1, 6]
[3, 5, 1, 1, 7]
[3, 7, 2, 5]
[2, 3, 8, 3, 5]
[12, 3, 4, 3]
[7, 2, 3, 3, 1, 1]
[11, 2, 3, 1]
[3, 4, 2, 3, 3]
[5, 4, 1, 3, 2]
[10, 1, 3, 1]
[7, 3, 2, 3]
[7, 3, 3, 2]
[7, 4, 1, 1]
[5, 2, 3, 2, 1]
[7, 5, 2, 1]
[9, 5, 2, 2]
[6, 1, 4, 3, 2]
[5, 1, 5, 2, 3]
[1, 5, 4, 2, 3]
[1, 6, 4, 2, 3]
[1, 2, 4, 3, 2, 2]
[2, 2, 1, 7, 2]
[2, 5, 1, 5, 1, 3]
[3, 2, 2, 2, 3, 1, 2]
[4, 2, 2, 7, 2]
[5, 2, 2, 3, 1, 2]
[2, 5, 2, 3, 1, 1]
[3, 4, 3, 8, 1]
[9, 4, 5, 2]
[5, 3, 4, 10]
[1, 2, 3, 4, 9]
[5, 3, 4, 5, 2]
[2, 7, 3, 5, 3]
[2, 7, 2, 5, 2]
[3, 7, 2, 5, 3]
[3, 8, 4, 3, 3]
[12, 5, 3, 4]
[14, 3, 6]
[25, 2, 2]
