Puzzle number: 119011
width:  40
height:  40
solved_count:  837
AVE_TIME:  '00:14:04'
ave_time_count:  110

top_values
[1, 1, 4]
[3, 1, 4]
[5, 4]
[5, 1, 2]
[5, 4]
[2, 4, 5]
[4, 2, 5]
[4, 3, 2, 2]
[1, 1, 2, 4]
[4, 1, 4]
[1, 2, 2, 2]
[4, 5]
[2, 1, 4]
[1, 1, 5]
[4, 2, 2, 2]
[3, 6, 3]
[2, 7, 5]
[1, 10, 2, 6]
[6, 9, 7]
[7, 3, 8]
[2, 7, 1, 9]
[5, 8]
[1, 1, 7, 1]
[2, 8, 3]
[2, 8, 4]
[3, 11, 6]
[12, 7]
[14, 10]
[34]
[36]
[35, 1]
[32, 4]
[40]
[40]
[36]
[34]
[27]
[24]
[18]
[]

left_values
[12, 3, 1, 10]
[3, 1, 2, 3, 2, 1, 10]
[3, 3, 2, 1, 2, 10]
[9, 2, 2, 10]
[4, 11]
[1, 11]
[1, 11]
[1, 11]
[1, 11]
[2, 11]
[1, 11]
[1, 11]
[1, 11]
[1, 11]
[1, 11]
[2, 12]
[1, 12]
[1, 12]
[5, 3, 1, 12]
[9, 1, 12]
[7, 2, 12]
[4, 1, 13]
[5, 1, 13]
[2, 13]
[2, 12]
[2, 13]
[2, 13]
[3, 13]
[4, 13]
[6, 5, 8]
[3, 2, 5, 9]
[6, 6, 9]
[4, 3, 6, 4, 4]
[12, 6, 5, 4]
[10, 5, 7, 6, 3]
[3, 3, 6, 7, 5, 3]
[12, 6, 5, 3]
[8, 7, 6, 3]
[7, 5, 3]
[7, 6, 4]
