Puzzle number: 119276
width:  30
height:  30
solved_count:  1333
AVE_TIME:  '00:09:13'
ave_time_count:  129

top_values
[1, 1, 1, 1, 1, 2]
[4, 5, 3]
[1, 4, 4, 2]
[1, 1, 1, 1, 1, 1, 2]
[1, 4, 7]
[4, 4, 4]
[1, 1, 1, 1, 1, 1, 3]
[4, 4, 4]
[5, 4, 2]
[1, 1, 1, 1, 1, 1, 2]
[1, 5, 6]
[3, 5, 4]
[1, 1, 1, 1, 1, 1, 3]
[4, 5, 3]
[1, 4, 7, 4]
[1, 1, 1, 1, 1, 1, 2, 3]
[1, 4, 7, 3]
[4, 4, 4, 1]
[1, 1, 1, 1, 1, 1, 3, 2]
[4, 4, 2]
[1, 7, 2, 1]
[1, 7, 2]
[1, 2, 2, 1]
[1, 2, 2, 1]
[1, 6, 2, 1]
[1, 6, 2]
[2, 2]
[2, 2]
[7, 2]
[7, 2]

left_values
[3, 4, 5, 4, 5]
[1, 1, 1, 1, 1, 1, 1, 1, 1, 1]
[3, 4, 5, 4]
[5, 4, 5, 1]
[1, 1, 1, 1, 1, 1, 1, 1, 1, 1, 10]
[5, 4, 5, 10]
[2, 5, 4, 3, 2, 2, 2]
[1, 1, 1, 1, 1, 1, 1, 1, 1, 2, 2, 2]
[3, 5, 4, 3, 2, 2, 2]
[4, 5, 4, 2, 2, 2]
[1, 1, 1, 1, 1, 1, 1, 1, 1, 2, 2]
[4, 5, 4, 1]
[1, 4, 5, 4]
[30]
[30]
[]
[]
[]
[]
[]
[]
[]
[]
[]
[]
[]
[3]
[5]
[3, 2]
[1, 2, 3]
