Puzzle number: 119298
width:  50
height:  40
solved_count:  702
AVE_TIME:  '00:05:47'
ave_time_count:  121

top_values
[7]
[9]
[9]
[10]
[11]
[10]
[10]
[9]
[8]
[7]
[5]
[4]
[3]
[3]
[2]
[1]
[]
[]
[]
[]
[]
[]
[]
[]
[]
[]
[]
[]
[]
[]
[]
[]
[]
[]
[]
[]
[]
[]
[8]
[12]
[16]
[19]
[21]
[8, 14]
[6, 13]
[4, 11]
[3, 10]
[3, 10]
[3, 9]
[3, 8]

left_values
[7]
[8]
[9]
[6]
[6]
[7]
[6]
[6]
[5]
[6]
[6]
[7]
[7]
[6]
[7]
[8]
[8]
[9]
[9]
[9]
[1, 9]
[2, 8]
[2, 7]
[3, 6]
[3, 5]
[4, 3]
[5, 1]
[4]
[5]
[6]
[5]
[6]
[6]
[7]
[7]
[7]
[8]
[9]
[9]
[9]
