Puzzle number: 119297
width:  50
height:  40
solved_count:  836
AVE_TIME:  '00:03:50'
ave_time_count:  139

top_values
[40]
[40]
[2]
[1]
[1]
[1]
[1]
[1]
[1, 2]
[1, 2]
[1, 1, 2]
[5, 1, 3]
[9, 1, 6]
[15, 1, 2, 10]
[40]
[35]
[32, 1]
[11, 13]
[9, 7]
[5, 4]
[2, 3]
[1]
[]
[]
[]
[]
[]
[]
[]
[]
[]
[]
[]
[]
[]
[]
[]
[]
[]
[]
[]
[]
[]
[]
[]
[]
[]
[]
[]
[]

left_values
[2, 5, 3]
[2, 4, 3]
[2, 4, 2]
[2, 4, 3]
[2, 5, 3]
[2, 7]
[2, 7]
[2, 7]
[2, 7]
[2, 5]
[2, 5]
[2, 5]
[2, 5]
[2, 5]
[2, 4]
[2, 3]
[2, 4]
[2, 3]
[2, 3]
[2, 3]
[3, 3]
[17]
[2, 4]
[2, 3]
[2, 3]
[2, 3]
[2, 4]
[2, 4]
[2, 4]
[2, 4]
[2, 5]
[2, 5]
[2, 5]
[2, 6]
[2, 7]
[2, 7]
[2, 8]
[2, 5, 4]
[2, 13]
[2, 7, 4]
