Puzzle number: 119395
width:  50
height:  40
solved_count:  650
AVE_TIME:  '00:06:40'
ave_time_count:  170

top_values
[1, 24]
[8, 16]
[6, 13]
[6, 10]
[6, 6]
[5, 3]
[3, 1]
[1]
[]
[11]
[21]
[26]
[29]
[8, 18]
[9]
[8]
[6]
[5]
[5]
[4]
[3]
[]
[]
[]
[]
[]
[]
[]
[]
[]
[]
[]
[]
[]
[]
[]
[]
[]
[]
[]
[]
[]
[]
[1]
[3]
[4]
[5]
[6]
[6]
[4]

left_values
[4, 4]
[4, 4]
[4, 4]
[4, 4]
[4, 5]
[3, 5]
[4, 5]
[2, 5]
[3, 4]
[2, 4]
[2, 4]
[2, 4]
[2, 4]
[2, 5]
[1, 5]
[1, 4]
[1, 4]
[1, 4]
[1, 4]
[1, 4]
[1, 4]
[2, 3]
[2, 3]
[2, 4]
[2, 4]
[2, 4]
[3, 4]
[3, 4]
[3, 4]
[3, 3]
[4, 4]
[4, 3]
[3, 3]
[3, 3, 1]
[4, 3, 3]
[4, 3, 4]
[4, 3, 5]
[4, 3, 5]
[4, 3, 5]
[4, 2, 6]
