Puzzle number: 119400
width:  50
height:  40
solved_count:  349
AVE_TIME:  '00:22:21'
ave_time_count:  112

top_values
[10, 3, 1, 2]
[11, 1, 2]
[7, 1, 2]
[2, 6, 1, 2]
[4, 5, 2]
[5, 4, 2]
[7, 4, 2]
[7, 5, 2]
[7, 5, 2]
[7, 5, 2]
[6, 5, 2]
[6, 5, 2]
[7, 5, 2]
[8, 7]
[9, 6]
[8, 4]
[8, 3]
[9, 2]
[9, 2]
[2, 8, 2]
[4, 8, 2]
[7, 7, 2]
[6, 6, 2]
[4, 8, 2]
[11, 7, 2]
[13, 7, 2]
[16, 8, 2]
[7, 1, 9, 8, 2]
[9, 19]
[7, 4, 16]
[7, 5, 15]
[8, 2, 2, 5, 8]
[8, 1, 2, 3, 5]
[9, 2, 2, 3, 2]
[10, 4, 2, 2]
[9, 3, 3, 2]
[10, 3, 2, 2]
[11, 2, 2, 2]
[11, 3, 2, 2]
[12, 3, 1, 3]
[12, 4, 3]
[13, 7]
[14, 2, 1, 4]
[10, 3, 4, 5]
[9, 3, 2, 1, 3]
[8, 1, 2, 3, 2, 2]
[6, 1, 2, 3, 2, 2]
[3, 5, 2, 2]
[1, 3, 1, 1, 2]
[2, 2]

left_values
[4, 3, 7]
[5, 3, 7]
[4, 3, 9]
[5, 3, 10]
[1, 4, 2, 11]
[1, 4, 2, 13]
[1, 4, 3, 13]
[1, 4, 2, 15]
[2, 3, 2, 16]
[2, 4, 21]
[2, 3, 19, 2]
[2, 4, 21]
[3, 4, 25]
[3, 4, 25]
[3, 4, 11, 2]
[3, 4, 5, 2]
[4, 4, 3, 2, 3]
[5, 5, 7, 2]
[5, 5, 3, 3, 2]
[2, 6, 3, 3, 2, 1]
[2, 5, 3, 1, 1, 1, 2]
[2, 6, 4, 2, 1, 2, 3]
[4, 2, 6, 3, 1, 1, 7]
[3, 6, 3, 1, 1]
[2, 6, 4, 3]
[3, 7, 4, 3]
[2, 7, 5, 3]
[3, 7, 5, 2]
[2, 8, 5, 2]
[3, 14, 2]
[3, 12, 1]
[3, 8, 3, 2]
[3, 9, 3, 2]
[4, 8, 3, 3]
[4, 7, 2, 3]
[3, 7, 4, 1]
[4, 6, 3]
[4, 5, 6]
[50]
[50]
