Puzzle number: 119482
width:  40
height:  30
solved_count:  1302
AVE_TIME:  '00:05:53'
ave_time_count:  133

top_values
[]
[]
[]
[]
[]
[]
[]
[]
[]
[]
[]
[]
[]
[]
[]
[]
[]
[]
[]
[]
[]
[]
[]
[]
[3]
[5, 1]
[7, 2]
[6, 1, 2]
[2, 5, 2, 1, 3]
[15, 3]
[14, 2, 1, 2]
[1, 15, 5, 1]
[16, 5, 2, 1]
[26, 2]
[3, 21, 2]
[2, 20, 2]
[1, 9, 11, 2]
[1, 2, 4, 8, 3]
[8, 6, 4]
[3, 3, 5, 4]

left_values
[8, 1, 2]
[7, 3]
[4, 2, 4, 1]
[6, 3, 1]
[9]
[9, 1]
[1, 9]
[10]
[8]
[9]
[9, 2]
[8, 2]
[12]
[10]
[1, 5, 2]
[10]
[7, 2]
[6, 2]
[1, 5]
[8]
[8]
[8]
[9]
[9]
[2, 6]
[7, 1]
[3, 2]
[3, 3]
[4, 7]
[5, 8]
