Puzzle number: 119593
width:  50
height:  50
solved_count:  165
AVE_TIME:  '00:38:06'
ave_time_count:  100

top_values
[4, 6, 6, 4]
[4, 6, 8, 4]
[6, 6, 7, 4]
[7, 5, 7, 4]
[10, 6, 6, 4]
[11, 6, 6, 5]
[11, 7, 7, 5]
[9, 7, 7, 5]
[9, 7, 8, 6]
[7, 7, 8, 6]
[8, 8, 9, 6]
[7, 7, 9, 6]
[7, 5, 8, 6]
[7, 5, 10, 6]
[7, 5, 8, 6]
[7, 5, 8, 6]
[7, 5, 9, 7]
[7, 5, 9, 6]
[1, 8, 1, 15, 5]
[2, 9, 16, 4]
[9, 17, 4]
[10, 16, 3]
[29, 2]
[23, 3, 3]
[1, 24, 3, 4]
[28, 4, 3]
[18, 8, 6, 2, 1]
[11, 4, 7, 6, 2, 2]
[10, 4, 7, 5, 2, 3]
[10, 5, 7, 4, 3, 4]
[7, 2, 6, 6, 5, 2, 3]
[7, 2, 4, 5, 4, 3, 4]
[6, 3, 5, 5, 4, 3, 4]
[6, 2, 5, 5, 4, 3, 3]
[6, 2, 5, 10, 8]
[5, 3, 4, 8, 8]
[4, 3, 4, 9, 7]
[1, 1, 3, 4, 7, 7]
[2, 2, 4, 8, 5]
[1, 3, 4, 7, 5]
[1, 1, 2, 7, 6]
[1, 2, 13]
[1, 2, 12]
[2, 3, 12]
[2, 3, 10]
[2, 4, 10]
[3, 14]
[3, 14]
[1, 15]
[1, 14]

left_values
[6, 2, 2, 3, 5]
[7, 1, 2, 8, 7]
[7, 12, 4]
[8, 13]
[7, 13]
[7, 14]
[8, 16]
[28, 2]
[27, 5]
[26, 8, 2]
[33, 2]
[27, 3]
[20, 5]
[17, 8, 7]
[9, 20]
[29]
[3, 18, 4]
[11, 13, 5]
[11, 11, 7]
[12, 7, 2, 10]
[12, 9, 12]
[14, 11, 14]
[46]
[43]
[38]
[36]
[26, 5]
[13, 5, 4]
[6, 4, 4]
[7, 5, 4]
[10, 5, 4]
[22, 4]
[23, 4]
[23, 5]
[1, 13, 6, 5]
[4, 13, 3, 5]
[19, 2, 5]
[17, 7]
[14, 9]
[14, 6, 3]
[12, 6, 2]
[8, 4, 3]
[8, 3]
[9, 3]
[14, 2]
[16, 3]
[19, 3]
[18, 3]
[18, 3]
[17, 4]
