Puzzle number: 11959
width:  20
height:  20
solved_count:  4584
AVE_TIME:  '00:03:10'
ave_time_count:  2544

top_values
[1]
[1]
[1, 1, 1, 3, 1]
[1, 10, 1, 1]
[1, 1]
[1, 1, 1, 1, 1, 1, 1]
[1, 1, 1, 1, 1, 1, 3, 1]
[1, 1, 1, 1, 1]
[1, 1, 1, 1, 1]
[1, 1, 1, 1, 1, 1, 3, 1]
[1, 1, 1, 1, 1, 1, 1]
[1, 1, 1, 1, 1, 1, 1]
[1, 1, 1, 1, 1, 1, 1]
[1, 1, 1, 1, 1, 1, 3, 1]
[1, 1, 1, 1, 1]
[1, 1, 1, 1]
[1, 1, 1]
[1, 1, 1]
[1, 1]
[]

left_values
[]
[]
[2, 1]
[1, 1]
[1]
[1, 14]
[1]
[1, 14]
[1]
[1, 13]
[1]
[1, 11]
[1]
[1, 10]
[]
[1, 3, 1, 1, 3, 1]
[1, 1, 1, 1]
[1, 1, 1, 1]
[1, 1, 1, 1]
[1, 3, 1, 1, 3, 1]
