Puzzle number: 119817
width:  30
height:  30
solved_count:  2128
AVE_TIME:  '00:08:37'
ave_time_count:  175

top_values
[5, 2, 4, 4]
[3, 2, 4, 4]
[1, 3, 4, 4]
[3, 5, 4]
[2, 5, 4]
[2, 5, 4]
[2, 5, 4]
[1, 2, 4, 4]
[3, 3, 4, 4]
[6, 3, 4, 4]
[8, 2, 4, 4]
[8, 3, 4, 4]
[8, 2, 5, 3]
[8, 2, 4, 4]
[10, 4, 4]
[9, 5, 4, 1]
[9, 4, 5, 1]
[9, 5, 4, 2]
[9, 4, 4, 2]
[10, 5, 5, 2]
[10, 5, 5, 2]
[12, 4, 6, 2]
[13, 2, 8, 2]
[14, 7, 2]
[15, 7, 2]
[16, 7, 1]
[17, 5, 4]
[18, 2, 5]
[18, 6]
[19, 7]

left_values
[7]
[9]
[14]
[22]
[23]
[22]
[1, 21]
[1, 21]
[2, 21]
[2, 20]
[3, 20]
[2, 9]
[4, 1, 8]
[4, 6, 3, 7]
[12, 6, 6]
[8, 8, 5]
[10, 4]
[20, 1, 3]
[18, 3, 2]
[16, 5, 2]
[13, 7, 1]
[4, 9]
[11]
[13, 1]
[25, 2]
[24, 3]
[17, 1, 4]
[12, 5]
[8, 4]
[10, 4]
