Puzzle number: 119802
width:  30
height:  30
solved_count:  1825
AVE_TIME:  '00:10:55'
ave_time_count:  153

top_values
[13]
[1, 2, 3, 1, 1]
[2, 1, 1]
[2, 2, 1, 1]
[2]
[2]
[2]
[2, 1]
[6, 4]
[9]
[2, 2]
[2, 5, 4]
[6, 5, 1]
[2, 1, 3, 5]
[2, 2, 1, 6]
[1, 2, 8]
[2, 2, 4, 3]
[4, 2, 3, 6, 2]
[4, 1, 4, 9]
[2, 2, 4, 1, 4]
[1, 2, 4, 9]
[2, 4, 7, 1]
[2, 2, 6, 2]
[2, 4, 3]
[1, 2, 1, 6]
[2, 2, 5, 1, 1]
[2, 5]
[2, 4]
[2, 1]
[1]

left_values
[1, 1, 2, 2, 2, 1, 2, 2]
[2, 1, 3, 2, 1, 3, 1]
[1, 2, 2, 2]
[1, 2, 3, 2]
[1, 2, 2, 1]
[7, 2, 2, 4, 10]
[8, 1, 1, 17]
[1, 4]
[3, 3]
[2, 1, 2]
[2, 1]
[1]
[1]
[1]
[]
[]
[4]
[7]
[7]
[1, 5, 3]
[3, 5]
[5, 6, 3]
[4, 4, 4, 3]
[2, 4, 4, 2]
[5, 5]
[6, 5]
[3, 6, 2]
[5, 4, 2]
[8, 3]
[3, 13]
