Puzzle number: 119957
width:  15
height:  25
solved_count:  4270
AVE_TIME:  '00:01:33'
ave_time_count:  821

top_values
[21]
[4, 1, 1, 1, 1, 1, 1, 1, 3]
[1, 1, 1, 1, 1, 1, 1, 1, 1, 3]
[4, 1, 1, 1, 1, 1, 1, 1, 3]
[1, 19]
[5, 1, 3]
[1, 1, 1, 3]
[1, 2, 1, 3]
[1, 1, 1, 1, 3]
[5, 1, 3]
[3]
[3]
[3]
[3]
[3]

left_values
[5]
[1, 1]
[1, 2]
[5, 1, 1]
[2, 1, 5]
[2, 1]
[10]
[1, 1]
[5]
[1, 1]
[5]
[1, 1]
[5]
[1, 1]
[5]
[1, 1]
[5]
[1, 1]
[5]
[1, 1]
[5]
[1, 1]
[15]
[15]
[15]
