Puzzle number: 120098
width:  45
height:  50
solved_count:  253
AVE_TIME:  '00:53:32'
ave_time_count:  103

top_values
[3]
[3]
[3]
[3]
[3]
[2, 1]
[2, 1]
[4, 1, 1]
[8, 5, 2, 1]
[3, 5, 7, 2, 2]
[5, 5, 3, 6, 2, 2]
[9, 4, 5, 6, 2, 2]
[8, 4, 9, 6, 2, 2]
[6, 3, 10, 6, 2, 2]
[2, 13, 5, 2, 2]
[9, 5, 4, 2, 1]
[7, 5, 5, 2, 1]
[7, 4, 2, 6, 1, 1]
[5, 7, 1, 7, 1]
[4, 10, 2, 8, 2]
[2, 5, 3, 2, 9, 2]
[3, 5, 3, 3, 9, 1]
[3, 6, 3, 2, 4, 3, 2]
[7, 5, 2, 3, 7, 1]
[6, 6, 2, 5, 9]
[3, 5, 3, 5, 11]
[1, 5, 3, 4, 15]
[1, 4, 3, 3, 15]
[4, 3, 9]
[3, 3, 10, 7]
[4, 4, 15, 5]
[3, 5, 19]
[4, 6, 21]
[3, 1, 5, 26]
[3, 1, 5, 27]
[2, 1, 5, 10, 13]
[2, 1, 7, 6, 3, 11]
[2, 1, 2, 9, 4, 4, 1, 9]
[2, 1, 14, 4, 1, 8]
[2, 1, 14, 3, 3]
[1, 1, 20, 5, 4]
[1, 1, 2, 21, 3, 1]
[1, 1, 25, 2]
[1, 1, 24, 3]
[2, 25, 3, 2]

left_values
[1, 1]
[2, 2]
[3, 2]
[3, 2]
[4, 4]
[6, 7, 12]
[6, 8, 10]
[5, 5, 9]
[3, 4, 9, 4]
[4, 8, 1]
[2, 3, 7, 6]
[4, 2, 6, 4]
[5, 3, 5, 6, 3]
[5, 3, 5, 8]
[4, 2, 4, 7]
[3, 2, 5, 7]
[3, 2, 3, 9]
[2, 4, 4, 13]
[2, 5, 3, 14]
[2, 6, 3, 15]
[1, 6, 3, 16]
[5, 3, 18]
[2, 4, 4, 8, 9]
[2, 3, 10, 1, 8]
[2, 4, 6, 5, 8]
[2, 5, 2, 1, 6, 7]
[3, 4, 3, 3, 6, 6]
[3, 4, 8, 8, 5]
[4, 3, 6, 9, 5]
[4, 1, 4, 9, 5]
[5, 5, 2, 9, 5]
[13, 1, 9, 5]
[12, 1, 8, 5]
[11, 1, 7, 2, 4]
[10, 3, 6, 4, 3]
[6, 4, 6, 4, 1]
[4, 5, 6, 4]
[3, 5, 6]
[2, 5, 6]
[6, 11]
[6, 6, 2]
[7, 7, 3]
[6, 8, 2]
[6, 7, 2]
[5, 7, 1]
[9, 5, 6, 3]
[20, 5, 6, 1, 3]
[7, 2, 4, 6, 1, 1]
[5, 6, 3, 4, 6, 1, 1]
[13, 2, 3, 6, 2, 1]
