Puzzle number: 120108
width:  40
height:  40
solved_count:  1109
AVE_TIME:  '00:01:53'
ave_time_count:  135

top_values
[]
[]
[]
[]
[]
[]
[]
[]
[]
[]
[]
[]
[10]
[13]
[1, 6]
[8, 7]
[4, 7, 5]
[2, 6, 5]
[19]
[]
[]
[]
[]
[]
[]
[]
[]
[]
[]
[]
[]
[]
[]
[]
[]
[]
[]
[]
[]
[]

left_values
[2, 2]
[2, 2]
[2, 2]
[2, 2]
[2, 1]
[2, 1]
[2, 2]
[2, 2]
[2, 2]
[2, 2]
[3, 1]
[2, 2]
[2, 2]
[1, 1]
[2, 2]
[2, 2]
[1, 2]
[1, 1]
[1, 1]
[2, 1]
[2, 1]
[1, 1]
[1, 1]
[3]
[2]
[2]
[2]
[2]
[1]
[1]
[1]
[1]
[1]
[]
[]
[]
[]
[]
[]
[]
