Puzzle number: 1206
width:  20
height:  20
solved_count:  8374
AVE_TIME:  '00:08:49'
ave_time_count:  4098

top_values
[5]
[2, 1, 3, 2]
[2, 3, 1]
[2, 2, 1, 2]
[3, 1, 3]
[3, 1, 1, 1]
[5, 2, 1]
[4, 1, 2]
[3, 1, 2, 2]
[2, 1]
[2, 1, 1]
[3, 2, 1]
[3, 2, 1]
[2, 3, 1]
[1, 2, 2]
[1, 2, 2]
[1, 3, 2]
[2, 5, 2]
[2, 5, 3]
[11, 3]

left_values
[5]
[2, 2]
[1, 2]
[1, 2, 1]
[2, 1, 1]
[3, 2, 1]
[8, 1]
[6, 1]
[4, 2]
[2, 3]
[6, 3]
[2, 1, 4]
[2, 5]
[1, 1, 5]
[2, 1, 3]
[1, 3, 3]
[7, 2, 2]
[2, 2, 4]
[1, 5, 6]
[9]
