Puzzle number: 121391
width:  45
height:  45
solved_count:  294
AVE_TIME:  '00:16:36'
ave_time_count:  101

top_values
[3, 8, 2, 2, 4]
[9, 1, 1, 1, 5]
[11, 2, 6]
[2, 9, 2, 7]
[6, 7, 8]
[17, 5, 1]
[19, 11, 4]
[4, 6, 13, 2]
[7, 15, 5, 5]
[4, 3, 2, 16, 3, 1]
[5, 8, 2, 2, 2]
[1, 5, 1, 3, 2, 4, 12]
[3, 1, 1, 1, 3, 13]
[3, 3, 3, 1, 2, 15]
[5, 4, 1, 1, 1, 17]
[8, 1, 2, 18]
[2, 4, 8, 1, 8]
[2, 21, 3]
[11, 2, 2, 11]
[4, 4]
[1]
[2]
[2]
[2]
[1]
[1]
[2]
[2]
[2]
[1]
[1]
[1]
[1]
[1]
[1]
[1]
[1]
[1]
[1]
[1]
[2]
[2]
[2]
[3]
[2]

left_values
[]
[3]
[6, 1]
[7, 1]
[2, 5, 2]
[10, 3]
[12, 2]
[12, 1]
[4, 2, 4, 1]
[7, 1, 2, 2]
[1, 5, 3, 2, 1]
[8, 1, 1, 1]
[1, 7, 1, 1]
[6, 1, 3]
[5, 2, 6]
[5, 4, 2]
[4, 3, 2]
[1, 2, 1, 2, 1]
[2, 8, 1]
[6, 1]
[3, 2, 3, 2]
[3, 1, 1, 2]
[4, 1, 2]
[1, 5, 4]
[3, 12]
[2, 4, 1]
[1, 3, 3, 2]
[2, 1, 3, 3]
[2, 1, 2, 4]
[2, 1, 1, 4]
[2, 1, 1, 5]
[1, 1, 6]
[1, 2, 7]
[1, 2, 7]
[2, 8, 2]
[2, 11]
[2, 2, 5, 2]
[3, 10]
[3, 9]
[3, 2, 8]
[4, 4, 8]
[5, 1, 2, 6, 2]
[5, 1, 2, 9, 18]
[5, 1, 1, 10, 8, 5]
[6, 15, 2]
