Puzzle number: 121306
width:  40
height:  50
solved_count:  208
AVE_TIME:  '00:27:44'
ave_time_count:  103

top_values
[3, 2, 2, 8, 1]
[3, 3, 2, 7, 3]
[4, 2, 3, 2, 3]
[4, 1, 2, 2, 4]
[3, 2, 2, 2, 6]
[3, 5, 4, 8]
[4, 3, 23]
[4, 3, 3, 16]
[4, 3, 2, 10]
[3, 3, 3, 12]
[3, 3, 4, 13]
[3, 3, 5, 12]
[3, 3, 4, 13]
[3, 3, 4, 1, 9]
[2, 2, 3, 1, 7]
[2, 3, 4, 1, 6]
[2, 3, 4, 2, 4]
[3, 3, 4, 1, 11]
[3, 3, 3, 1, 14]
[3, 3, 1, 17]
[2, 3, 1, 18]
[3, 3, 1, 14]
[3, 2, 2, 1, 9]
[3, 1, 2, 1, 2, 6]
[3, 1, 3, 2, 2, 1]
[3, 2, 2, 2, 1]
[3, 2, 2, 2, 1]
[2, 5, 2, 1]
[5, 3, 1]
[4, 3, 1]
[4, 2, 1]
[1, 4, 2, 1]
[2, 3, 2, 1, 1]
[2, 6, 2, 1]
[2, 5, 3, 1]
[2, 5, 2, 1]
[3, 1, 5, 3, 1]
[3, 2, 4, 3, 1]
[2, 2, 4, 3, 1]
[1, 3, 3, 3, 1]

left_values
[]
[]
[]
[]
[]
[]
[]
[8]
[18]
[23]
[9, 9]
[4, 6, 2]
[5, 6]
[2, 6]
[4]
[]
[]
[5]
[2, 10]
[3, 11]
[5, 7, 1]
[10, 3]
[7, 4, 4]
[8, 4]
[6, 8]
[3, 8]
[8]
[8, 4]
[11, 7]
[8, 8]
[2, 2, 10]
[2, 2, 18]
[2, 1, 1, 16]
[2, 1, 4, 2, 7]
[2, 2, 5, 12]
[1, 2, 2, 9]
[1, 2, 4, 4, 2]
[2, 1, 1, 4, 2, 4]
[2, 4, 4, 6]
[2, 4, 5, 7]
[7, 5, 3]
[8, 6]
[9, 6]
[10, 6]
[12, 7]
[12, 7]
[21]
[23]
[23]
[40]
