Puzzle number: 121517
width:  35
height:  35
solved_count:  1648
AVE_TIME:  '00:09:24'
ave_time_count:  105

top_values
[1, 2, 7, 3]
[1, 2, 7, 2]
[1, 9, 2]
[1, 8, 2]
[1, 11]
[1, 10, 14]
[1, 31]
[26]
[17]
[10]
[7]
[8]
[7]
[8]
[7]
[6]
[5, 2]
[4, 12]
[3, 28]
[25]
[13]
[4, 9]
[1, 21]
[24]
[13]
[]
[14]
[21]
[18]
[16]
[7]
[1]
[10]
[10]
[16]

left_values
[7, 10, 1, 3]
[11, 2, 2]
[13, 2, 2]
[10, 3, 2, 2]
[17, 2, 2, 3]
[16, 2, 2, 3]
[13, 2, 2, 3]
[13, 3, 2, 2]
[12, 3, 2, 2]
[10, 3, 2, 2]
[10, 3, 2, 2]
[10, 3, 2, 2]
[3, 5, 3, 2, 2]
[2, 5, 2, 1, 2]
[1, 2, 3, 2, 2, 3]
[2, 3, 2, 2, 3]
[3, 3, 2, 2, 2]
[2, 3, 2, 2, 2]
[1, 3, 2, 2, 2]
[3, 2, 2, 2, 3]
[2, 2, 2, 2, 3]
[3, 2, 2, 3, 3]
[3, 2, 2, 2, 3]
[3, 3, 2, 2, 3]
[3, 3, 2, 2, 3]
[3, 2, 1, 2, 3]
[3, 2, 2, 2, 3]
[3, 2, 2, 2, 3]
[3, 2, 2, 2, 3]
[3, 2, 2, 2, 1]
[2, 2, 2, 2, 1]
[2, 2, 2, 2, 1]
[2, 2, 2, 2, 1]
[2, 3, 2, 2, 1]
[2, 3, 2, 2, 1]
