Puzzle number: 121632
width:  40
height:  45
solved_count:  385
AVE_TIME:  '00:19:30'
ave_time_count:  115

top_values
[9, 8, 1]
[9, 8, 1]
[4, 9, 1]
[1, 5, 10, 1]
[2, 7, 1, 7, 1]
[2, 7, 8, 1]
[22, 1]
[22, 1]
[23, 1]
[23, 1]
[7, 14, 1]
[8, 14, 1]
[8, 13, 1]
[8, 13, 1]
[2, 9, 3, 10, 1]
[3, 16, 8, 1]
[5, 12, 11, 1]
[5, 11, 2, 11, 1]
[5, 12, 11, 1]
[5, 14, 12, 1]
[3, 15, 13, 1]
[3, 29, 1]
[4, 28, 1]
[4, 26, 1]
[4, 8, 16, 1]
[4, 6, 14, 1]
[4, 6, 14, 1]
[5, 5, 14, 1]
[4, 18, 1]
[5, 15, 1]
[6, 12, 1]
[6, 12, 1]
[7, 10, 2, 1]
[7, 11, 1, 1, 1]
[1, 8, 15, 1]
[2, 11, 10, 5, 1]
[1, 12, 9, 5, 1]
[1, 13, 8, 5, 1]
[1, 16, 8, 5, 1]
[1, 4, 4, 2, 10, 5, 1]

left_values
[3, 5]
[4, 2]
[4, 3]
[8]
[9]
[3, 4]
[2, 5]
[1, 9]
[12, 2]
[14]
[13]
[11]
[9]
[2, 7]
[4, 6]
[4, 5]
[2, 5, 5]
[11, 5]
[14, 5]
[18, 4]
[21, 2]
[22, 2]
[24, 2]
[2, 22, 2]
[2, 23]
[24, 3, 1]
[10, 10, 3, 7]
[10, 2, 7, 2, 7]
[12, 2, 2, 9, 9]
[2, 13, 1, 20]
[2, 12, 21]
[2, 10, 25]
[2, 1, 34]
[3, 9, 24]
[4, 32, 1]
[36]
[35]
[33, 6]
[32, 6]
[32, 7]
[31, 1, 6]
[29, 2, 5]
[]
[]
[40]
