Puzzle number: 12179
width:  50
height:  50
solved_count:  308
AVE_TIME:  '00:54:14'
ave_time_count:  164

top_values
[]
[]
[]
[]
[]
[6]
[10, 10]
[6, 4]
[4]
[4]
[4, 3]
[3, 4, 8]
[3, 6, 17]
[3, 9, 20]
[3, 12, 21]
[2, 16, 20]
[19, 19]
[3, 20, 18]
[3, 1, 19, 6, 5]
[6, 10, 5, 7, 4]
[8, 10, 5, 7, 4]
[10, 11, 4, 6, 4]
[12, 11, 5, 6, 4]
[13, 11, 5, 7, 4]
[14, 10, 4, 7, 5]
[15, 10, 5, 12]
[16, 8, 5, 12]
[17, 8, 4, 11]
[2, 7, 3, 7, 5, 11]
[5, 12, 4, 11]
[5, 12, 5, 10]
[1, 4, 1, 13, 5, 10]
[20, 18]
[9, 9, 17]
[7, 26]
[8, 25]
[8, 18, 1, 1]
[2, 7, 18]
[32]
[15, 14]
[1, 13, 13]
[17, 13]
[13, 10, 2]
[11, 8]
[12, 8]
[9, 9]
[8, 10]
[4, 11]
[12]
[1, 1, 1, 1, 3, 11]

left_values
[1, 2, 8, 1, 8, 1]
[2, 11, 7]
[1, 10, 7]
[2, 1, 9, 7]
[1, 1, 9, 6]
[2, 1, 9, 6]
[1, 1, 9, 1, 6]
[2, 9, 1, 10]
[1, 2, 9, 1, 9]
[2, 2, 11, 7]
[1, 4, 11, 7]
[1, 4, 11, 5, 1]
[2, 6, 7, 3, 7, 1]
[1, 8, 4, 1, 2, 7]
[1, 9, 3, 11, 1]
[3, 11, 3, 10]
[1, 15, 15, 1]
[1, 16, 13]
[2, 15, 12]
[1, 17, 8, 3]
[1, 24, 2]
[1, 21, 2, 1]
[1, 6, 12, 1, 1]
[2, 6, 13, 1, 1]
[1, 5, 13, 2]
[1, 5, 16]
[1, 1, 5, 15]
[1, 2, 6, 11]
[1, 3, 6, 10]
[1, 4, 8, 9]
[1, 5, 9, 8]
[1, 6, 9, 8]
[2, 7, 10, 8]
[1, 9, 18]
[1, 10, 16]
[1, 11, 15]
[1, 12, 15]
[2, 14, 16]
[1, 15, 6, 10]
[1, 6, 11, 6, 11]
[1, 6, 18, 10]
[1, 6, 16, 9]
[1, 6, 14, 2, 6]
[1, 5, 12, 1, 5]
[1, 5, 12, 1, 5]
[1, 6, 12, 4]
[2, 23, 4]
[1, 22, 3]
[1, 22, 1, 2]
[1, 11, 11, 1, 2]
