Puzzle number: 122007
width:  30
height:  50
solved_count:  603
AVE_TIME:  '00:29:11'
ave_time_count:  129

top_values
[10]
[10]
[9]
[10]
[19]
[20]
[18]
[10]
[2, 5, 7]
[2, 2, 5, 1, 11]
[2, 1, 10, 1, 7, 3]
[6, 2, 4, 5, 1, 7, 4]
[2, 3, 5, 2, 2, 3]
[1, 1, 1, 2, 5, 1, 3]
[1, 3, 1, 2, 6, 3, 15]
[1, 2, 3, 4, 1, 1, 1, 4]
[1, 1, 7, 2, 2, 2, 4]
[17, 1, 1, 1, 4]
[19, 5, 1, 7, 2, 3]
[24, 5, 1, 7, 4, 3]
[24, 5, 1, 7, 4, 3]
[12, 11, 5, 1, 7, 8]
[4, 15, 10, 4]
[3, 3, 2, 4, 2, 4]
[8, 2, 4, 2, 6]
[4, 1, 4, 1, 4, 1, 3]
[3, 1, 4, 1, 4, 1, 3]
[9, 1, 10]
[2, 14, 2]
[5, 5]

left_values
[3]
[4]
[4]
[5]
[5]
[10]
[2, 5]
[1, 5]
[2, 5]
[2, 5]
[1, 5]
[2, 7]
[1, 2, 4]
[4, 7]
[3, 10]
[3, 9]
[2, 11]
[3, 6, 1]
[3, 11]
[4, 13]
[4, 2, 1, 7]
[4, 3, 2, 4, 3]
[4, 3, 1, 4, 4]
[4, 4, 1, 4, 5]
[4, 2, 2, 1, 2, 2]
[3, 1, 4, 6]
[3, 3, 1, 5, 1, 2]
[3, 4, 5, 5]
[4, 4, 5, 5]
[4, 4, 5, 5]
[4, 4, 5, 5]
[6, 1, 3, 1, 1, 1, 2]
[7, 16, 1]
[7, 1, 2, 6]
[7, 4, 1, 8, 2]
[6, 4, 2, 6, 5]
[6, 4, 1, 5, 5]
[5, 4, 1, 5, 5]
[3, 4, 1, 5, 5]
[3, 4, 1, 5, 1, 2]
[2, 19]
[1, 1, 1, 1, 1, 2, 2]
[3, 1, 5, 5]
[3, 1, 5, 4]
[4, 1, 3, 4]
[2, 1, 3, 2]
[6, 4]
[12]
[11]
[9]
