Puzzle number: 122334
width:  25
height:  20
solved_count:  1768
AVE_TIME:  '00:10:23'
ave_time_count:  157

top_values
[1, 2, 2, 3, 4]
[3, 4, 3, 3]
[2, 2, 3, 4]
[3, 5, 2]
[6, 3]
[3, 5]
[7]
[2, 3, 1]
[1, 2, 4, 3, 3]
[6, 1, 1, 5]
[1, 3, 4]
[1, 5, 3, 3]
[4, 1, 1, 2, 1]
[4, 4, 5, 2]
[1, 3, 1, 2, 1, 2]
[3, 1, 2, 1, 2]
[1, 5]
[1, 3, 1]
[4, 1]
[4, 3]
[3, 3]
[3, 3]
[2]
[1]
[]

left_values
[1, 1]
[1, 3]
[2, 1, 3, 2]
[2, 2, 3]
[4, 2, 2, 1]
[1, 1, 2, 4]
[4, 1, 1, 1]
[2, 2, 6]
[2, 3, 1, 2, 2]
[2, 3, 3, 1]
[3, 2, 1]
[5, 1, 4]
[4, 2, 3, 5]
[2, 3, 2, 4, 3]
[1, 3, 2, 1, 2, 2]
[1, 3, 3, 1, 2]
[1, 1, 3, 3, 6]
[3, 3, 2, 2, 2, 3]
[2, 4, 2, 1, 3, 5]
[2, 1, 3, 1, 5, 1, 5]
