Puzzle number: 122381
width:  40
height:  50
solved_count:  1570
AVE_TIME:  '00:07:58'
ave_time_count:  217

top_values
[1, 1, 1, 1, 1, 1, 1, 1]
[1, 1, 1, 1, 1, 1, 1, 1, 1]
[1, 1, 1, 1, 1, 1, 1, 1]
[1, 1, 1, 1, 1, 1, 1]
[1, 1, 1, 1, 1, 1, 1]
[1, 1, 1, 1, 1, 1, 1, 1]
[1, 1, 1, 1, 1, 1, 1, 1, 1]
[1, 1, 1, 1, 1, 1, 1, 1, 1, 1]
[1, 1, 1, 1, 1, 1, 1, 1, 1, 1]
[1, 1, 1, 1, 1, 1, 1, 1, 1, 1]
[1, 1, 1, 1, 1, 1, 1, 1, 1, 1]
[1, 1, 1, 1, 1, 1, 1, 1, 1, 1]
[1, 1, 1, 1, 1, 1, 1, 1, 1, 1, 1]
[1, 2, 1, 1, 1, 1, 1, 1, 1, 1]
[1, 1, 1, 1, 1, 1, 1, 1, 1, 1]
[1, 1, 1, 1, 1, 1, 1, 1]
[1, 1, 1, 1, 1, 1, 1, 1, 1]
[2, 1, 1, 1, 1, 1, 1, 1, 1]
[3, 1, 1, 1, 1, 1, 1, 1, 1]
[4, 1, 1, 1, 1, 1, 1, 1, 1]
[5, 1, 1, 1, 1, 1, 1, 1, 1, 1, 1, 1]
[6, 1, 1, 1, 1, 1, 1, 1, 1, 1, 1, 1, 1]
[1, 6, 1, 1, 1, 1, 1, 1, 1, 1, 1, 1, 1]
[1, 6, 1, 1, 2, 1, 1, 1, 1, 1]
[1, 6, 1, 1, 1, 1, 1, 1, 1, 1, 1]
[1, 6, 1, 1, 1, 1, 1, 1, 1, 1, 1]
[1, 6, 1, 1, 1, 1, 1, 1, 1, 1, 1]
[1, 6, 1, 1, 1, 1, 1, 1, 1, 1, 1]
[1, 6, 1, 1, 1, 1, 1, 1, 1, 1, 1]
[1, 6, 1, 1, 1, 1, 1, 1, 1, 1, 1]
[7, 1, 1, 1, 1, 1, 1, 1, 1, 1]
[1, 1, 6, 1, 1, 1, 1, 1, 1, 1, 1, 1]
[1, 1, 6, 1, 1, 1, 1, 1, 1, 1, 1, 1, 1]
[1, 1, 6, 1, 1, 2, 1, 1, 1, 1, 1, 1]
[1, 1, 6, 1, 1, 1, 1, 1, 1, 1, 1, 1]
[1, 1, 6, 1, 1, 1, 1, 1, 1]
[1, 1, 6, 1, 1, 1, 1, 1, 1]
[1, 1, 6, 1, 1, 1, 1, 1, 1]
[1, 1, 6, 1, 1, 1, 1, 1, 1]
[1, 1, 6, 1, 1, 1, 1, 1, 1]

left_values
[1, 1, 1, 1, 6, 1]
[1, 1, 1, 1, 6, 1]
[1, 1, 1, 1, 6, 1]
[1, 1, 1, 1, 6, 1]
[1, 1, 1, 1, 6, 1]
[1, 1, 1, 1, 6, 1]
[1, 1, 1, 1, 6, 1]
[1, 1, 1, 1, 6, 1]
[15, 1, 1, 16]
[1, 1, 1, 1, 6, 1]
[1, 9, 1, 1, 1, 1, 1, 6, 1]
[1, 1, 1, 1, 1, 1, 1, 1, 6, 1]
[1, 1, 1, 1, 1, 1, 1, 1, 6, 1]
[1, 1, 1, 1, 1, 1, 6, 1]
[1, 1, 1, 1, 1, 1, 1, 1, 6, 1]
[1, 11, 1, 1, 1, 1, 1, 6, 1]
[1, 1, 1, 1, 6, 1]
[1, 1, 1, 1, 6, 1]
[25, 1, 1, 6]
[1, 1, 1, 1, 5]
[1, 1, 1, 1, 4]
[1, 1, 1, 1, 3]
[1, 1, 1, 1, 2]
[1, 1, 1, 1, 1]
[1, 1, 1, 1]
[1, 1, 1]
[1, 1, 1]
[1, 1, 1]
[35, 1]
[1, 1, 1]
[1, 9, 1, 1, 1, 1]
[1, 1, 1, 1, 1, 1, 1]
[1, 1, 1, 1, 1, 1, 1]
[1, 1, 1, 1]
[1, 1, 1, 1, 1]
[1, 11, 1]
[]
[]
[40]
[]
[]
[]
[]
[]
[]
[]
[]
[]
[40]
[]
