Puzzle number: 12286
width:  35
height:  50
solved_count:  141
AVE_TIME:  '00:29:06'
ave_time_count:  100

top_values
[]
[]
[]
[]
[]
[1, 1]
[10, 1, 2, 2]
[14, 1, 2, 2, 2]
[16, 2, 2, 2, 2]
[18, 2, 2, 2, 2, 1]
[14, 4, 2, 2, 2, 1]
[8, 3, 6, 1, 2, 2, 1]
[4, 4, 6, 2, 2, 1]
[4, 5, 5, 1, 1, 2, 1]
[14, 5, 2, 2, 2]
[15, 4, 1, 2, 2]
[15, 3, 2, 2, 2]
[11, 3, 2, 2, 2]
[3, 2, 2, 2]
[2, 2, 2, 1]
[1, 1, 1, 2]
[1, 1, 1, 2]
[2, 2, 1, 2]
[2, 3, 2, 2]
[2, 3, 3, 3]
[2, 3, 3, 2]
[2, 3, 2]
[2, 3, 1, 3, 2]
[4, 2, 5, 1]
[2, 4, 3, 5]
[1, 1, 5, 4, 5]
[3, 4, 7, 4, 5]
[6, 10, 4, 5]
[14, 4, 5]
[13, 4, 5]

left_values
[1]
[2, 1]
[3, 2]
[3, 3]
[5, 4]
[5, 4]
[6, 5]
[6, 5]
[6, 5]
[12]
[7, 4]
[7, 4]
[7, 4]
[6, 5]
[4, 5]
[10]
[8]
[6]
[]
[3]
[4]
[4]
[5, 1]
[4, 2]
[4, 2]
[1, 4, 3]
[4, 3]
[4, 4]
[5, 1, 2]
[5, 5]
[2, 8, 4]
[2, 8, 3]
[2, 1, 4]
[3, 8]
[4, 3, 6]
[1, 3, 5, 6]
[4, 5, 6]
[8, 5]
[2, 4]
[3, 7]
[4, 4, 7]
[16, 6]
[8, 5]
[2, 2, 4]
[2, 2, 4]
[3, 3, 8]
[2, 3, 4, 7]
[2, 9, 3, 7]
[2, 7, 1, 6]
[3, 2, 4]
