Puzzle number: 123082
width:  35
height:  25
solved_count:  2614
AVE_TIME:  '00:08:14'
ave_time_count:  638

top_values
[5]
[9]
[11]
[13]
[5, 5]
[5, 5]
[4, 4]
[4, 4]
[4, 4]
[5, 5]
[6, 6]
[13]
[16]
[10]
[11, 11]
[12, 11]
[5, 4, 11]
[5, 3, 11]
[4, 2]
[4, 2, 11]
[4, 2, 11]
[5, 3, 11]
[6, 4, 11]
[12]
[11, 11]
[9, 11]
[5, 11]
[11]
[]
[5]
[5]
[5]
[5]
[5]
[]

left_values
[6]
[9]
[11]
[13]
[5, 5]
[5, 5]
[4, 4]
[4, 4]
[6, 4, 4]
[14, 5]
[16, 5]
[25]
[5, 16]
[5, 3]
[4, 2, 4, 4, 4]
[4, 2, 4, 4, 4]
[4, 2, 4, 4, 4, 5]
[5, 3, 4, 4, 4, 5]
[5, 4, 4, 4, 4, 5]
[12, 4, 4, 4, 5]
[11, 4, 4, 4, 5]
[9, 4, 4, 4]
[6, 4, 4, 4]
[4, 4, 4]
[4, 4, 4]
