Puzzle number: 123112
width:  50
height:  40
solved_count:  263
AVE_TIME:  '00:17:05'
ave_time_count:  111

top_values
[7, 1, 1, 22]
[1, 8, 1, 22]
[1, 8, 1, 1, 21, 1]
[1, 8, 1, 20]
[1, 7, 1, 19]
[7, 1, 18]
[1, 6, 1, 1, 17]
[7, 1, 17]
[8, 1, 1, 16]
[9, 16]
[9, 1, 1, 15]
[9, 1, 1, 1, 1, 15]
[1, 9, 1, 16]
[9, 16]
[1, 8, 1, 15]
[8, 1, 14]
[8, 14]
[8, 1, 14]
[9, 14]
[9, 14]
[1, 8, 14]
[8, 14]
[8, 14]
[7, 1, 1, 14]
[7, 15]
[1, 7, 15]
[1, 7, 1, 15]
[1, 7, 16]
[1, 1, 6, 1, 1, 16]
[1, 1, 1, 7, 1, 1, 17]
[1, 2, 1, 7, 1, 1, 1, 1, 17]
[3, 7, 1, 1, 2, 1, 18]
[1, 2, 1, 34]
[14, 1, 1, 21]
[10, 1, 1, 22]
[10, 1, 1, 23]
[1, 11, 1, 24]
[1, 10, 1, 25]
[1, 9, 1, 1, 24, 1]
[8, 1, 1, 26]
[7, 1, 26, 1]
[7, 1, 26]
[1, 6, 1, 26, 1]
[6, 1, 1, 26]
[1, 6, 1, 26, 1]
[36]
[35, 1]
[35]
[34, 1]
[34]

left_values
[1, 1, 2, 1, 1, 2, 1, 5]
[2, 1, 1, 1, 1, 5]
[3, 1, 3, 1, 1, 7]
[4, 1, 1, 20]
[6, 1, 1, 19]
[12, 1, 1, 17]
[14, 1, 18]
[1, 19, 1, 1, 21]
[42, 1, 5]
[1, 40, 1, 1, 5]
[1, 37, 1, 1, 6]
[1, 32, 1, 1, 8]
[1, 30, 1, 1, 10]
[1, 25, 1, 1, 1, 1, 11]
[1, 16, 1, 1, 2, 1, 11]
[1, 5, 1, 2, 1, 13]
[1, 2, 1, 14]
[2, 1, 1, 1, 1, 1, 15]
[3, 1, 2, 1, 16]
[3, 1, 1, 20]
[4, 1, 1, 1, 18]
[5, 1, 1, 18]
[6, 1, 1, 1, 1, 19]
[8, 1, 1, 1, 1, 21]
[10, 1, 1, 2, 1, 1, 23]
[15, 1, 1, 26]
[50]
[50]
[50]
[50]
[50]
[50]
[50]
[50]
[48, 1]
[46, 1]
[44, 1]
[42, 1]
[40, 1]
[1, 35, 1]
