Puzzle number: 123380
width:  30
height:  40
solved_count:  1645
AVE_TIME:  '00:15:22'
ave_time_count:  229

top_values
[3, 1, 1, 1]
[3, 1, 1, 1]
[3, 1, 1, 1]
[3, 1, 6]
[1, 3, 1]
[1, 1, 3, 1, 1, 1, 1, 2]
[37]
[2, 1, 1, 1, 1, 2]
[37]
[3, 1, 2, 1, 1, 1, 1, 2]
[3, 1, 1, 1, 1, 1, 1]
[5, 3, 1, 4, 16]
[5, 1, 1, 1, 1, 1, 1, 1, 1]
[5, 3, 1, 1, 1, 1, 1, 1, 1, 1]
[3, 1, 1, 8, 1, 1, 1, 1]
[3, 3, 1, 2, 1, 1, 3, 1, 1]
[3, 1, 1, 1, 1, 1, 3, 2, 1, 1]
[3, 3, 1, 1, 1, 4, 16]
[3, 1, 1, 1, 1, 1, 1, 1, 3, 2, 1, 1]
[3, 3, 1, 2, 1, 1, 3, 1, 1]
[3, 1, 8, 1, 1, 1, 1]
[5, 4, 1, 1, 1, 1, 1, 1, 1, 1]
[5, 1, 1, 1, 1, 1, 1, 1, 1, 1, 1]
[5, 3, 1, 4, 16]
[3, 1, 1, 1, 1, 1, 1]
[3, 1, 2, 1, 1, 1, 1, 2]
[37]
[2, 1, 1, 1, 1, 2]
[37]
[1, 1, 1, 1, 1, 2]

left_values
[3, 3]
[3, 3]
[17]
[23]
[26]
[1, 1, 1, 1]
[5, 5]
[1, 1, 1, 1]
[1, 1, 1, 1, 1, 3, 3, 1, 1]
[1, 1, 1, 3, 1, 1, 1, 1, 1, 1]
[1, 1, 1, 1, 1, 3, 3, 1, 1]
[1, 1, 1, 1, 1]
[7, 1, 5, 1, 1]
[7, 1, 3, 3, 1, 1]
[7, 1, 3, 1, 1]
[1, 1, 2, 2, 1, 1]
[1, 1, 11, 1, 1]
[1, 1, 2, 1, 1, 2, 1, 1]
[1, 2, 1, 1, 2, 1]
[25]
[1, 1, 1, 1, 1, 1, 1, 1, 1]
[1, 1, 1, 1, 1, 1, 1, 1, 1]
[1, 19, 1]
[7, 1, 1, 1]
[1, 19, 1]
[1, 1, 1, 5, 1, 1, 1]
[25]
[1, 1, 1, 1, 1, 1, 1]
[4, 1, 1, 1, 1, 1, 1, 1]
[1, 1, 1, 1, 1, 1, 1, 1]
[1, 1, 1, 1, 1, 1, 1, 1]
[1, 1, 1, 1, 1, 1, 1, 1]
[1, 1, 1, 1, 3, 1, 1, 1]
[4, 1, 1, 1, 3, 1, 1, 1]
[5, 1, 1, 1, 5]
[1, 1, 1, 1, 1, 1, 1]
[1, 1, 1, 1, 1, 1, 1]
[1, 1, 13, 1, 1]
[5, 1, 1, 1, 5]
[25]
