Puzzle number: 123443
width:  25
height:  20
solved_count:  3198
AVE_TIME:  '00:04:22'
ave_time_count:  607

top_values
[7, 3]
[2, 4, 5]
[2, 4, 6]
[2, 4, 6]
[2, 4, 6]
[2, 4, 5]
[2, 5, 3]
[2, 6]
[1, 9]
[9]
[10]
[9]
[3, 2]
[7]
[8]
[9]
[3]
[3]
[20]
[20]
[20]
[20]
[3]
[3]
[5]

left_values
[2, 3, 4, 1]
[2, 3, 4, 1]
[2, 3, 4, 1]
[2, 3, 7]
[2, 3, 7]
[2, 3, 6]
[2, 9]
[2, 8]
[1, 1, 7]
[12, 4]
[13, 4]
[13, 4]
[13, 4]
[1, 6, 4]
[3, 5, 4]
[5, 5, 4]
[7, 5, 4]
[7, 4, 4]
[7, 4]
[5, 4]
