Puzzle number: 123522
width:  50
height:  25
solved_count:  1690
AVE_TIME:  '00:08:51'
ave_time_count:  193

top_values
[1]
[2, 1]
[2, 1]
[12]
[2, 1]
[2, 1]
[2, 1]
[2, 1]
[2, 1]
[2, 1]
[2, 1]
[2, 11]
[2, 1]
[2, 1, 1, 5, 1]
[2, 1, 1, 5, 1]
[2, 1, 1, 5, 1]
[2, 1, 1, 5, 1]
[1, 2, 1]
[8, 1]
[2, 1]
[2, 1]
[2, 1]
[6, 6, 5, 1]
[5, 6, 5, 1]
[5, 6, 5, 1]
[4, 6, 1]
[4, 6, 5, 1]
[3, 6, 5, 1]
[3, 6, 5, 1]
[2, 1]
[2, 1]
[2, 1]
[11, 7]
[10, 7]
[10, 7]
[2, 1]
[23]
[1, 9, 1]
[11, 1]
[12, 1]
[12, 1]
[1, 11, 1]
[23]
[2, 1]
[5, 7]
[4, 7]
[4, 7]
[2, 1]
[11]
[2, 1]

left_values
[4, 5]
[5, 3]
[1, 4, 7]
[1, 5, 7]
[1, 7, 7]
[1, 9, 7]
[2, 11, 7]
[4, 4, 7]
[4, 7, 11]
[4, 7, 11]
[4, 7, 3, 7]
[4, 4, 7, 3, 1, 4]
[4, 7, 3, 1, 4]
[4, 4, 7, 3, 1, 5]
[4, 1, 3, 1, 1, 6]
[3, 1, 4, 3, 3, 3, 1, 1, 6]
[1, 1, 4, 3, 3, 3, 1, 1, 3, 1]
[1, 1, 4, 3, 3, 1, 1, 1]
[1, 1, 4, 3, 3, 3, 1, 1, 3, 1]
[1, 1, 4, 3, 3, 3, 1, 1, 3, 1]
[1, 1, 3, 1, 1, 3, 1]
[1, 1, 3, 1, 1, 3, 1]
[1, 1, 3, 1, 1, 3, 1]
[1, 1, 3, 1, 1, 3, 1]
[50]
