Puzzle number: 123650
width:  45
height:  30
solved_count:  1927
AVE_TIME:  '00:06:50'
ave_time_count:  191

top_values
[25]
[2, 3, 1]
[2, 3, 1]
[1, 2, 1, 2, 1]
[1, 5, 2, 2]
[1, 1, 1, 2, 8]
[1, 5, 2, 2]
[1, 2, 1, 2, 1]
[1, 2, 1]
[1, 2, 1]
[1, 2, 1]
[1, 2, 2, 2]
[1, 2, 8]
[1, 1, 2, 2]
[1, 5, 2, 1]
[1, 2, 1, 1, 2, 1]
[1, 5, 2, 1]
[1, 1, 2, 1]
[1, 2, 2]
[1, 2, 2, 8]
[1, 2, 2]
[1, 2, 1]
[1, 2, 1]
[1, 2, 1, 2, 1]
[1, 5, 2, 2]
[1, 1, 1, 2, 8]
[1, 5, 2, 2]
[1, 2, 1, 2, 1]
[1, 2, 1]
[1, 2, 1]
[30]
[30]
[2, 2]
[2, 1, 11]
[1, 2, 1, 2]
[1, 1, 1, 1, 2, 8]
[1, 1, 1, 2, 8]
[1, 1, 1, 1, 2, 8]
[1, 1, 1, 2, 8]
[1, 1, 1, 1, 2, 8]
[1, 2, 1, 2]
[2, 1, 11]
[2, 2]
[30]
[30]

left_values
[2, 2]
[4, 4]
[15]
[2, 2]
[2, 2]
[1, 2, 2]
[3, 2, 2]
[32, 2]
[1, 2, 1, 1, 1, 1, 1, 2]
[1, 1, 1, 1, 1, 1, 1, 1, 2, 2]
[1, 1, 1, 1, 1, 1, 1, 1, 2, 9, 2]
[1, 2, 2, 2, 2]
[1, 5, 5, 5, 2, 1, 1, 2]
[1, 1, 1, 1, 1, 1, 1, 2, 1, 1, 2]
[1, 1, 1, 1, 1, 1, 1, 2, 1, 1, 2]
[1, 1, 1, 1, 1, 1, 1, 2, 1, 1, 2]
[1, 3, 3, 3, 2, 1, 1, 2]
[1, 2, 9, 2]
[3, 2, 1, 1, 2]
[45]
[45]
[1, 2, 2]
[32, 5, 2]
[1, 3, 3, 3, 3, 2, 5, 2]
[1, 1, 1, 1, 1, 2, 5, 2]
[1, 1, 1, 1, 1, 2, 5, 2]
[1, 1, 1, 1, 1, 2, 5, 2]
[1, 1, 1, 1, 1, 2, 5, 2]
[1, 1, 1, 1, 1, 2, 5, 2]
[1, 1, 1, 1, 1, 2, 5, 2]
