Puzzle number: 12363
width:  44
height:  41
solved_count:  893
AVE_TIME:  '00:27:56'
ave_time_count:  421

top_values
[2]
[7]
[12]
[13]
[14, 6]
[14, 14]
[6, 8, 14]
[3, 2, 4, 14]
[3, 3, 4, 13]
[3, 3, 2, 4, 13]
[3, 3, 3, 4, 13]
[5, 2, 2, 4, 13]
[6, 3, 2, 3]
[6, 2, 3, 3, 15]
[8, 6, 2, 17]
[8, 9, 16]
[9, 8, 15]
[10, 5, 13, 3]
[4, 6, 2, 5]
[5, 5, 17, 2, 6]
[5, 6, 16, 2, 6]
[5, 6, 16, 2, 6]
[5, 6, 16, 2, 6]
[5, 6, 17, 2, 6]
[5, 5, 5, 2, 5]
[4, 6, 4, 3]
[10, 5, 14]
[9, 8, 16]
[8, 9, 17]
[8, 6, 2, 15]
[6, 2, 2, 3]
[6, 3, 2, 3]
[5, 2, 2, 4, 12]
[3, 3, 3, 4, 12]
[3, 3, 2, 4, 12]
[3, 3, 4, 13]
[3, 2, 4, 13]
[6, 8, 13]
[14, 9]
[14]
[13]
[12]
[7]
[2]

left_values
[6]
[16]
[22]
[7, 26, 7]
[7, 26, 7]
[6, 9, 9, 6]
[7, 8, 8, 7]
[9, 9, 9, 9]
[10, 16, 10]
[5, 5, 12, 5, 5]
[5, 5, 10, 5, 5]
[7, 4, 8, 4, 7]
[9, 3, 4, 3, 9]
[5, 9, 2, 3, 5, 5]
[5, 7, 1, 2, 7, 5]
[6, 5, 6, 5, 6]
[8, 3, 6, 3, 8]
[8, 3, 6, 3, 8]
[2, 11, 6, 11]
[3, 9, 5, 9, 2]
[4, 5, 3]
[4, 5, 4]
[6, 2, 5, 4]
[7, 4, 5, 1, 5]
[7, 5, 5, 3, 6]
[7, 5, 5, 4, 7]
[7, 5, 5, 4, 7]
[7, 5, 5, 4, 7]
[7, 5, 5, 4, 6]
[7, 5, 5, 4, 6]
[7, 5, 5, 4, 6]
[7, 5, 5, 6]
[6, 17, 5]
[5, 17, 4]
[4, 5, 5, 3]
[2, 4, 5, 4, 2]
[1, 4, 7, 4, 1]
[3, 7, 3]
[3, 9, 3]
[1, 9, 3]
[9, 1]
