Puzzle number: 123626
width:  45
height:  35
solved_count:  864
AVE_TIME:  '00:03:02'
ave_time_count:  188

top_values
[]
[]
[]
[]
[]
[]
[]
[]
[]
[]
[]
[]
[]
[]
[]
[]
[]
[]
[]
[]
[]
[]
[]
[]
[]
[]
[]
[]
[]
[]
[]
[1]
[1, 2]
[1, 5, 1]
[1, 11, 1, 1, 3]
[12, 1, 7]
[20, 1]
[20]
[19, 1, 1]
[18, 1, 1, 2]
[17, 1, 1, 3]
[17, 1, 6]
[1, 26, 1]
[1, 27]
[1, 27, 1]

left_values
[1, 7]
[8]
[8, 1]
[8, 1, 1]
[8, 1, 2]
[11]
[11]
[1, 11]
[12]
[12]
[1, 12]
[13]
[1, 2, 1, 9]
[1, 9]
[10]
[10]
[10]
[1, 5, 1, 3]
[5, 1, 3]
[4, 1, 3]
[1, 2, 1, 3]
[3]
[3]
[3]
[3]
[1, 3]
[4]
[4]
[1, 4]
[1, 5]
[5, 1]
[1, 3, 1]
[]
[]
[]
