Puzzle number: 123619
width:  45
height:  50
solved_count:  359
AVE_TIME:  '00:10:59'
ave_time_count:  121

top_values
[1, 10, 1]
[1, 10, 1]
[1, 10, 1]
[1, 16, 1]
[15, 1]
[1, 14, 1]
[14, 1]
[13, 1]
[13]
[12, 1]
[7, 1, 1, 2]
[3, 1, 1, 2]
[4, 1]
[5, 1]
[6, 1]
[7, 1]
[9, 1]
[1, 9, 1]
[8, 1]
[9, 1]
[8, 1]
[7, 1]
[11, 1, 2]
[10, 1, 1, 4]
[1, 8, 1, 1, 6]
[8, 1, 6]
[8, 1, 1, 4]
[8, 1, 1, 4]
[9, 1, 1, 8]
[11, 1, 1, 13]
[13, 1, 1, 14]
[14, 1, 15]
[1, 14, 1, 1, 13]
[1, 14, 1, 12]
[13, 1, 1, 1, 11]
[1, 12, 1, 1, 1, 1, 2, 1, 11]
[1, 11, 1, 3, 1, 1, 21]
[1, 9, 1, 1, 4, 1, 3, 1, 21]
[26, 1, 1, 20]
[27, 1, 1, 20]
[50]
[50]
[50]
[50]
[50]

left_values
[1, 1, 11, 5, 1, 6, 1, 7]
[14, 1, 14, 1, 7]
[32, 1, 7]
[8, 1, 24, 1, 7]
[8, 1, 24, 1, 7]
[8, 1, 1, 31]
[9, 1, 30]
[1, 7, 1, 1, 1, 5, 1, 23]
[8, 4, 1, 4, 1, 1, 17]
[1, 8, 1, 1, 2, 1, 2, 1, 1, 16]
[1, 1, 9, 1, 1, 1, 1, 16]
[11, 1, 1, 15]
[9, 1, 15]
[7, 1, 1, 14]
[6, 1, 1, 5, 1, 7]
[5, 1, 1, 1, 1, 7]
[4, 1, 1, 7]
[3, 1, 1, 8]
[2, 1, 9]
[2, 1, 9]
[1, 1, 1, 10]
[1, 1, 7]
[8]
[1, 8]
[1, 9]
[1, 7]
[1, 6]
[1, 5]
[5]
[1, 2, 1, 1, 5]
[10]
[10]
[9]
[9]
[9]
[1, 1, 9]
[1, 2, 1, 9]
[4, 1, 9]
[5, 1, 1, 9]
[16]
[16]
[1, 16]
[17]
[1, 1, 17]
[2, 17]
[1, 2, 1, 1, 17]
[22]
[1, 22]
[23]
[23]
