Puzzle number: 123789
width:  50
height:  25
solved_count:  999
AVE_TIME:  '00:16:18'
ave_time_count:  183

top_values
[1]
[1]
[5, 1]
[5, 1, 6]
[4, 16]
[1, 4, 16]
[6, 1, 1, 6]
[6, 3, 7, 3]
[5, 1, 1, 1, 1, 3]
[1, 2, 4, 1, 1, 3]
[1, 1, 1, 7, 3]
[1, 5, 1, 1, 3]
[1, 1, 1, 1, 3]
[6, 1, 1, 3]
[1, 1, 1, 1, 3]
[8, 1, 1, 3]
[1, 1, 7, 3]
[1, 1, 1, 1, 3]
[8, 1, 1, 3]
[1, 1, 7, 3]
[6, 1, 1]
[1, 1, 10, 1, 1]
[1, 5, 1, 1, 2, 1, 1]
[1, 1, 1, 1, 2, 1, 1]
[2, 4, 1, 2, 1, 1]
[2, 1, 1, 10, 1, 1]
[3, 3, 1, 1]
[3, 1, 1, 6]
[4, 16]
[4, 16]
[5, 1, 6]
[5, 1, 3]
[5, 9, 3]
[5, 3, 1, 3]
[5, 1, 1, 1, 3]
[5, 1, 7, 3]
[5, 1, 1, 1, 3]
[5, 1, 1, 1, 3]
[5, 1, 1, 1, 3]
[5, 1, 1, 1, 3]
[5, 1, 1, 1, 3]
[5, 1, 7, 3]
[5, 1, 1, 1, 3]
[5, 1, 1, 1, 3]
[5, 1, 7, 3]
[5, 1, 3]
[5, 15]
[5, 1]
[5, 1]
[5, 1]

left_values
[5]
[3]
[3, 4]
[10, 2, 2, 28]
[8, 2, 1, 1, 2, 26]
[6, 2, 1, 1, 1, 1, 2, 24]
[4, 2, 1, 1, 1, 1, 1, 1, 2, 22]
[2, 2, 1, 1, 1, 1, 1, 1, 1, 1, 2, 20]
[2, 1, 1, 1, 1, 1, 1, 1, 1, 1, 1, 2]
[48]
[2, 2, 2, 2, 1]
[2, 13, 5, 2, 13, 1]
[2, 1, 1, 1, 1, 1, 1, 2, 1, 1, 1, 1, 1]
[2, 1, 1, 1, 1, 1, 1, 2, 1, 1, 1, 1, 1]
[2, 1, 1, 1, 1, 1, 1, 2, 1, 1, 1, 1, 1]
[2, 1, 1, 1, 1, 2, 1, 2, 1, 1, 1, 1, 1]
[2, 1, 1, 1, 1, 1, 1, 2, 1, 1, 1, 1, 1]
[2, 13, 1, 1, 2, 13, 1]
[4, 1, 1, 4, 1]
[4, 5, 4, 1]
[4, 5, 4, 1]
[17, 20]
[44]
[17, 20]
[7]
