Puzzle number: 123995
width:  30
height:  25
solved_count:  1803
AVE_TIME:  '00:13:51'
ave_time_count:  262

top_values
[5]
[16]
[1, 1, 1]
[1, 1, 2]
[1, 1, 1]
[1, 1, 2]
[1, 4, 1]
[1, 1, 1, 2]
[2, 1, 1, 1]
[3, 1, 1, 2]
[4, 12]
[5, 6, 1]
[6, 2, 1]
[1, 6, 2, 1]
[7, 2, 5, 1]
[11, 6, 1]
[11, 6, 1]
[7, 2, 5, 1]
[1, 6, 2, 1]
[6, 2, 1]
[5, 6, 1]
[4, 12]
[3, 1, 1]
[2, 1, 1, 3, 2]
[1, 1, 1]
[14]
[1, 2, 1, 1, 2]
[2, 4, 1, 1, 1, 1, 1, 3]
[1, 2, 1, 1, 2]
[22]

left_values
[1]
[2, 1]
[6, 1, 1]
[4, 1, 1, 1]
[8, 1, 1, 1]
[10, 1, 1, 1]
[12, 1, 1, 1]
[14, 1, 1]
[16, 5]
[2, 6, 2, 6, 2, 2]
[8, 4, 2, 1, 1]
[2, 6, 2, 2]
[2, 2, 2, 1, 1, 1]
[13, 8, 2]
[1, 1, 2, 2, 2, 1, 1, 1]
[1, 1, 2, 4, 2, 2, 2]
[1, 6, 4, 10]
[1, 2, 4, 2, 1]
[1, 2, 4, 2, 1, 1]
[1, 1, 4, 1, 1, 1]
[1, 1, 1, 1, 1]
[1, 12, 1]
[1, 1, 1, 1, 1]
[10, 1, 1, 1, 1]
[1, 1, 1, 1, 2, 1, 1, 1, 1]
