Puzzle number: 124099
width:  50
height:  45
solved_count:  421
AVE_TIME:  '00:33:47'
ave_time_count:  101

top_values
[7]
[5]
[3]
[2]
[2, 3]
[2, 5, 3]
[1, 3, 7]
[1, 2, 2, 3]
[1, 2, 5, 2]
[1, 2, 3, 2]
[1, 3, 3, 2]
[1, 3, 4, 2]
[1, 2, 5, 2, 3]
[6, 5, 6, 3]
[13, 9, 2]
[14, 4, 2, 2, 1]
[13, 3, 2, 1]
[14, 2, 2, 2]
[19, 2, 2]
[17, 3, 3]
[17, 2, 3]
[18, 2, 3]
[19, 3, 3]
[20, 3, 3]
[21, 3, 4]
[21, 3, 3]
[21, 3, 3]
[21, 2, 2]
[26, 2]
[25, 2]
[23, 2]
[20, 2]
[17, 2]
[14, 2]
[12, 2]
[7, 2]
[3, 3]
[2]
[2]
[3, 3]
[3, 6]
[4, 7]
[9, 8]
[9, 11]
[22, 10]
[21, 1, 11]
[16, 14]
[9, 15]
[6, 16]
[4, 21]

left_values
[13, 6]
[6, 5, 6]
[3, 12, 6]
[2, 14, 6]
[2, 15, 5]
[1, 17, 5]
[1, 20, 4]
[20, 4]
[22, 4]
[23, 3]
[24, 3]
[24, 3]
[23, 3]
[23, 3]
[24, 3]
[24, 3]
[2, 21, 3]
[2, 22, 3]
[3, 4, 16, 3]
[3, 4, 1, 12, 4]
[2, 4, 1, 10, 4]
[2, 3, 2, 9, 3]
[2, 3, 2, 6, 2]
[2, 3, 2, 3, 2]
[2, 3, 3, 3, 2, 1]
[2, 2, 2, 2, 2, 1]
[1, 3, 2, 2, 1]
[1, 2, 2, 3, 1]
[2, 3, 2, 3, 2]
[2, 3, 2, 2, 2]
[1, 2, 3, 2, 3]
[1, 3, 3, 2, 4]
[2, 2, 3, 2, 5]
[2, 3, 2, 4]
[3, 4, 4, 1, 5]
[7, 3, 6, 7]
[7, 3, 5, 7]
[6, 3, 8]
[4, 4, 9]
[4, 10]
[4, 10]
[4, 10]
[4, 11]
[5, 11]
[6, 9, 1]
