Puzzle number: 124148
width:  50
height:  45
solved_count:  110
AVE_TIME:  '00:42:23'
ave_time_count:  100

top_values
[]
[]
[]
[]
[]
[]
[]
[]
[]
[6]
[10]
[12]
[14]
[16]
[6, 2, 7]
[2, 1, 2, 2, 5]
[22]
[4, 3, 1, 4, 5]
[4, 1, 2, 3, 1, 5]
[2, 3, 2, 1, 7, 1, 3]
[5, 1, 1, 1, 2, 2, 5]
[9, 1, 1, 8, 2, 6]
[13, 10, 6]
[15, 4, 5, 5]
[13, 6, 1, 10]
[2, 4, 5, 1, 8]
[7, 5, 9]
[4, 4, 3, 3, 1, 6]
[9, 2, 4, 5]
[4, 1, 2, 1, 9]
[6, 1, 9, 3, 1, 4]
[4, 1, 8, 3, 1, 5]
[3, 8, 1, 2, 1, 4]
[4, 6, 1, 1, 1, 4]
[4, 4, 5, 1, 4]
[4, 4, 1, 4, 1, 3, 4, 4]
[5, 2, 1, 2, 2, 3, 4, 5]
[6, 2, 2, 6, 4, 4]
[11, 1, 3, 6, 2, 4]
[3, 5, 5, 2, 1, 6, 2, 5]
[3, 5, 1, 2, 2, 4, 2, 5]
[3, 4, 3, 2, 2, 1, 2, 3, 2]
[2, 4, 2, 2, 2, 1, 5, 2, 2]
[2, 5, 3, 3, 4, 3, 3]
[2, 6, 2, 2, 12]
[2, 5, 3, 5, 3, 1, 4]
[8, 1, 2, 4, 4, 7]
[6, 5, 1, 1, 1, 1, 1, 5]
[12, 2, 3, 1, 2, 6]
[10, 6, 12]

left_values
[7, 6, 1]
[15, 2]
[6, 3, 5, 3]
[6, 9, 5]
[6, 1, 6, 5]
[8, 2, 4, 3]
[4, 2, 4, 3]
[8, 1, 4, 12]
[8, 6, 15]
[4, 1, 4, 17]
[6, 1, 5, 20]
[6, 3, 3, 12, 4, 2]
[3, 1, 4, 7, 3, 2, 1, 1, 2]
[3, 5, 2, 5, 1, 6, 3]
[4, 2, 10, 3, 2, 1, 4]
[7, 3, 4, 2, 7, 1, 1, 3]
[4, 4, 5, 17]
[3, 8, 1, 5, 11]
[5, 4, 3, 3]
[1, 1, 9, 3]
[2, 9, 3]
[3, 3, 2, 1, 4, 3, 2]
[3, 2, 2, 5, 1, 1, 2, 1]
[3, 8, 3, 2, 2, 3, 1, 2]
[2, 1, 1, 2, 3, 3, 2, 1, 7]
[3, 1, 2, 2, 4, 1, 5, 1]
[3, 2, 1, 1, 1, 1, 1, 1, 1, 5]
[4, 2, 2, 1, 2, 2, 2]
[3, 1, 2, 2, 1, 4, 3]
[9, 2, 2]
[6, 3, 1, 3]
[7, 2, 1, 5]
[5, 2, 1, 2, 3]
[5, 1, 1, 9, 1]
[7, 2, 8]
[6, 1, 2, 2, 5, 1]
[5, 3, 4, 4]
[6, 8, 2, 2]
[6, 7, 2, 1, 1]
[5, 1, 4, 1, 2]
[7, 6, 4]
[11, 6]
[8, 7]
[16]
[14]
