Puzzle number: 124107
width:  50
height:  45
solved_count:  462
AVE_TIME:  '00:18:39'
ave_time_count:  108

top_values
[2, 18]
[3, 1, 17]
[4, 2, 15]
[5, 4, 2, 13]
[1, 9, 12, 3]
[1, 22]
[17, 5]
[3, 12, 3]
[18]
[9, 4, 4]
[11, 2, 1, 6]
[4, 1, 2, 1, 8]
[1, 1, 2, 5, 3]
[2, 4, 3, 3]
[1, 1, 4, 4]
[1, 2, 2, 2, 4]
[1, 2, 1, 2, 4]
[1, 3, 2, 1, 3, 6]
[1, 7, 3, 4]
[1, 11, 2, 3]
[8, 3, 3, 11]
[5, 5, 3, 15]
[5, 7, 2, 21]
[4, 9, 2, 20]
[3, 10, 2, 20]
[3, 12, 2, 20]
[2, 13, 1, 22]
[1, 14, 2, 22]
[14, 2, 22]
[15, 25]
[14, 1, 24]
[15, 1, 24]
[15, 1, 25]
[14, 1, 25]
[13, 1, 27]
[12, 2, 27]
[12, 2, 28]
[11, 31]
[11, 31]
[10, 31]
[9, 32]
[8, 33]
[7, 35]
[6, 37]
[6, 38]
[45]
[45]
[45]
[45]
[45]

left_values
[5, 3, 3, 19]
[4, 2, 2, 3, 21]
[4, 3, 4, 22]
[4, 3, 3, 23]
[8, 3, 24]
[1, 7, 3, 25]
[12, 3, 18, 5]
[4, 3, 3, 2, 17, 6]
[4, 3, 3, 17, 7]
[8, 2, 2, 17, 7]
[7, 1, 3, 16, 8]
[5, 4, 15, 8]
[2, 5, 3, 4, 13, 9]
[15, 4, 12, 10]
[11, 2, 12, 16]
[3, 6, 5, 9, 15]
[9, 16, 13]
[9, 5, 6, 3, 14]
[9, 10, 17]
[9, 5, 1, 1, 2, 16]
[13, 2, 2, 3, 18]
[6, 4, 1, 2, 2, 22]
[7, 3, 1, 2, 2, 2, 21]
[7, 3, 1, 2, 3, 25]
[8, 3, 1, 1, 2, 24]
[4, 2, 6, 1, 28]
[5, 2, 39]
[5, 37]
[2, 2, 35]
[1, 2, 30]
[1, 30]
[1, 30]
[30]
[30]
[30]
[30]
[30]
[29]
[29]
[29]
[29]
[28]
[28]
[28]
[27]
