Puzzle number: 12423
width:  50
height:  50
solved_count:  591
AVE_TIME:  '00:11:37'
ave_time_count:  347

top_values
[50]
[1, 1, 1, 1, 1, 1, 1, 1, 1, 1, 1, 1, 1]
[1, 1, 1, 1, 1, 1, 1, 1, 1, 1, 1, 1, 1]
[1, 1, 1, 1, 1, 1, 1, 1, 1, 1, 1, 1, 1]
[1, 1, 1, 1, 1, 1, 1, 1, 1, 1, 1, 1, 1]
[1, 1, 1, 1, 1, 1, 1, 1, 1, 1, 1, 1, 1]
[1, 1, 1, 1, 1, 1, 1, 1, 1, 1, 1, 1]
[1, 1, 1, 1, 1, 1, 1, 1, 1, 1, 1, 1]
[1, 1, 1, 1, 1, 1, 1, 1, 1, 1, 1, 1]
[1, 1, 1, 1, 1, 1, 1, 1, 1, 1, 1]
[1, 1, 1, 1, 1, 1, 1, 1, 1, 1, 1, 1]
[4, 1, 1, 1, 1, 1, 1, 1, 1, 1, 1, 1]
[6, 1, 1, 1, 1, 1, 1, 1, 1, 1, 1]
[8, 1, 1, 1, 1, 1, 1, 1, 1, 1, 1]
[5, 3, 1, 1, 1, 1, 1, 1, 1, 1, 1, 1]
[3, 1, 3, 1, 1, 1, 1, 1, 1, 1, 1, 1]
[2, 5, 1, 1, 1, 1, 1, 1, 1, 1, 1]
[9, 1, 1, 1, 1, 1, 1, 1, 1, 1]
[9, 1, 1, 1, 1, 1, 1, 1, 1, 1]
[8, 1, 1, 1, 1, 1, 1, 1, 1]
[7, 1, 1, 1, 1, 1, 1, 1, 1]
[7, 1, 1, 1, 1, 1, 1, 1, 1]
[7, 1, 1, 1, 1, 1, 1, 1, 1]
[4, 2, 1, 1, 1, 1, 1, 1, 1]
[2, 1, 2, 1, 1, 1, 1, 1, 1, 1]
[2, 2, 4, 1, 1, 1, 1, 1, 1, 1]
[2, 6, 1, 1, 1, 1, 1, 1, 1]
[3, 7, 1, 1, 1, 1, 1, 1, 1]
[3, 7, 1, 1, 1, 1, 1, 1]
[2, 7, 1, 1, 1, 1, 1, 1]
[6, 6, 1, 1, 1, 1, 1, 1]
[10, 6, 1, 1, 1]
[11, 6, 1, 1, 1]
[12, 6, 4]
[15, 3, 2, 6]
[17, 1, 1, 2, 9]
[31, 12]
[50]
[50]
[50]
[50]
[50]
[50]
[50]
[50]
[50]
[50]
[50]
[50]
[50]

left_values
[1, 5, 1, 19]
[6, 5, 2, 19]
[1, 5, 2, 19]
[1, 6, 1, 20]
[1, 3, 2, 2, 20]
[9, 2, 1, 2, 1, 20]
[1, 2, 3, 22]
[1, 7, 21]
[1, 6, 20]
[12, 6, 19]
[1, 6, 18]
[1, 6, 17]
[1, 7, 16]
[15, 7, 16]
[1, 7, 16]
[1, 4, 1, 15]
[1, 2, 1, 2, 15]
[19, 2, 4, 14]
[1, 7, 14]
[1, 7, 14]
[1, 7, 14]
[23, 8, 14]
[1, 8, 14]
[1, 22]
[1, 6, 14]
[28, 3, 15]
[1, 3, 14]
[1, 16]
[1, 15]
[33, 14]
[1, 14]
[1, 13]
[1, 13]
[33, 13]
[1, 13]
[1, 13]
[1, 13]
[33, 13]
[1, 14]
[1, 14]
[1, 14]
[31, 15]
[1, 15]
[1, 15]
[1, 16]
[31, 16]
[1, 17]
[1, 17]
[1, 17]
[31, 17]
