Puzzle number: 124311
width:  40
height:  30
solved_count:  557
AVE_TIME:  '00:19:52'
ave_time_count:  107

top_values
[1, 3, 2, 4, 1, 1]
[2, 2, 3, 3, 6]
[4, 6, 4, 3]
[4, 3, 6, 1]
[4, 2, 3, 11, 1]
[11, 3, 5, 3]
[6, 5, 3]
[7, 4, 5]
[13, 1, 3, 5]
[9, 2, 4]
[4, 2, 4]
[1, 2, 5, 2, 1]
[1, 1, 6, 5, 2]
[2, 7, 6, 1]
[1, 8, 6, 1]
[2, 9, 8]
[3, 11, 7]
[2, 12, 5]
[2, 15, 1]
[1, 2, 16, 1]
[1, 3, 16, 1]
[1, 5, 16]
[1, 5, 15]
[1, 4, 15]
[1, 3, 14]
[1, 1, 2, 15]
[3, 1, 14]
[3, 3, 14]
[3, 5, 14]
[3, 6, 14]
[3, 6, 13]
[3, 6, 14]
[4, 6, 14]
[4, 6, 14]
[5, 4, 12]
[5, 3, 12]
[5, 2, 13]
[7, 13]
[7, 14]
[7, 6, 7]

left_values
[24]
[1, 4, 14]
[4, 2, 4, 2, 15]
[6, 2, 2, 5, 8]
[10, 7, 6]
[11, 7, 5, 3]
[2, 6, 3, 12]
[1, 8, 10]
[8, 2, 5, 10]
[2, 2, 2, 7, 8]
[3, 1, 2, 9, 6]
[2, 2, 2, 11, 1]
[2, 2, 2, 11, 2]
[1, 2, 1, 13, 3]
[15, 4]
[21, 5]
[1, 3, 25]
[3, 2, 23]
[3, 2, 24]
[2, 2, 2, 23]
[1, 3, 2, 3, 22]
[2, 6, 3, 22]
[2, 6, 4, 22]
[8, 5, 21]
[6, 4, 21]
[9, 5, 19]
[1, 1, 4, 4, 16]
[1, 1, 8, 3, 13]
[6, 6, 9]
[7, 6, 3]
