Puzzle number: 124381
width:  50
height:  40
solved_count:  909
AVE_TIME:  '00:23:14'
ave_time_count:  131

top_values
[30]
[1, 1, 1, 1, 1, 1, 1, 1, 1, 1, 1]
[9, 1]
[9, 5, 1]
[9, 6]
[9, 4, 1]
[5, 3, 1, 1, 1, 1]
[5, 3, 1, 7, 1, 1]
[5, 1, 1, 2, 4]
[4, 2, 7, 1, 2]
[4, 2, 7, 1, 2]
[3, 3, 1, 2]
[3, 3, 7, 1, 2]
[2, 1, 3, 7, 1, 2]
[2, 1, 3, 1, 2]
[2, 1, 3, 7, 1, 2]
[3, 3, 7, 1, 2]
[3, 3, 1, 2]
[4, 2, 7, 1, 2]
[4, 2, 7, 1, 2]
[5, 1, 1, 2, 4]
[5, 3, 1, 7, 1, 1]
[5, 3, 1, 1, 4, 1]
[9, 7]
[9, 7]
[9, 5, 1]
[9]
[3, 9, 1, 1, 1, 1, 1, 1, 1, 1, 1]
[1, 36]
[2, 3, 4]
[2, 3, 12, 14, 4]
[3, 3, 1, 1, 1, 1, 1, 2, 1, 1, 1, 4]
[3, 3, 12, 14, 4]
[3, 3, 4]
[3, 1, 13, 15]
[3, 3, 4]
[3, 3, 11, 14, 4]
[3, 3, 1, 1, 1, 1, 1, 2, 1, 1, 1, 4]
[3, 3, 1, 1, 1, 1, 1, 14, 4]
[3, 3, 1, 1, 1, 1, 1, 2, 1, 1, 1, 4]
[3, 3, 11, 14, 4]
[3, 3, 4]
[3, 1, 29]
[3, 3, 4]
[3, 3, 12, 14, 4]
[3, 3, 1, 1, 1, 1, 1, 2, 1, 1, 1, 4]
[2, 3, 12, 14, 4]
[2, 3, 4]
[1, 36]
[3, 9, 13, 4]

left_values
[15]
[19]
[23]
[1, 1]
[23]
[6, 7, 6]
[6, 7, 6]
[1, 1, 1, 1]
[1, 3, 1, 3, 1, 3, 1]
[1, 1, 1, 1, 1, 1, 1, 1, 1, 1]
[1, 1, 3, 1, 5, 1, 3, 1]
[29, 1, 1, 1, 1, 1, 1, 1, 1, 2]
[1, 27, 1, 1, 1, 1, 1, 1, 1, 1, 2]
[1, 11, 13, 3, 1, 5, 1, 3, 2]
[1, 9, 11, 1, 1, 1, 1, 1, 1, 1, 1, 2]
[1, 7, 3, 9, 1, 1, 1, 1, 1, 1, 1, 1, 2]
[1, 4, 6, 3, 1, 5, 1, 3, 2]
[1, 6, 8, 1, 1, 1, 1, 1, 1, 1, 1, 2]
[1, 6, 8, 1, 1, 1, 1, 1, 1, 1, 1, 2]
[8, 7, 8, 3, 1, 5, 1, 3, 2]
[1, 11, 1, 1, 1]
[2, 17, 2, 3, 1, 5, 1, 3, 1]
[1, 1, 3, 1, 5, 1, 3, 2]
[2, 1, 2, 2, 2, 2, 1, 2, 1, 1, 1, 1, 1, 1, 1, 1, 1, 2]
[1, 1, 2, 2, 2, 2, 1, 1, 1, 1, 1, 1, 1, 1, 1, 1, 1, 2]
[2, 1, 2, 2, 2, 2, 1, 2, 1, 1, 1, 1, 1, 1, 1, 1, 1, 2]
[1, 1, 2, 2, 2, 2, 1, 1, 3, 1, 5, 1, 3, 2]
[2, 1, 2, 2, 2, 2, 1, 2, 1, 1, 1, 1, 1, 1, 1, 1, 1, 2]
[1, 1, 2, 2, 2, 2, 1, 1, 1, 1, 1, 1, 1, 1, 1, 1, 1, 2]
[2, 1, 2, 2, 2, 2, 1, 2, 1, 1, 1, 1, 1, 1, 1, 1, 1, 2]
[1, 1, 3, 1, 5, 1, 3, 2]
[2, 17, 2, 1, 1, 1, 1, 1, 1, 1, 1, 1, 2]
[1, 1, 1, 1, 1, 1, 1, 1, 1, 1, 1, 2]
[2, 1, 15, 3, 2, 1, 1, 1, 1, 1, 1, 1, 1, 1, 2]
[1, 3, 13, 4, 1, 3, 1, 5, 1, 3, 2]
[2, 3, 4, 2, 1, 1, 1]
[1, 4, 1, 1, 4, 6, 7, 7]
[2, 3, 1, 1, 4, 7, 7, 7]
[1, 1, 1, 1, 2, 6, 7, 7]
[1, 5, 1, 1, 4, 6, 7, 7]
