Puzzle number: 124357
width:  45
height:  50
solved_count:  571
AVE_TIME:  '00:19:45'
ave_time_count:  102

top_values
[26]
[2, 1, 1, 3, 2]
[2, 1, 3, 6]
[2, 1, 2, 1]
[4, 2, 6]
[3, 2, 2]
[3, 3, 5]
[3, 3, 2, 2]
[2, 2, 2, 1, 3]
[2, 1, 2, 2, 2]
[1, 2, 1, 2, 1, 2]
[1, 1, 2, 1, 1]
[1, 1, 3, 2, 3]
[1, 2, 3, 1, 1, 1]
[1, 1, 3, 2, 2]
[1, 1, 2, 2, 1, 1]
[1, 1, 2, 1, 1, 2]
[1, 2, 2, 1]
[1, 2, 2, 1, 1]
[1, 3, 1, 1, 1]
[1, 1, 4, 1, 2]
[1, 1, 1, 3, 2, 1]
[1, 2, 3, 2, 1]
[1, 2, 3, 1, 1]
[3, 2, 4, 1, 1]
[2, 2, 5, 1, 1]
[2, 2, 1, 2, 2, 1]
[1, 1, 2, 2, 2, 1, 1]
[2, 2, 3, 1, 2, 1]
[3, 2, 5, 1]
[5, 3, 7, 1]
[5, 7, 2, 2]
[2, 3, 2, 5, 2, 1]
[1, 8, 6, 1]
[1, 7, 8, 2]
[3, 4, 4, 2]
[5, 4, 3, 2]
[1, 6, 4, 2]
[2, 14, 2]
[3, 12, 2]
[4, 9, 2]
[6, 6, 3]
[13, 2]
[15]
[11]

left_values
[17, 2, 5, 13]
[10, 3, 5, 2, 5]
[1, 4, 4, 3, 4, 5]
[5, 4, 2, 3, 4]
[1, 12, 2, 5, 4, 3]
[2, 4, 5, 3, 3, 4]
[1, 3, 4, 3, 4, 3]
[3, 3, 3, 2, 9]
[8, 3, 2, 1, 7]
[10, 1, 1, 1, 7]
[1, 5, 4, 2, 7]
[1, 4, 2, 2, 7]
[1, 1, 6, 1, 3, 8]
[1, 1, 1, 8, 6, 4, 2]
[1, 1, 1, 2, 8, 8, 4, 2]
[1, 1, 1, 2, 1, 9, 6, 4, 2]
[1, 1, 1, 1, 2, 6, 9, 1, 2]
[7, 2, 2, 7, 5, 2]
[2, 5, 3, 2, 3, 2, 2, 1]
[1, 4, 2, 2, 2, 1, 2]
[1, 2, 3, 2, 1, 2, 2]
[1, 3, 3, 2, 1, 2]
[1, 3, 4, 2, 3]
[1, 3, 4, 4]
[1, 5, 5]
[1, 12]
[]
[]
[]
[]
[]
[]
[]
[]
[]
[]
[]
[]
[]
[]
[]
[]
[]
[]
[]
[]
[]
[]
[]
[]
