Puzzle number: 124430
width:  20
height:  16
solved_count:  3213
AVE_TIME:  '00:02:51'
ave_time_count:  574

top_values
[3]
[3, 1]
[6, 1]
[4, 4]
[2, 1, 1, 1, 1, 1]
[1, 2, 1]
[1, 1, 1, 1, 1, 3]
[1, 1, 1, 1, 1, 1, 1, 1]
[2, 1, 2, 1]
[1, 1, 1, 1, 1, 3]
[1, 1, 1, 1, 1, 1, 1]
[2, 1, 2, 1]
[1, 1, 1, 1, 1, 1, 3]
[1, 1, 1, 1, 1, 1, 1]
[1, 2, 1]
[2, 1, 1, 1, 3]
[4, 2, 1]
[6, 1]
[5]
[3]

left_values
[4]
[2, 2]
[1, 1]
[1, 2, 2, 1]
[1, 1]
[2, 2, 2, 2, 2]
[1, 1]
[2, 2, 2, 2, 2]
[2, 2]
[1, 1, 2, 2, 2, 1, 1]
[1, 1]
[2, 1, 2, 2, 2, 1, 2]
[3, 1, 1, 1, 1, 3]
[20]
[1, 1, 1, 1, 1, 1, 2]
[20]
