Puzzle number: 124593
width:  35
height:  40
solved_count:  711
AVE_TIME:  '00:06:55'
ave_time_count:  153

top_values
[1]
[1]
[1]
[2]
[2]
[3]
[2]
[2]
[3]
[3]
[4]
[4]
[3]
[4]
[4]
[5]
[6]
[6]
[3]
[2, 1]
[4, 3]
[4, 5]
[4, 5]
[4, 1, 5]
[4, 1, 4]
[4, 4, 1]
[3, 6, 4]
[4, 8, 4, 1]
[4, 8, 2]
[4, 8]
[4, 9, 6]
[4, 9, 10]
[4, 9, 11]
[4, 9, 12]
[4, 9, 13]

left_values
[5]
[8]
[10]
[12]
[9]
[6, 5]
[6, 8]
[4, 8]
[1, 2, 9]
[3, 9]
[5, 14]
[6, 14]
[8, 15]
[10, 15]
[13, 4]
[9]
[6]
[]
[]
[]
[]
[]
[]
[]
[]
[]
[]
[1]
[2]
[3]
[4]
[4]
[5]
[5]
[1, 5]
[2, 5]
[2, 5]
[2, 5]
[2, 1, 4]
[2, 4]
