Puzzle number: 124534
width:  40
height:  40
solved_count:  300
AVE_TIME:  '00:11:59'
ave_time_count:  104

top_values
[]
[]
[]
[2]
[3]
[3]
[2]
[2]
[3]
[2]
[3, 2]
[2, 3]
[3, 3]
[4, 3]
[2, 4, 3]
[4, 5, 3]
[5, 6, 3]
[10, 5, 3]
[18, 3]
[19, 4]
[20]
[10, 16]
[13, 14]
[14, 19]
[14, 21]
[7, 17]
[29]
[37]
[37]
[37]
[37]
[30]
[30]
[7, 21]
[7, 19]
[9, 15]
[10, 14]
[1, 16, 2]
[1, 16, 3]
[2, 16, 3]

left_values
[5, 19]
[5, 16, 1]
[4, 16]
[4, 16]
[3, 16]
[2, 16]
[3, 16, 1]
[3, 4, 7, 2, 1]
[3, 4, 7, 2, 1]
[3, 4, 7, 1, 1]
[2, 3, 7, 2]
[2, 3, 7, 2]
[3, 3, 7, 2]
[3, 10, 3]
[4, 9, 3]
[5, 9, 3]
[6, 9, 3]
[7, 10, 3]
[3, 3, 12, 4]
[3, 3, 12, 4]
[4, 21]
[3, 21]
[3, 20]
[4, 20]
[5, 20]
[4, 19]
[4, 18]
[3, 18]
[3, 18]
[2, 7, 10]
[6, 4, 4]
[7, 4, 4]
[3, 3, 4, 3, 3]
[3, 3, 4, 3, 3]
[3, 2, 4, 3, 2]
[4, 2, 4, 1]
[4, 2, 4, 1]
[4, 1]
[3]
[2]
