Puzzle number: 12453
width:  50
height:  50
solved_count:  892
AVE_TIME:  '01:02:01'
ave_time_count:  341

top_values
[7, 2, 6, 1, 1, 1, 1, 1, 2, 1, 1]
[4, 3, 1, 3, 1, 1, 1, 1, 4, 2, 1]
[3, 1, 2, 5, 15, 1]
[4, 2, 23, 1]
[4, 2, 7, 2, 4, 3, 1]
[2, 10, 2, 2, 1]
[2, 8, 1, 1, 1, 1]
[2, 6, 2, 3, 1]
[2, 5, 2, 1, 1, 3, 1]
[3, 14, 7, 1]
[2, 16, 3, 3, 1]
[2, 7, 4, 4, 3, 1]
[2, 2, 2, 2, 13, 1]
[2, 2, 18, 1]
[5, 18, 1]
[6, 2, 1, 1, 8, 1, 1]
[5, 7, 2, 1, 1, 1]
[5, 5, 1, 3, 2, 1]
[5, 4, 2, 4, 2, 1]
[1, 13, 3, 5, 3, 1]
[18, 2, 3, 3, 2, 6, 1]
[18, 6, 2, 3, 1, 1, 1]
[16, 1, 5, 1, 1, 7, 1]
[9, 3, 2, 5, 1, 6, 1]
[7, 2, 1, 2, 2, 1, 3, 2, 2, 1]
[2, 2, 3, 2, 1, 6, 1, 4, 1]
[1, 4, 2, 6, 1, 3, 2, 1]
[2, 2, 2, 1, 1, 3, 3, 6, 1]
[2, 2, 4, 2, 2, 7, 4, 1]
[4, 2, 2, 1, 6, 3, 4, 1]
[4, 2, 1, 1, 6, 3, 1, 2, 1]
[4, 2, 1, 1, 5, 2, 1, 1, 1]
[2, 3, 4, 5, 2, 2, 1]
[8, 4, 6, 1]
[3, 4, 3, 1, 1, 1, 2, 1]
[2, 4, 3, 1, 1, 1, 1]
[10, 3, 3, 1, 1]
[3, 2, 7, 3, 1, 1]
[1, 8, 1, 2, 1, 1]
[5, 4, 1, 1, 1]
[11, 1, 1]
[5, 4, 2, 1]
[3, 3, 1]
[4, 1, 1, 1]
[6, 1, 1]
[6, 1]
[1, 4, 1]
[3, 1]
[2, 1]
[28, 2, 18]

left_values
[1, 2, 4, 7, 1]
[13, 6, 1]
[10, 5, 1]
[5, 5, 1]
[2, 5, 1]
[1, 5, 2, 1]
[1, 5, 3, 1]
[4, 3, 1]
[4, 4, 1]
[4, 4, 1]
[4, 3, 1, 1]
[8, 1, 1]
[8, 2, 1]
[8, 2, 1]
[1, 8, 2, 1]
[23, 5, 1]
[1, 15, 3, 7, 1]
[2, 7, 3, 4, 1, 2, 1]
[10, 2, 2, 6, 10, 1]
[1, 24, 2, 6, 3, 1]
[8, 5, 8, 4, 2, 3, 1]
[1, 5, 3, 5, 2, 1, 1, 4, 1]
[7, 2, 5, 6, 10, 1]
[6, 6, 2, 6, 1, 7, 2, 1]
[6, 6, 1, 4, 1, 12, 3, 2, 1]
[1, 2, 3, 2, 4, 4, 13, 1]
[4, 5, 3, 4, 2, 11, 1]
[2, 3, 3, 4, 22, 1]
[5, 12, 12, 2, 2, 4]
[3, 5, 4, 5, 9, 8]
[4, 6, 6, 6, 2, 2, 5]
[2, 1, 6, 3, 5, 11]
[5, 2, 4, 4, 4, 1, 1]
[3, 2, 4, 1, 7, 1]
[5, 2, 4, 1, 2, 4, 5, 1]
[5, 2, 4, 1, 2, 6, 3, 1]
[4, 1, 7, 22, 1]
[4, 15, 6, 1, 1, 1]
[3, 8, 4, 14, 1]
[9, 4, 1, 3, 3, 1]
[5, 5, 1]
[6, 1]
[1]
[1]
[1]
[1]
[1]
[1]
[1]
[50]
