Puzzle number: 12450
width:  50
height:  50
solved_count:  947
AVE_TIME:  '00:59:24'
ave_time_count:  411

top_values
[1, 1, 1, 1, 11, 4, 1]
[3, 2, 3, 7, 1, 2, 1]
[2, 14, 2, 2, 1]
[2, 4, 6, 2, 2, 1]
[1, 2, 3, 4, 2, 6, 1]
[1, 1, 1, 3, 6, 2, 1]
[4, 3, 4, 2, 3, 1, 1]
[5, 11, 2, 2, 1, 1]
[4, 7, 1, 3, 2, 1, 1]
[2, 2, 5, 1, 2, 4, 1, 1]
[3, 6, 2, 1, 2, 2, 1, 1]
[4, 4, 1, 2, 3, 2, 1]
[6, 5, 1, 6, 1]
[4, 7, 4, 1]
[5, 3, 3, 4, 1]
[4, 11, 4, 3, 6, 1]
[1, 18, 2, 2, 1]
[2, 2, 5, 1, 1, 1]
[1, 2, 8, 4, 2, 2, 1]
[3, 2, 4, 1, 10, 2, 1]
[7, 2, 1, 1, 10, 1]
[3, 1, 3, 4, 3, 1]
[4, 3, 3, 2, 1]
[1, 2, 2, 1, 2, 1]
[1, 1, 3, 1, 1, 1]
[1, 1, 3, 1, 2, 1]
[1, 2, 1, 4, 4, 1]
[4, 2, 5, 4, 1]
[1, 3, 3, 10, 1]
[1, 3, 3, 10, 1]
[3, 3, 1, 3, 1, 2, 1]
[1, 2, 1, 5, 2, 1]
[2, 2, 7, 2, 1, 1]
[2, 1, 4, 2, 2, 1]
[1, 1, 2, 5, 7, 1]
[1, 1, 1, 1, 4, 6, 1]
[1, 1, 1, 1, 2, 4, 5, 1]
[4, 1, 1, 3, 2, 3, 5, 1]
[1, 1, 3, 2, 3, 7, 1]
[1, 1, 2, 2, 9, 2, 1]
[1, 2, 2, 1, 1, 5, 2, 1]
[1, 3, 2, 3, 3, 1, 5, 2, 1]
[1, 4, 4, 1, 2, 1, 10, 1]
[10, 1, 1, 1, 6, 3, 1]
[3, 7, 2, 2, 1, 6, 3, 1]
[3, 9, 2, 1, 9, 1]
[2, 2, 1, 6, 9, 1]
[1, 3, 10, 1, 6, 2, 1]
[3, 1, 9, 2, 9, 1]
[1, 1, 1, 2, 6, 4, 1, 1]

left_values
[2, 2, 2, 4, 6, 3]
[2, 2, 3, 2, 1, 2, 3, 10, 1]
[5, 2, 2, 2, 3, 1, 1, 3, 1]
[6, 2, 2, 5, 3, 3, 5, 3]
[1, 3, 4, 3, 4, 1, 7, 4]
[3, 2, 3, 4, 2, 7]
[5, 6, 2, 1, 1, 1, 4]
[6, 5, 1, 1, 4, 3, 2]
[5, 3, 3, 2, 2, 1, 5, 1]
[3, 6, 2, 2, 1, 4, 2]
[3, 4, 2, 1, 16]
[1, 1, 4, 2, 1, 5, 6]
[4, 3, 2, 1, 5, 2, 4]
[4, 5, 2, 1, 1, 3]
[9, 1, 2, 1, 4, 3]
[8, 1, 2, 1, 3, 5]
[8, 2, 2, 2, 2, 2, 3]
[5, 4, 2, 1, 2, 1, 1, 2]
[3, 2, 1, 2, 1, 1]
[2, 2, 1, 1, 1]
[2, 1, 1, 2]
[4, 1, 3, 2, 2, 2]
[6, 7]
[7, 2, 7]
[6, 2, 2, 2]
[5, 9, 3]
[2, 2, 1, 11, 2]
[3, 3, 1, 6, 3, 2]
[8, 3, 2, 7, 3, 2]
[6, 1, 4, 3, 13]
[1, 7, 2, 4, 10, 4]
[12, 9, 2, 9, 3]
[7, 2, 1, 5, 9, 12]
[2, 1, 1, 2, 4, 16]
[1, 4, 2, 25]
[1, 4, 30]
[2, 6, 6, 15]
[16, 6, 1, 4]
[4, 8, 1]
[1, 10]
[7]
[]
[]
[]
[]
[]
[]
[]
[]
[50]
