Puzzle number: 124618
width:  45
height:  45
solved_count:  277
AVE_TIME:  '00:12:41'
ave_time_count:  100

top_values
[8, 1]
[7, 1]
[4, 2]
[6]
[]
[]
[]
[]
[]
[]
[]
[3]
[4]
[10]
[1, 11]
[1, 13]
[1, 10, 7]
[1, 5, 5, 2]
[1, 7, 5, 1]
[1, 7, 6, 2, 3, 1]
[1, 10, 12, 2, 1]
[1, 13, 4, 6, 1]
[1, 10, 7, 3, 2]
[1, 13, 4, 5]
[16, 3]
[4, 8, 3]
[2, 4, 1, 3]
[1, 2, 6]
[3, 4]
[10]
[10]
[7]
[5]
[4]
[3]
[3]
[2]
[2]
[2]
[1]
[1]
[1]
[1]
[2]
[2]

left_values
[13, 15]
[3, 9, 2]
[2, 6]
[2, 4]
[2, 4]
[2, 3]
[2, 4]
[3, 4]
[5, 3]
[6, 2]
[7, 1]
[6, 1]
[6, 2]
[6, 3]
[7, 2]
[10]
[5, 1]
[3, 2]
[5, 3]
[9]
[8]
[1, 5]
[1, 2, 3]
[2, 2, 1]
[2, 2, 2]
[3, 2, 2]
[4, 2, 2]
[4, 2, 2]
[4, 2, 2]
[2, 1, 3, 2]
[1, 4, 2]
[2, 4, 2]
[3, 4, 2]
[4, 2]
[5, 1]
[5, 3]
[5, 5]
[8, 2]
[7, 2]
[11]
[6, 1]
[1, 1]
[1, 1]
[2, 2]
[6]
