Puzzle number: 12461
width:  50
height:  37
solved_count:  184
AVE_TIME:  '00:29:00'
ave_time_count:  100

top_values
[2, 2]
[2, 1]
[3, 1]
[2, 1]
[2, 1]
[3, 2]
[3, 1]
[3, 2]
[3, 2]
[3, 3]
[3, 3]
[2, 7]
[3, 8]
[2, 11]
[2, 11]
[1, 14]
[2, 6, 3]
[8, 2]
[7, 2]
[7, 2]
[7, 1]
[6, 1]
[8, 2]
[9, 1]
[9, 1]
[10, 2]
[11, 1]
[5, 2, 1, 1]
[8, 2, 1]
[1, 5, 2, 2, 1]
[1, 5, 2, 2, 1]
[7, 1, 1, 3, 1]
[6, 1, 1, 2, 2]
[2, 1, 1, 1, 2]
[2, 2, 2, 1, 2]
[2, 1, 2, 1, 2]
[1, 1, 2, 4, 2]
[2, 3, 1]
[2, 2, 2]
[1, 1, 1, 1]
[1, 4, 2, 2]
[5, 3, 1, 1]
[4, 3, 1, 1]
[3, 8, 1]
[1, 1, 2, 1, 1]
[1, 1, 1]
[2, 1]
[4, 1, 1, 1]
[2, 1, 1, 1]
[1, 1, 1]

left_values
[3, 1, 2]
[1, 2, 2, 2]
[5, 1]
[1, 5, 1]
[17, 2, 1, 2]
[21, 3, 1]
[6, 15, 4]
[5, 13, 1, 3, 2]
[6, 13, 5, 2]
[1, 4, 12, 7, 2]
[8, 4, 1, 9, 1]
[5, 4, 7, 1]
[4, 4, 2]
[4, 2, 1]
[4, 4, 2]
[5, 7, 1]
[5, 1, 2, 2]
[6, 2, 1]
[7, 1, 1]
[9, 1, 1, 2]
[5, 5, 1, 3, 2]
[1, 4, 6, 2, 5, 1]
[2, 1, 3, 5, 4]
[4, 1, 4]
[5, 1, 4]
[4]
[9]
[3]
[2]
[2]
[3]
[3]
[1, 10]
[]
[]
[]
[]
