Puzzle number: 124874
width:  45
height:  50
solved_count:  163
AVE_TIME:  '00:40:28'
ave_time_count:  100

top_values
[12, 14, 2]
[34]
[34]
[35]
[36, 1, 1, 1, 1]
[36, 1, 1]
[42]
[36, 8]
[35]
[37]
[38]
[46]
[8, 2, 21, 1]
[8, 1, 1, 7, 5]
[8, 2, 1, 7, 4]
[8, 4, 8, 3]
[7, 6, 9, 4]
[4, 7, 10, 4]
[3, 3, 3, 11, 4, 2]
[5, 2, 4, 13, 3, 2]
[1, 3, 2, 3, 13, 2, 1]
[1, 3, 2, 3, 14, 2, 1]
[1, 3, 2, 3, 14, 6, 1]
[4, 2, 3, 14, 8]
[5, 3, 3, 15, 7]
[5, 2, 2, 15, 5]
[5, 2, 2, 14, 1]
[4, 2, 2, 13, 2]
[4, 3, 2, 12, 4]
[3, 3, 2, 10, 2, 5]
[2, 3, 2, 3, 10, 3, 2, 2]
[5, 4, 2, 8, 6, 2, 2]
[2, 4, 1, 12, 2, 1]
[3, 1, 1, 1, 9, 3, 1]
[2, 2, 5, 4]
[1, 3, 6]
[1, 7]
[3, 8]
[5, 10, 4]
[7, 16, 5]
[6, 20, 5, 1]
[3, 21, 5, 2]
[22, 7]
[16, 5, 5]
[25, 5]

left_values
[7, 3, 2]
[8, 2, 2]
[11, 4, 1]
[20, 2]
[18, 15]
[18, 12, 1, 1]
[17, 11, 2, 1]
[17, 6, 1, 3, 1]
[17, 3, 4, 1]
[16, 5, 1]
[16, 1, 4, 1]
[12, 11, 4, 1]
[11, 13, 3, 1]
[11, 3, 4, 1, 1]
[11, 4, 4, 2]
[11, 5, 6, 3, 2]
[11, 18, 2]
[11, 16, 3, 3]
[11, 1, 4, 2, 2, 4]
[13, 2, 5]
[12, 3, 1, 5]
[12, 8, 5]
[13, 12, 6]
[13, 18, 6]
[37, 6]
[36, 6]
[35, 6]
[35, 7]
[34, 7]
[34, 8]
[34, 7]
[13, 16, 2, 7]
[13, 13, 2, 8]
[13, 11, 2, 9]
[1, 11, 7, 2, 9]
[11, 1, 9]
[11, 1, 9]
[1, 9, 2, 1, 4]
[1, 1, 9, 1, 2, 3]
[1, 3, 3, 1, 1]
[1, 2, 2, 1, 2]
[1, 1, 2, 2, 1, 2, 3]
[1, 2, 6, 2, 5]
[1, 1, 6, 2, 7]
[2, 1, 1, 1, 3, 2, 7]
[1, 1, 2, 4, 2, 7]
[1, 1, 7, 2, 3]
[2, 1, 1, 4, 2, 1, 3]
[1, 1, 1, 10, 2]
[1, 1, 1, 4, 5, 2]
