Puzzle number: 124860
width:  20
height:  15
solved_count:  3718
AVE_TIME:  '00:04:19'
ave_time_count:  443

top_values
[1, 3]
[9]
[3, 3]
[4, 3, 1]
[8, 3]
[2, 11]
[2, 3, 6]
[1, 9]
[1, 3, 1]
[1, 1]
[2, 3]
[1, 3, 1]
[10]
[3, 3]
[2, 1, 2, 2, 2]
[2, 1, 2, 2, 2]
[3, 1, 3]
[13]
[4, 1]
[13]

left_values
[3, 3]
[4, 5]
[1, 2, 4]
[1, 2, 3]
[3, 9]
[5, 1, 1, 1]
[7, 1, 2, 1, 1]
[9, 1, 2, 1, 1]
[1, 1, 1, 2, 1, 1]
[1, 3, 3, 2, 1, 1]
[13, 2, 1, 1]
[9, 1, 1, 1]
[9, 4, 4]
[1, 3, 1, 4, 1]
[1, 1, 6, 4, 1]
