Puzzle number: 125204
width:  35
height:  50
solved_count:  939
AVE_TIME:  '00:18:56'
ave_time_count:  175

top_values
[10]
[3, 1, 1, 1]
[4, 1, 3]
[4, 1, 3]
[4, 1, 1, 2]
[1, 1, 8, 1]
[19, 1]
[3, 1, 4, 3, 1]
[4, 1, 5, 3, 1]
[2, 5, 6, 3, 1]
[2, 1, 13, 1]
[1, 2, 1, 1, 8, 3, 1]
[2, 2, 1, 2, 1, 1, 1, 3, 1]
[3, 23, 2, 3, 1]
[5, 4, 2, 10, 11, 1]
[6, 4, 3, 9, 3, 4, 3, 1]
[1, 1, 2, 4, 1, 4, 1, 3, 3, 1, 2, 5, 1, 1]
[6, 3, 5, 7, 1, 7, 1, 1]
[1, 1, 2, 4, 1, 4, 1, 3, 3, 1, 2, 5, 3]
[6, 4, 3, 9, 3, 4, 5]
[5, 4, 2, 10, 11, 1]
[3, 23, 2, 3, 1]
[2, 2, 1, 2, 1, 1, 1, 4]
[1, 2, 1, 1, 8, 4]
[2, 1, 7, 3]
[2, 5, 6, 3, 1]
[4, 1, 5, 3, 1]
[3, 1, 4, 3, 1]
[19]
[1, 1, 9]
[4, 1, 1, 2]
[4, 1, 1]
[4, 1, 3]
[3, 1, 3]
[10]

left_values
[1]
[3]
[1]
[5]
[1, 1, 1]
[5]
[2, 2]
[2, 2]
[2, 1, 2]
[2, 3, 2]
[2, 3, 2]
[4, 4]
[2, 2]
[2, 2]
[3, 3]
[2, 1, 2]
[2, 3, 2]
[2, 5, 2]
[13]
[9]
[1, 1]
[9]
[3, 1, 3]
[3, 1, 3]
[5, 1, 5]
[6, 1, 6]
[2, 9, 2]
[2, 9, 2]
[2, 4, 4, 2]
[10, 10]
[5, 2, 3, 2, 5]
[1, 1, 2, 1, 1, 2, 1, 1]
[1, 1, 3, 2, 2, 3, 1, 1]
[4, 1, 1, 1, 1, 4]
[1, 3, 5, 3, 1]
[2, 2, 1, 1, 1, 2, 2]
[1, 1, 3, 1, 3, 1, 3, 1, 1]
[2, 1, 4, 9, 4, 1, 2]
[3, 6, 2, 1, 2, 7, 3]
[4, 7, 2, 1, 2, 6, 4]
[4, 7, 9, 7, 4]
[3, 11, 1, 1, 11, 3]
[1, 2, 1, 1, 1, 1, 1, 2, 1]
[1, 2, 1, 1, 1, 1, 1, 2, 1]
[7, 1, 1, 1, 1, 1, 7]
[1, 11, 11, 1]
[1, 11, 11, 1]
[35]
[1, 3, 2, 2, 2, 3]
[4, 17, 3, 3]
