Puzzle number: 12522
width:  35
height:  45
solved_count:  411
AVE_TIME:  '00:18:00'
ave_time_count:  207

top_values
[5]
[5]
[2, 2]
[2, 1]
[2, 1]
[1, 1]
[1, 2]
[1, 1]
[1, 1]
[1, 1]
[1, 1]
[3]
[2]
[2]
[2]
[2]
[2]
[3]
[3]
[3]
[2]
[3]
[1, 1]
[2]
[1, 2, 8]
[1, 1, 3, 8, 1]
[2, 1, 3, 3, 5, 3]
[1, 2, 1, 3, 1, 1, 4, 4]
[3, 2, 3, 1, 1, 3, 6]
[3, 2, 4, 1, 2, 9]
[3, 2, 3, 2, 2, 3, 4]
[2, 1, 2, 4, 1, 1, 4, 1, 2]
[2, 2, 3, 11, 1, 6, 1, 1, 2]
[2, 2, 7, 5, 8, 2, 1, 1]
[1, 4, 3, 11, 1]

left_values
[12, 3, 2, 1, 3, 1]
[5, 11, 2, 3, 2]
[2, 19, 5, 1]
[7, 2, 1, 4, 1]
[3, 2, 2]
[2, 1]
[2, 2]
[2, 2]
[1, 2]
[1, 2]
[4]
[3]
[3]
[2]
[1]
[2]
[4]
[5]
[6]
[4, 2]
[3, 4]
[2, 3, 2]
[2, 1, 2]
[1, 1, 6]
[1, 5]
[3]
[2]
[2, 1]
[2, 1]
[2, 2]
[2, 2]
[2, 3]
[2, 3]
[2, 3]
[2, 4]
[2, 4]
[8]
[4, 1]
[2, 1]
[2, 2]
[2, 1]
[4, 1]
[6, 1]
[7, 1]
[6, 2]
