Puzzle number: 125469
width:  40
height:  40
solved_count:  203
AVE_TIME:  '00:26:37'
ave_time_count:  100

top_values
[]
[]
[]
[]
[]
[]
[3]
[4]
[6]
[5]
[3]
[3, 2]
[3, 4]
[3, 5]
[3, 3]
[4, 1, 3, 2]
[3, 6, 3, 5]
[7, 7, 5]
[8, 8, 2]
[4, 2, 8, 6]
[2, 2, 1, 9, 4]
[2, 1, 2, 4, 8]
[2, 3, 5, 8, 2]
[2, 2, 8, 8, 1]
[2, 11, 7, 1]
[2, 14, 6]
[2, 19, 4, 1]
[1, 2, 21, 2, 2]
[2, 1, 21]
[4, 2, 17, 4]
[3, 2, 17, 4]
[3, 3, 13, 3, 3]
[3, 1, 13, 2, 4]
[4, 13, 2, 4]
[4, 2, 13, 5]
[4, 3, 2, 8, 2, 1]
[3, 5, 8, 1, 1, 1]
[2, 2, 2, 2, 8, 2, 1]
[3, 1, 2, 4, 4, 4, 1]
[3, 7, 4, 3]

left_values
[]
[]
[]
[]
[]
[]
[2]
[4, 2]
[2, 4]
[6, 7]
[6, 6]
[6, 7]
[4, 12]
[3, 3, 2]
[3, 3, 2]
[3, 7, 6]
[3, 3, 7, 6]
[3, 2, 7, 1]
[6, 7, 2]
[5, 12, 2]
[13, 3]
[14, 3]
[2, 15]
[4, 14]
[5, 17]
[6, 16]
[6, 15, 1]
[6, 17]
[2, 6, 16]
[2, 6, 15]
[3, 1, 6, 13]
[3, 2, 6, 12]
[3, 2, 6, 2]
[3, 2, 1, 6, 4, 1]
[3, 2, 1, 1, 6, 5, 2]
[2, 2, 2, 1, 6, 3, 3, 2]
[3, 2, 2, 2, 5, 2, 4, 2]
[4, 2, 2, 2, 3, 1, 4, 3]
[3, 3, 2, 3, 1, 1, 4]
[3, 2, 2, 3, 3, 2, 8]
