Puzzle number: 125742
width:  30
height:  30
solved_count:  2283
AVE_TIME:  '00:02:58'
ave_time_count:  205

top_values
[]
[]
[]
[]
[]
[]
[]
[]
[]
[]
[13, 7]
[2, 1, 2]
[1, 11, 1, 2, 6]
[1, 1, 1, 1, 1, 1]
[11, 1, 1, 1, 1, 1]
[1, 1, 1, 1, 1, 6]
[1, 1, 1, 1, 2]
[1, 3, 1, 7]
[1, 1, 1]
[3, 8]
[]
[]
[]
[]
[]
[]
[]
[]
[]
[]

left_values
[]
[]
[3]
[1, 1]
[3, 1]
[1, 1, 1]
[1, 1, 1]
[1, 1, 1]
[1, 1, 1]
[1, 1, 1]
[1, 1, 1]
[1, 1, 1]
[1, 1, 6]
[1, 1, 1]
[1, 6, 1]
[1, 2]
[8]
[]
[]
[]
[5]
[1, 1]
[6, 1]
[2, 2, 1]
[1, 4, 1, 1]
[1, 1, 1, 1, 1]
[1, 1, 1, 1, 1]
[1, 1, 1, 1, 1]
[1, 1, 1, 1, 1]
[1, 1, 1, 1, 1]
