Puzzle number: 125735
width:  30
height:  30
solved_count:  1866
AVE_TIME:  '00:05:07'
ave_time_count:  170

top_values
[3, 5, 6, 1]
[2, 3, 1, 5, 3]
[3, 4, 1, 4, 5]
[5, 5, 7, 7]
[9, 10, 9]
[7, 5, 8, 4]
[13, 3, 3, 5]
[7, 4, 3, 11]
[16, 12]
[30]
[30]
[6, 23]
[30]
[30]
[30]
[28]
[2, 27]
[30]
[9, 1, 18]
[5, 21]
[7, 17]
[23]
[2, 22]
[1, 21]
[1, 20]
[1, 2, 18]
[4, 19]
[4, 18]
[4, 1, 15]
[17]

left_values
[11, 3, 5]
[12, 3, 3]
[15, 2, 3]
[20, 3]
[1, 18]
[1, 18, 1]
[7, 9, 2]
[2, 1, 14]
[2, 13, 3]
[2, 13, 5, 1]
[24]
[17, 6, 1]
[2, 3, 12, 8]
[2, 2, 20, 1]
[1, 2, 21, 1]
[1, 3, 24]
[2, 5, 21]
[1, 4, 21]
[4, 22]
[5, 23]
[4, 25]
[3, 26]
[2, 26]
[2, 3, 23]
[1, 2, 23]
[1, 3, 24]
[28]
[29]
[29]
[30]
