Puzzle number: 12644
width:  50
height:  50
solved_count:  3202
AVE_TIME:  '00:43:53'
ave_time_count:  1704

top_values
[10, 11, 5]
[9, 11, 6]
[4, 5, 17]
[11, 16]
[17, 14]
[22, 12]
[26, 10]
[31, 7]
[34]
[38]
[34]
[11, 22]
[8, 16]
[8, 11]
[7, 8]
[4, 6]
[2, 6]
[10, 3]
[20]
[25]
[30]
[33]
[35]
[12, 17]
[11, 6, 9]
[13, 5, 7]
[23, 8]
[22, 10]
[21, 8]
[18, 6]
[16, 3]
[9]
[7]
[23]
[33]
[37]
[37]
[31]
[26]
[20]
[14, 2]
[11, 7]
[7, 12]
[8, 17]
[7, 21]
[3, 23]
[22]
[2, 19, 2]
[5, 15, 4]
[7, 12, 6]

left_values
[]
[]
[]
[]
[]
[8]
[8]
[8]
[8]
[7]
[7]
[7]
[8, 7, 1]
[14, 4, 7, 1, 1]
[14, 6, 7, 3, 2]
[1, 13, 8, 11, 2]
[1, 12, 9, 11, 2]
[2, 11, 10, 11, 3]
[2, 11, 11, 11, 3]
[2, 11, 12, 11]
[2, 10, 13, 11]
[3, 8, 13, 10, 4]
[3, 7, 13, 8, 4]
[3, 7, 13, 7, 4]
[3, 6, 7, 6, 7, 5]
[2, 6, 6, 7, 7, 5]
[7, 6, 6, 7, 5]
[6, 6, 6, 7, 5]
[1, 6, 6, 6, 7, 6]
[1, 6, 6, 6, 7, 6]
[2, 6, 6, 6, 7, 6]
[2, 5, 6, 6, 7, 6]
[3, 5, 15, 6, 7]
[4, 6, 15, 6, 6]
[4, 6, 13, 6, 6]
[5, 6, 13, 6, 6]
[5, 5, 11, 6, 5]
[6, 5, 7, 6, 6]
[6, 6, 6, 5, 6]
[6, 5, 5, 4, 5, 6]
[6, 5, 6, 4, 5, 5]
[6, 6, 6, 5, 5, 5]
[6, 6, 10, 6, 6]
[8, 7, 10, 5, 5, 1]
[8, 8, 10, 5, 5, 1]
[8, 8, 8, 5, 5, 2]
[8, 7, 8, 5, 5, 2]
[8, 6, 6, 5, 5, 3]
[6, 5, 5, 5, 5, 3]
[]
