Puzzle number: 126471
width:  50
height:  45
solved_count:  410
AVE_TIME:  '00:36:10'
ave_time_count:  111

top_values
[2, 11, 5, 4, 2, 8]
[2, 11, 4, 4, 2, 8]
[2, 12, 2, 1, 1, 2, 5, 2]
[2, 10, 1, 2, 5, 1]
[3, 10, 1, 2, 5, 1]
[4, 10, 2, 2, 7, 1]
[4, 1, 9, 1, 9]
[7, 8, 1, 7]
[8, 5, 2, 4, 1]
[8, 5, 2, 3, 2]
[8, 4, 1, 2, 3, 2]
[8, 5, 3, 2, 3, 3]
[8, 5, 3, 2, 7]
[9, 7, 1, 3, 4, 7]
[9, 6, 2, 3, 4, 7]
[11, 10, 3, 4, 6]
[11, 10, 8, 6]
[10, 10, 7, 5]
[9, 10, 4, 3]
[8, 9, 4, 2]
[8, 9, 4, 3]
[6, 7, 4, 2]
[6, 6, 4, 2]
[9, 5, 2, 2]
[12, 1, 6, 2]
[12, 2, 7, 2]
[14, 2, 7, 2]
[27, 2]
[28, 1, 1]
[28, 1, 1]
[7, 20, 1, 1]
[7, 23]
[7, 23]
[3, 23]
[1, 2, 23]
[4, 21]
[2, 25]
[2, 21, 3, 1]
[1, 18, 2, 1]
[16, 1, 1]
[9, 13, 2]
[12, 13, 2]
[6, 5, 13, 1]
[3, 5, 13]
[2, 3, 4, 12]
[1, 7, 4, 12]
[10, 5, 11]
[13, 3, 10, 1]
[13, 3, 8, 2]
[4, 7, 3, 8, 2]

left_values
[17, 7, 5, 3]
[18, 8, 5, 3]
[15, 8, 4, 4]
[16, 10, 3, 5]
[26, 3, 4]
[3, 27, 1, 3, 5]
[3, 26, 2, 2, 6]
[5, 22, 4, 2, 6]
[5, 18, 4, 3, 5]
[5, 17, 3, 5]
[6, 6, 11, 2, 3, 4]
[7, 12, 2, 3, 4]
[8, 11, 2, 3, 3]
[8, 15, 4]
[8, 1, 15, 4]
[10, 5, 13, 6]
[17, 13, 5]
[16, 16, 4]
[16, 17]
[1, 18, 15]
[3, 33]
[6, 31]
[2, 3, 32, 1]
[3, 37]
[36]
[4, 26]
[2, 3, 25]
[2, 6, 23]
[3, 7, 19]
[2, 5, 19]
[7, 21]
[11, 6, 6]
[11, 8, 6]
[6, 10, 5]
[7, 5, 2]
[7]
[10]
[8, 3]
[15, 2]
[18]
[18]
[3, 4, 7, 3]
[2, 2, 10, 5]
[3, 19]
[6, 9, 11]
