Puzzle number: 126580
width:  35
height:  45
solved_count:  841
AVE_TIME:  '00:16:35'
ave_time_count:  129

top_values
[1]
[2]
[35]
[4, 1, 2, 2, 1, 1, 1, 1]
[4, 4, 1, 1, 2, 1, 1, 1]
[4, 1, 2, 1, 10, 1, 1, 1, 2]
[4, 4, 1, 2, 7, 12, 2, 1]
[11, 2, 1, 2, 7, 4, 1, 1, 2, 1]
[4, 1, 2, 7, 3, 8, 1, 1]
[1, 2, 1, 10, 4, 1, 1, 1, 1]
[4, 1, 1, 2, 17]
[1, 2, 2, 2, 1, 1, 1]
[17, 1, 1, 1, 6]
[2, 9, 2, 1, 1, 1, 6]
[1, 10, 2, 2, 1, 1, 1]
[18, 2, 17]
[18, 2, 4, 1, 1, 1, 1]
[11, 2, 3, 8, 1, 1]
[11, 2, 4, 1, 1, 1, 1]
[11, 2, 12, 1]
[11, 20]
[11, 1, 1]
[11, 1, 1, 1]
[11, 1, 1, 1, 1, 1, 1]
[11, 1, 10, 1, 1]
[11, 1, 1, 1, 7, 1, 1]
[11, 1, 1, 1, 1, 7, 1, 1]
[11, 1, 1, 1, 7, 1, 1]
[11, 1, 1, 10, 1, 1]
[11, 1, 1, 1, 1, 1, 1]
[11, 1, 1, 1, 1, 1]
[11, 1, 1, 1, 1, 1]
[11, 1, 1]
[34]
[19]

left_values
[5]
[5]
[5]
[5]
[1]
[1, 1]
[1, 2, 1]
[1, 2, 1]
[1, 2, 1]
[1, 2, 1]
[11, 2, 1]
[1, 1, 1, 1, 1, 1, 2, 2]
[17, 2]
[13, 20]
[1, 1, 21]
[1, 7, 23]
[1, 23]
[1, 5, 23]
[1, 7, 23]
[1, 1, 1, 23]
[1, 5, 23]
[1, 5, 23]
[1, 5, 23]
[1, 5, 23]
[1, 5, 1, 1]
[19, 1, 7, 1]
[19, 1]
[1, 1, 1, 4, 1]
[19, 1]
[1, 6, 7, 6, 1]
[1, 5, 6, 1]
[1, 2, 2, 2, 2, 3, 7, 1]
[1, 1, 1, 1, 1, 1, 2, 1, 1, 1]
[1, 15, 5, 1]
[1, 1, 1, 1, 1, 1, 2, 5, 1]
[1, 1, 1, 1, 1, 1, 2, 5, 1]
[1, 1, 1, 1, 1, 1, 2, 5, 1]
[1, 1, 1, 1, 1, 1, 2, 5, 1]
[1, 1, 1, 1, 1, 1, 2, 5, 1]
[32]
[1, 1, 2, 1, 1, 1, 1, 1]
[2, 3, 1, 2, 4, 1, 1]
[1, 5, 2, 1, 1, 9, 1]
[1, 1, 1, 2, 1, 1, 1]
[32]
