Puzzle number: 126538
width:  40
height:  25
solved_count:  534
AVE_TIME:  '00:09:42'
ave_time_count:  152

top_values
[1, 1]
[1, 3, 1, 2]
[1, 7, 1, 1]
[1, 1, 1, 5, 1, 1]
[1, 2, 1, 1, 4, 1, 1]
[1, 1, 1, 1, 1, 3, 1, 1, 1]
[1, 1, 4, 1, 1]
[1, 1, 1, 1, 1, 4, 1, 1]
[1, 2, 1, 4, 1, 1]
[4, 1, 1]
[4, 1, 1]
[1, 3, 1]
[1, 1, 1, 1]
[1]
[1]
[1, 3, 1, 1]
[1, 5, 1, 1, 1]
[7, 1]
[7, 1]
[7, 1, 1]
[1, 5, 1, 1]
[1, 3, 1, 1]
[1, 1, 1, 1]
[3, 1]
[3, 1, 1]
[4, 1, 1]
[4, 1]
[4, 1, 1]
[1, 3, 1, 1]
[3, 1, 1]
[3, 1, 1]
[3, 1]
[3, 1, 1]
[1, 2, 1, 1]
[2, 1, 1]
[2, 1, 1]
[1, 1, 1, 1]
[1, 1, 1]
[1, 1]
[1, 1]

left_values
[1, 1, 1]
[1, 1, 1, 1]
[1, 1]
[1, 1, 1]
[1, 1, 1, 1, 1, 1]
[1, 1, 1, 1]
[1, 1]
[2]
[2, 1, 1, 3, 1]
[3, 1, 5, 1]
[1, 2, 1, 7]
[3, 1, 7]
[1, 4, 1, 7]
[8, 1, 1, 5, 1]
[1, 8, 1, 1, 3, 1]
[1, 7, 1, 5, 1]
[1, 5, 1, 11, 1]
[1, 16, 1]
[1, 11, 1]
[]
[]
[1, 3, 1, 1, 5, 1, 1, 2, 1]
[1, 4, 1, 1, 2, 1, 1, 2, 1, 1, 2, 1, 1, 2, 1]
[1, 1, 1, 6, 1, 1, 2, 1, 1, 2, 1]
[1, 3, 1]
