Puzzle number: 126648
width:  50
height:  30
solved_count:  919
AVE_TIME:  '00:17:04'
ave_time_count:  150

top_values
[5, 9, 1]
[1, 4, 10, 1]
[7, 11, 1]
[6, 23]
[1, 1, 2, 1, 1, 3, 3]
[2, 1, 1, 3, 3]
[2, 1, 1, 11]
[2, 1, 7, 1]
[2, 1, 1, 1, 2, 1, 9]
[2, 3, 1, 7, 1, 4, 4]
[2, 3, 1, 1, 1, 9]
[2, 3, 1, 7, 1, 9]
[2, 1, 1, 1, 2, 1, 9]
[2, 1, 7, 1]
[2, 1, 1, 11]
[2, 1, 1, 3, 3]
[1, 1, 2, 1, 1, 3, 3]
[6, 23]
[7, 11, 1]
[1, 4, 10, 1]
[5, 9, 1]
[8, 5, 1]
[7, 1, 2, 6, 1]
[6, 5, 2, 1, 1, 1, 1]
[5, 6, 2, 6, 1]
[6, 5, 2, 1, 1, 1, 1]
[7, 1, 2, 6, 1]
[8, 5, 1]
[15, 1]
[15, 1]
[11, 5, 1]
[11, 1, 2, 6, 1]
[9, 5, 2, 1, 1, 1, 1]
[5, 6, 2, 6, 1]
[6, 5, 2, 1, 1, 1, 1]
[6, 1, 2, 6, 1]
[6, 5, 1]
[12, 1]
[11, 1]
[10, 1]
[10, 1]
[9, 1]
[8, 1]
[7, 1]
[6, 1]
[5, 1]
[4, 1]
[3, 1]
[13]
[1]

left_values
[4, 1, 4, 1]
[2, 3, 2, 3]
[2, 2, 2, 2, 3]
[2, 2, 2, 2, 3]
[5, 2, 2, 19]
[4, 2, 3, 2, 19]
[3, 2, 3, 2, 19]
[2, 2, 3, 2, 19]
[1, 2, 2, 19]
[19, 3, 8, 7]
[4, 6, 1, 6, 1, 7]
[4, 3, 3, 5, 3, 4, 3, 7]
[4, 1, 1, 1, 1, 4, 5, 2, 5, 7]
[4, 3, 3, 4, 3, 2, 3, 8]
[4, 1, 1, 1, 1, 5, 3, 4, 3, 10]
[4, 1, 1, 1, 1, 5, 3, 4, 3, 11]
[4, 3, 3, 5, 4, 12]
[4, 9, 32]
[4, 33]
[15, 1]
[1, 1, 1, 1, 5, 5, 1]
[4, 5, 4, 1, 1, 1, 1, 1, 1, 1]
[4, 5, 4, 5, 5, 1]
[4, 5, 4, 1, 1, 1, 1, 1, 1, 1]
[1, 1, 5, 1, 1, 1, 1, 1, 1, 1, 1, 1]
[4, 1, 3, 4, 5, 5, 1]
[4, 5, 4, 1]
[4, 5, 4, 1]
[1, 1, 5, 1, 1, 1]
[4, 1, 5, 1, 32]
