Puzzle number: 127112
width:  50
height:  35
solved_count:  784
AVE_TIME:  '00:12:31'
ave_time_count:  145

top_values
[5]
[8]
[4, 4]
[2, 3]
[2, 3]
[3, 3]
[2, 3]
[2, 3]
[2, 2]
[2, 2]
[2, 2]
[2, 1]
[2, 1]
[2, 1]
[1, 1]
[2, 1]
[1, 1]
[2, 5]
[1, 10]
[2, 13]
[1, 8, 1]
[1, 6, 1]
[6, 1]
[4, 2, 1]
[7, 1]
[3, 2, 1]
[3, 4, 2]
[2, 2, 1, 5]
[2, 2, 2, 3, 1]
[2, 2, 2, 4, 1]
[2, 3, 1, 3, 1]
[3, 1, 1, 3, 1]
[3, 3, 4, 1]
[3, 4, 2, 2, 3, 1]
[4, 4, 3, 1, 8, 1]
[18, 10, 1]
[4, 27]
[3, 28]
[3, 28]
[2, 29]
[5, 26]
[34]
[3, 1, 2, 25]
[2, 1, 3, 24]
[2, 1, 1, 27]
[5, 28]
[4, 1, 2, 25]
[2, 2, 27]
[2, 32]
[2, 2, 28]

left_values
[4]
[9]
[9]
[7, 5]
[5, 2, 3, 3]
[6, 3, 2, 1]
[6, 3, 1, 1]
[6, 3, 3, 2, 2]
[3, 5, 9]
[2, 9, 3, 3]
[2, 11, 6]
[2, 20]
[2, 2, 18]
[3, 4, 15]
[3, 3, 2, 15]
[3, 2, 2, 15]
[3, 5, 16]
[4, 5, 16]
[4, 2, 1, 1, 17]
[3, 4, 2, 2, 15]
[3, 4, 2, 1, 15]
[4, 3, 4, 15]
[3, 3, 3, 14]
[4, 3, 2, 17]
[3, 2, 1, 15]
[2, 3, 2, 16]
[3, 3, 1, 16]
[2, 3, 1, 17]
[2, 2, 2, 17]
[3, 2, 1, 17]
[4, 3, 2, 16]
[5, 3, 1, 16]
[6, 3, 1, 16]
[7, 3, 2, 14]
[44]
