Puzzle number: 127504
width:  45
height:  20
solved_count:  818
AVE_TIME:  '00:31:50'
ave_time_count:  149

top_values
[1]
[2]
[1, 3]
[1, 4]
[1, 1, 3, 1]
[1, 2, 2, 2, 1]
[1, 3, 1, 4]
[1, 3, 1, 4]
[1, 4, 4, 3]
[1, 1, 2, 3, 4]
[1, 4, 3, 3, 3]
[1, 4, 6, 4]
[2, 5, 4, 4]
[2, 7, 4]
[3, 6]
[4, 6, 3]
[3, 2, 4, 2]
[2, 3, 5, 3]
[5, 5, 2]
[3, 3, 4, 2]
[8, 4, 1]
[2, 4, 4, 1]
[2, 3, 5, 1]
[3, 1, 2, 3]
[3, 4, 3]
[4, 4, 4]
[9, 5]
[4, 5, 1]
[1, 10, 2]
[10, 1, 2]
[7, 4, 2]
[1, 1, 5, 1]
[3, 1, 2, 3]
[4, 2, 2, 4]
[4, 2, 3, 2]
[5, 2, 4]
[3, 3, 6]
[3, 4, 2]
[3, 5]
[2, 1, 5]
[2, 1, 3, 1]
[1, 1, 3]
[1, 2, 2]
[3, 2]
[1, 1]

left_values
[14, 7, 2]
[6, 9, 2]
[9, 3, 2, 5, 2, 1, 7]
[4, 3, 1, 4, 3, 2, 3, 4, 1]
[8, 3, 4, 2, 2, 7, 2]
[3, 6, 8, 1, 3, 6, 4]
[6, 3, 1, 6, 2, 3, 5]
[4, 3, 2, 1, 3, 3, 3, 7]
[4, 7, 1, 2, 3, 2, 14]
[10, 3, 3, 2, 9]
[3, 3, 4, 3, 2, 2, 4]
[3, 2, 7, 4, 3, 3]
[4, 1, 6, 4, 1, 4]
[4, 3, 12, 2, 4]
[3, 4, 11, 4, 3]
[2, 5, 4, 4, 2]
[4, 6, 2, 3, 1]
[3, 1, 4, 2, 1, 2, 1]
[2, 2, 2, 1]
[1, 2]
