Puzzle number: 127648
width:  50
height:  50
solved_count:  364
AVE_TIME:  '00:24:14'
ave_time_count:  101

top_values
[28, 2]
[22, 5, 1]
[20, 4]
[20, 4]
[17, 3]
[14, 3]
[8, 3]
[4, 3]
[2, 3, 5]
[3, 2, 2, 4]
[4, 4, 3, 4]
[4, 5, 2, 4]
[3, 7, 2, 4]
[3, 7, 2, 4]
[4, 3, 3, 3, 4]
[3, 2, 3, 3, 4]
[2, 2, 3, 3, 4]
[2, 2, 3, 4, 4]
[3, 3, 3, 4, 4]
[4, 7, 4, 4]
[2, 6, 4, 4]
[3, 5, 3, 3, 1]
[4, 5, 3, 3, 1]
[3, 3, 3, 2, 1]
[1, 3, 2, 1]
[4, 2, 1]
[4, 1, 1]
[5, 2, 1]
[11, 2, 1]
[14, 3, 1]
[16, 2, 1]
[18, 3, 2]
[21, 3, 3]
[23, 4]
[12, 9, 5]
[11, 16]
[11, 20]
[11, 7, 6]
[12, 6, 6]
[9, 6, 3, 1]
[11, 5, 3]
[9, 6, 3]
[8, 6, 3]
[7, 6, 3]
[6, 7, 3]
[5, 7, 3, 1]
[5, 13]
[4, 13]
[3, 12]
[2, 11]

left_values
[4, 3, 10]
[4, 2, 10]
[4, 3, 9]
[5, 4, 10]
[4, 4, 9]
[7, 7]
[6, 7]
[6]
[6]
[5]
[5]
[3, 3, 5]
[12, 4]
[14, 5]
[5, 5, 5]
[6, 6, 5]
[1, 13, 6]
[2, 8, 5]
[4, 3, 6]
[5, 6]
[6, 7]
[8, 9]
[9, 9]
[11, 10]
[12, 12]
[7, 24]
[7, 14, 6]
[7, 9, 6]
[7, 4, 6]
[6, 8]
[6, 9]
[6, 10]
[6, 11]
[6, 12]
[5, 13]
[5, 14]
[4, 14]
[4, 15]
[2, 2, 9]
[1, 2, 9]
[2, 3, 7]
[3, 4, 6]
[4, 6, 5]
[5, 8, 4]
[6, 23]
[6, 9, 14]
[21, 14]
[2, 16, 1, 3, 4]
[1, 13, 2, 3, 4]
[25, 4, 4]
