Puzzle number: 127661
width:  50
height:  50
solved_count:  656
AVE_TIME:  '00:11:19'
ave_time_count:  126

top_values
[14, 22]
[1, 12, 17]
[1, 12, 12]
[1, 14, 5]
[1, 14]
[1, 15]
[2, 17]
[4, 17]
[5, 18]
[7, 18]
[9, 18]
[11, 19]
[2, 9, 20]
[3, 10, 21]
[4, 10, 22]
[5, 11, 22]
[6, 10, 20]
[8, 11, 17]
[9, 10, 14]
[10, 11, 12]
[12, 10, 9]
[14, 11, 6]
[15, 11, 4]
[7, 8, 12, 2]
[6, 7, 11]
[6, 7, 10]
[6, 6, 9]
[5, 7, 9]
[5, 17]
[5, 17]
[5, 17]
[4, 19]
[4, 20]
[4, 23]
[4, 24]
[4, 26]
[4, 27]
[4, 27]
[5, 27]
[5, 27]
[5, 27]
[5, 27]
[5, 27]
[4, 27]
[2, 27]
[2, 28]
[2, 28]
[2, 28]
[2, 28]
[2, 28]

left_values
[43]
[1, 38]
[1, 5, 37]
[1, 6, 36]
[2, 6, 16, 6]
[2, 6, 11]
[3, 7, 7]
[4, 6, 6]
[4, 7, 6]
[5, 7, 5]
[6, 7, 4]
[7, 7, 5]
[7, 7, 4]
[8, 7, 5]
[8, 7, 4]
[8, 7, 3]
[8, 8, 3]
[8, 11]
[8, 7, 3]
[8, 11]
[9, 7, 3]
[9, 6, 3]
[9, 7, 3, 5]
[9, 6, 23]
[9, 29]
[9, 6, 22]
[9, 28]
[10, 27]
[1, 9, 27]
[1, 9, 26]
[1, 9, 25]
[1, 9, 25]
[1, 8, 24]
[2, 9, 23]
[2, 8, 23]
[2, 8, 22]
[2, 8, 22]
[2, 8, 21]
[3, 9, 21]
[3, 8, 20]
[3, 8, 19]
[3, 8, 19]
[3, 8, 18]
[3, 8, 17]
[3, 8, 17]
[4, 8, 17]
[4, 9, 16]
[4, 8, 15]
[4, 9, 15]
[4, 8, 14]
