Puzzle number: 128010
width:  50
height:  50
solved_count:  694
AVE_TIME:  '00:11:54'
ave_time_count:  118

top_values
[2, 7, 3, 3, 1, 6]
[5, 1, 1, 3, 4]
[4, 3, 2, 3, 5]
[2, 1, 3, 3, 2, 3, 6]
[1, 3, 1, 4, 4, 2, 3, 1, 6]
[2, 3, 6, 4, 3, 2, 5]
[5, 11, 3, 3, 3]
[16, 3, 1]
[3, 4, 3, 2, 1, 2, 1]
[4, 7, 3, 4]
[5, 2, 2, 4, 5]
[4, 1, 2, 5, 5]
[4, 1, 4, 5, 5]
[3, 1, 4, 5, 3]
[2, 6, 3, 1, 3]
[5, 7, 1, 3, 1]
[6, 7]
[6, 7]
[5, 7]
[13]
[12]
[11]
[11]
[10]
[9]
[8]
[7]
[6]
[5]
[4]
[3]
[2]
[]
[]
[]
[]
[]
[]
[]
[]
[]
[]
[]
[]
[]
[]
[]
[]
[]
[]

left_values
[]
[]
[]
[]
[]
[]
[]
[]
[]
[]
[]
[]
[1]
[3]
[5]
[4, 2]
[3, 1, 2]
[2, 5]
[1, 5]
[1, 4]
[2, 1]
[1, 1]
[5]
[6]
[9]
[1, 11]
[1, 12]
[1, 5, 6]
[2, 1]
[1, 10, 1]
[1, 9, 1]
[1, 8, 1, 2]
[5, 6]
[7]
[3, 2, 4]
[4, 1, 5]
[5]
[4, 2, 5]
[6, 12]
[6, 15]
[3, 15]
[4, 4, 6]
[4, 3, 7]
[3, 3, 11]
[6, 1, 13]
[7, 19]
[8, 21]
[7, 7, 15]
[1, 3, 4, 16]
[1, 3, 17]
