Puzzle number: 128029
width:  50
height:  50
solved_count:  355
AVE_TIME:  '01:16:17'
ave_time_count:  100

top_values
[2, 2, 1, 2, 1, 2, 2, 3, 1, 2, 6, 6]
[3, 4, 1, 1, 2, 12, 7, 2, 2]
[2, 3, 2, 7, 4, 1, 2, 7, 3, 3]
[2, 1, 3, 2, 4, 3, 4, 13, 1]
[2, 2, 5, 3, 4, 3, 4, 10, 3, 1]
[3, 11, 5, 1, 5, 3, 3, 1, 1]
[4, 9, 4, 2, 6, 2, 1, 1, 1, 1]
[4, 2, 11, 1, 4, 4, 2, 11]
[4, 6, 13, 18]
[5, 5, 2, 1, 1, 1, 1, 1, 18]
[4, 5, 2, 1, 1, 1, 4, 4, 1, 1, 1, 1]
[1, 1, 6, 12, 2]
[2, 6, 10, 2, 3]
[6, 2, 5, 1, 4, 1, 1, 1]
[1, 3, 2, 12, 3, 3, 8]
[3, 2, 2, 7, 1, 2, 1, 11]
[3, 2, 2, 1, 1, 1, 4, 17]
[3, 4, 12, 17]
[2, 3, 4, 8, 2, 15]
[3, 3, 2, 1, 3, 17]
[2, 2, 2, 2, 7, 2, 1, 1, 8]
[2, 3, 2, 9, 1, 2, 5]
[3, 2, 4, 1, 1, 2, 3, 1, 1, 1, 3, 3]
[2, 2, 6, 14, 1, 1, 6]
[2, 2, 12, 1, 2, 17]
[2, 3, 13, 1, 1, 1, 1, 1, 1, 7]
[2, 3, 3, 3, 5, 1, 1, 1, 1, 1, 1, 1]
[2, 2, 3, 2, 3, 1, 4]
[1, 3, 2, 3, 3, 8, 3]
[2, 2, 3, 3, 3, 2, 5, 3, 1]
[3, 3, 6, 3, 1, 12, 1, 1]
[3, 3, 12, 2, 14, 3]
[3, 15, 2, 3, 9]
[1, 5, 9, 4, 1, 16]
[4, 3, 2, 1, 5, 2, 15]
[12, 7, 1, 1, 10]
[2, 13, 1, 1, 8]
[2, 9, 3, 3]
[1, 2, 4, 3, 3, 4]
[1, 2, 3, 1, 1, 4]
[1, 3, 4, 1, 2, 3]
[2, 6, 1, 2, 3]
[2, 3, 2, 1, 1, 1]
[1, 1, 6, 1, 2, 1, 1]
[2, 2, 1, 3, 2, 1, 1, 1]
[2, 2, 2, 1, 2, 2, 1, 1]
[1, 2, 1, 2, 2, 2, 3]
[2, 2, 2, 2, 2, 3]
[2, 2, 2, 2, 2, 3]
[2, 3, 4, 9, 3]

left_values
[10, 2, 1, 3, 2, 1]
[11, 1, 2, 2, 3, 5, 1]
[1, 7, 2, 1, 2, 2, 9, 5]
[5, 1, 1, 2, 1, 1, 5, 3]
[4, 2, 1, 1, 2, 3, 1, 1]
[1, 2, 2, 2, 2, 1, 1]
[6, 2, 2, 2, 4, 1]
[3, 5, 2, 2, 1, 2, 3]
[3, 7, 2, 1, 2, 2, 3]
[2, 4, 6, 2, 2, 2, 5, 3]
[13, 2, 2, 2, 2, 4, 4]
[3, 12, 1, 2, 1, 3, 6, 3]
[1, 14, 2, 2, 6, 2, 2, 2]
[6, 3, 3, 2, 3, 5, 3, 2, 1]
[3, 3, 3, 3, 2, 3, 4, 4, 1, 1]
[6, 7, 2, 12, 2, 1]
[6, 2, 4, 2, 4, 6, 4, 6]
[5, 4, 7, 5, 3, 4, 2]
[2, 7, 7, 2, 4, 3, 1]
[3, 5, 5, 1, 5, 9, 2, 1]
[2, 23, 9, 2, 1]
[6, 1, 2, 2, 2, 2, 3, 6, 1, 2]
[6, 5, 5, 2, 3, 4, 1, 1]
[3, 3, 2, 2, 2, 1, 3, 3]
[3, 3, 5, 5, 2, 5, 1, 3, 2]
[1, 2, 2, 5, 2, 2, 12, 2]
[4, 9, 3, 4, 4, 2, 2]
[2, 1, 4, 8, 2, 1, 1, 1, 1]
[14, 3, 1, 3, 1, 2, 1]
[3, 3, 2, 2, 8, 1, 3, 1]
[2, 4, 1, 1, 2, 2, 2, 1]
[4, 1, 1, 2, 4, 1]
[6, 4, 1, 5, 1]
[5, 18, 1, 3, 1]
[6, 3, 6, 4, 2, 4, 2]
[7, 3, 1, 5, 2, 1, 5, 2]
[5, 4, 5, 3, 4, 2, 2]
[5, 4, 1, 5, 3, 3, 2, 2, 1]
[5, 2, 2, 4, 1, 1, 1, 3, 3, 2, 2]
[5, 4, 7, 3, 5, 3, 2]
[7, 1, 5, 1, 1, 1, 13, 2]
[4, 4, 1, 5, 3, 7, 2, 3]
[8, 7, 1, 1, 1, 14]
[3, 4, 7, 1, 2, 6, 2]
[2, 7, 8, 5, 7]
[1, 2, 3, 8, 3, 8]
[2, 2, 3, 9, 4, 1, 8, 2]
[3, 4, 1, 12, 19]
[1, 1, 3, 6, 8, 1, 4, 4, 4]
[1, 3, 3, 1, 4, 7, 1, 4, 9]
