Puzzle number: 128454
width:  20
height:  20
solved_count:  2745
AVE_TIME:  '00:08:12'
ave_time_count:  105

top_values
[2]
[2, 1]
[1, 1, 2]
[1, 11, 1]
[2, 2, 3, 1]
[1, 3, 3, 2]
[1, 2, 5, 2]
[1, 3, 8]
[1, 3, 1, 4, 1]
[1, 3, 1, 4, 1]
[1, 3, 7, 1]
[5, 8, 1]
[4, 8, 1]
[3, 3, 3, 2]
[3, 3, 2, 2]
[2, 6, 1]
[5]
[4]
[3]
[1]

left_values
[3]
[2, 1]
[1, 2]
[3, 4]
[1, 3]
[1, 4]
[1, 5, 1]
[1, 11]
[1, 6, 3]
[1, 6, 6]
[5, 7]
[3, 9]
[2, 2, 3, 1]
[1, 4, 3, 1]
[13]
[11]
[8]
[6]
[3, 2]
[12]
