Puzzle number: 128717
width:  35
height:  30
solved_count:  2151
AVE_TIME:  '00:08:14'
ave_time_count:  574

top_values
[1, 11]
[18, 4]
[1, 1, 9, 1]
[2, 1, 7, 2]
[2, 2, 1, 9]
[3, 1, 2, 7, 9]
[3, 2, 1, 9]
[4, 1, 7, 2]
[4, 1, 9, 1]
[22, 2, 1]
[5, 1, 9, 1]
[6, 1, 7, 2]
[6, 2, 1, 9]
[7, 1, 2, 7, 9]
[6, 2, 1, 9]
[6, 1, 7, 2]
[5, 1, 9, 1]
[22, 2, 1]
[4, 1, 9, 1]
[4, 1, 7, 2]
[3, 2, 1, 9]
[3, 1, 2, 7, 9]
[2, 2, 1, 9]
[2, 1, 7, 2]
[1, 1, 9, 1]
[18, 4]
[1, 1, 1, 1, 11]
[1, 1, 1, 1, 1, 3]
[22]
[1, 1, 3]
[1, 2, 1, 3]
[1, 2, 1, 3]
[1, 1, 3]
[1, 1, 3]
[20]

left_values
[1]
[5]
[9]
[13]
[17]
[21]
[25]
[1, 1, 1, 3]
[1, 1, 1, 1, 1, 1, 1, 1]
[1, 1, 1, 1, 1]
[35]
[1, 3, 1, 3, 1, 3, 1, 1, 1]
[1, 1, 1, 1, 1, 1]
[1, 1, 1, 1, 1, 1, 1, 1, 1, 1, 1, 1, 4, 1]
[1, 1, 1, 1, 1, 1, 1, 1, 1, 1, 1, 1, 1, 1, 2, 1]
[1, 1, 1, 1, 1, 1, 1, 1, 1, 1, 1, 1, 1, 1, 2, 1]
[1, 1, 1, 1, 1, 1, 1, 1, 1, 1, 1, 1, 4, 1]
[1, 1, 1, 1, 1, 1, 1, 1, 1, 1, 1, 1, 1, 1, 1]
[1, 1, 1, 1, 1, 1, 1, 1, 1, 1, 1, 1, 1, 1, 1]
[35]
[3, 3, 3, 3, 1, 1]
[3, 3, 3, 3, 3, 3, 3, 1, 1]
[3, 3, 3, 3, 3, 3, 3, 1, 1]
[3, 3, 3, 3, 3, 3, 3, 1, 1]
[1, 1, 3, 1, 1, 3, 1, 1, 3, 1, 1, 1, 1]
[1, 1, 3, 1, 1, 3, 1, 1, 3, 1, 1, 1, 1]
[3, 3, 3, 3, 3, 3, 3, 1, 1]
[3, 3, 3, 3, 3, 3, 11]
[2, 5, 5, 5, 10]
[35]
