Puzzle number: 128913
width:  35
height:  50
solved_count:  691
AVE_TIME:  '00:21:11'
ave_time_count:  165

top_values
[1, 1, 1, 3, 1, 1, 1]
[12, 1, 1, 30]
[1, 1, 2, 1, 1, 1, 1, 1]
[1, 4, 2, 1, 5, 1, 13, 1, 1]
[1, 2, 1, 1, 1, 2, 1, 1, 1, 1, 1, 1, 1, 1, 1, 1]
[12, 1, 2, 1, 6, 1, 13, 1, 1]
[1, 1, 3, 1, 2, 1, 1, 1, 1, 1, 1, 1, 1, 1, 1]
[2, 2, 1, 5, 1, 13, 1, 1]
[1, 1, 1, 1, 1, 1]
[2, 2, 1, 1, 1, 1]
[1, 1, 1, 1, 1, 1]
[2, 2, 1, 1, 5, 1, 13, 1, 1]
[1, 2, 3, 1, 2, 1, 1, 1, 1, 1, 1, 1, 1, 1, 1]
[2, 1, 3, 1, 6, 1, 13, 1, 1]
[1, 2, 3, 1, 2, 1, 1, 1, 1, 1, 1, 1, 1, 1, 1]
[2, 2, 1, 1, 5, 1, 13, 1, 1]
[1, 1, 1, 1, 1, 1]
[2, 2, 1, 1, 1, 1]
[1, 1, 1, 1, 1, 1]
[2, 2, 1, 5, 1, 13, 1, 1]
[1, 3, 1, 2, 1, 1, 1, 1, 1, 1, 1, 1, 1, 1]
[2, 1, 2, 1, 6, 1, 13, 1, 1]
[1, 3, 1, 1, 2, 1, 1, 1, 1, 1, 1, 1, 1, 1, 1]
[1, 2, 6, 1, 2, 1, 5, 1, 13, 1, 1]
[8, 1, 1, 1, 1, 1, 1]
[1, 1, 1, 1, 30]
[1, 1, 1, 4, 1, 1, 1]
[1, 1, 1, 1, 5, 1, 13, 1, 1]
[8, 1, 4, 1, 2, 1, 1, 1, 1, 1, 1, 1, 1, 1, 1]
[1, 1, 1, 1, 1, 1, 6, 1, 13, 1, 1]
[3, 1, 1, 1, 1, 2, 1, 1, 1, 1, 1, 1, 1, 1, 1, 1]
[3, 1, 4, 1, 5, 1, 13, 1, 1]
[4, 1, 1, 1, 1]
[36]
[1]

left_values
[7, 7]
[1, 1, 1, 1]
[1, 1, 1, 1]
[1, 1, 1, 1, 1, 1, 1, 1, 1, 1, 2, 1]
[1, 20, 1]
[1, 1, 1, 1]
[1, 1, 1, 1]
[1, 1, 8]
[1, 1, 1, 1]
[2, 1, 1, 2]
[1, 1, 1, 1]
[5, 3, 1, 2]
[2, 2, 2, 2, 1]
[2, 3, 3, 1, 1]
[10, 17]
[2, 1, 2, 1]
[2, 5, 2, 4, 1]
[3, 3, 3, 1, 1, 1]
[4, 1, 1, 4, 1, 1, 1]
[1, 1, 4, 1]
[27, 1]
[1, 9]
[1, 3, 3, 3, 1, 1]
[1, 5, 5, 5, 1, 3, 1]
[1, 1, 1, 1, 1, 1, 1, 1, 1, 1, 1, 5, 1]
[1, 5, 5, 5, 1, 1, 1, 1, 1]
[1, 1, 1, 1, 1, 1, 1, 1, 1, 1, 1, 5, 1]
[1, 5, 5, 5, 1, 1, 1, 1, 1]
[1, 1, 5, 1]
[25, 1]
[2, 9]
[1, 5, 5, 5, 1, 1]
[1, 1, 1, 1, 1, 1, 1, 1, 1, 1, 1, 1]
[1, 1, 1, 1, 1, 1, 1, 1, 1, 1, 1, 5, 1]
[1, 5, 5, 5, 1, 1, 1, 1, 1]
[1, 1, 1, 1, 1, 1, 1, 1, 1, 1, 1, 1, 1, 1, 1]
[1, 1, 1, 1, 1, 1, 1, 1, 1, 1, 1, 5, 1]
[1, 5, 5, 5, 1, 1, 1, 1, 1]
[1, 1, 1, 1, 1, 1, 1, 1, 1, 1, 1, 1, 1, 1, 1]
[1, 1, 1, 1, 1, 1, 1, 1, 1, 1, 1, 5, 1]
[1, 5, 5, 5, 1, 1, 1, 1, 1]
[1, 1, 1, 1, 1, 1, 1, 1, 1, 1, 1, 1, 1, 1, 1]
[1, 1, 1, 1, 1, 1, 1, 1, 1, 1, 1, 5, 1]
[1, 5, 5, 5, 1, 1, 1, 1, 1]
[1, 1, 1, 1, 1, 1]
[1, 1, 5, 1]
[25, 1]
[2, 9]
[1, 1, 1]
[35]
