Puzzle number: 129094
width:  40
height:  50
solved_count:  497
AVE_TIME:  '00:23:18'
ave_time_count:  113

top_values
[2, 1, 7, 7, 7]
[6, 1, 1, 1, 1, 1, 1, 1, 1, 3, 7]
[3, 7, 7, 3]
[3, 1, 1, 1, 1, 1, 1, 1, 1, 3]
[3, 7, 7, 3, 6]
[3, 3, 1, 1]
[3, 3, 1, 1]
[3, 3, 1, 1]
[3, 7, 7, 3, 6]
[3, 1, 1, 1, 1, 1, 1, 1, 1, 3, 1, 1]
[3, 7, 7, 3, 1, 1]
[3, 1, 1, 1, 1, 1, 1, 1, 1, 3, 1, 1]
[3, 7, 7, 1, 1]
[3, 1, 1, 1, 1, 1, 1, 1, 1, 1, 1]
[3, 7, 7, 1, 1]
[1, 3, 6]
[4, 3]
[46]
[10, 1, 1, 1, 1, 1]
[2, 5, 1, 1, 1, 1, 1, 12]
[8, 1, 1, 1, 1, 1, 1, 1, 1, 1]
[8, 7, 7, 1, 1, 1, 1, 1]
[9, 1, 1, 1, 1, 1, 1, 7, 1, 1, 1, 1]
[8, 1, 1, 1, 1, 1, 1, 1, 1, 1, 1, 1, 1]
[7, 7, 7, 7, 1, 1, 1, 1]
[8, 1, 1, 1, 1, 1, 1, 1, 1, 1, 1]
[9, 1, 1, 1, 1, 1, 1, 1, 1, 6]
[8, 1, 1, 1, 1, 1, 1, 1, 1]
[7, 7, 7, 7, 1, 1, 7]
[8, 1, 1, 1, 1, 1, 1, 1, 1, 1, 1, 7]
[9, 1, 1, 1, 1, 1, 1, 7, 1, 1, 7]
[8, 7, 7, 1, 1, 1, 7]
[7, 1, 1, 1, 1, 1, 1, 1]
[8, 1, 1, 1, 1, 1, 12]
[8, 1, 1, 1, 1, 1]
[46]
[4, 8, 1, 1]
[1, 8, 9, 1, 1, 6]
[8, 1, 1, 1, 1, 1, 1, 1]
[8, 1, 1, 1, 1, 1, 1, 1]

left_values
[1]
[3]
[1, 14]
[1, 15]
[2, 16]
[21]
[21]
[21]
[23]
[3, 3, 3, 3, 3]
[2, 1, 1, 1, 2]
[1, 1]
[19]
[1, 1, 1, 1, 1, 1]
[1, 1, 1, 1, 1, 1, 1]
[2, 1, 4, 4, 1]
[1, 1, 1, 1, 1, 1, 1]
[1, 1, 1, 1, 1, 1, 1]
[35]
[17, 5]
[18, 5]
[23]
[1, 1, 1, 1, 1, 5]
[5, 7, 1, 1, 1, 1, 1, 5]
[1, 1, 1, 1, 1, 1, 1, 1, 4, 4, 5]
[5, 7, 1, 1, 1, 1, 1, 5]
[1, 1, 1, 1, 1, 1, 1, 1, 1, 1, 1, 1, 5]
[5, 7, 19]
[1, 1, 1, 1, 1, 1, 1, 1, 1, 3]
[5, 7, 1, 1, 1]
[1, 9, 1, 1]
[5, 7, 6, 1, 1, 6, 1]
[1, 1, 1, 1, 1, 1, 1, 1, 1, 1, 1, 1, 1, 3]
[5, 7, 1, 1, 1, 1, 1, 1, 1]
[1, 1, 1, 1, 1, 1, 1, 1, 1, 1, 1, 1, 1, 1]
[5, 7, 1, 1, 1, 1, 1, 1, 1]
[1, 1, 1, 1, 1, 1, 1, 1, 9, 1, 3]
[5, 7, 1, 1]
[1, 15, 5]
[11, 1, 1, 1, 1]
[11, 1, 1, 1, 1]
[11, 1, 15, 5]
[1, 1, 1, 1]
[2, 12, 1, 8, 4, 1, 1, 3]
[2, 1, 1, 1, 1, 1, 1, 4, 1, 1, 1]
[2, 1, 1, 1, 1, 1, 1, 4, 1, 1, 1]
[2, 1, 1, 1, 1, 1, 1, 4, 1, 1, 1]
[2, 1, 1, 1, 1, 1, 1, 4, 1, 1, 1]
[2, 12, 1, 8, 4, 1, 1, 3]
[2, 1, 1, 4, 1, 1]
