Puzzle number: 129100
width:  35
height:  50
solved_count:  742
AVE_TIME:  '00:19:12'
ave_time_count:  114

top_values
[1, 1, 1, 1, 1, 1, 1, 1, 2]
[1, 1, 1, 1, 1, 1, 9, 1]
[1, 5, 5, 1, 2]
[1, 1, 1, 1, 1, 1]
[26]
[1, 1, 1, 1, 2, 1]
[1, 1, 5, 1, 1, 1, 1]
[1, 1, 2, 1, 1, 1, 11, 1]
[1, 1, 2, 1, 1, 1, 1, 1, 2, 2]
[1, 1, 5, 1, 1, 1, 3]
[3, 10, 2]
[44]
[1, 2]
[1, 4, 4, 4, 5, 5, 5, 3]
[1, 1, 1, 1, 1, 1, 1, 1, 1, 1, 1, 1, 1, 1, 1, 1, 4]
[1, 4, 4, 4, 5, 5, 5, 4]
[1, 4]
[1, 39]
[1, 3, 3]
[1, 2, 5, 3]
[3, 2, 1, 5]
[2, 1, 1, 5]
[2, 2, 2, 8]
[2, 1, 1, 1, 1, 9]
[2, 2, 2, 1, 9]
[2, 1, 1, 9]
[2, 2, 1, 10]
[2, 5, 10]
[1, 9]
[1, 9]
[50]
[3, 1, 1, 1, 1, 1, 1, 7]
[1, 1, 1, 1, 1, 1, 1, 1, 6]
[1, 1, 1, 1, 1, 1, 1, 1, 6]
[1, 1, 1, 1, 1, 1, 1, 1, 6]

left_values
[4]
[2, 1]
[2, 1]
[2, 1]
[2, 1]
[2, 1]
[12, 1]
[1, 2, 1]
[1, 2, 1]
[1, 3, 2, 1]
[1, 1, 1, 1, 1]
[1, 1, 1, 2, 1]
[1, 3, 1, 1]
[1, 1, 5]
[1, 3, 1, 2]
[1, 1, 1, 1, 5]
[1, 1, 1, 1, 1]
[1, 3, 1, 1]
[1, 1, 1]
[1, 3, 1, 5]
[1, 1, 1, 1, 1]
[1, 1, 1, 1, 1]
[1, 3, 1, 1]
[8, 1, 5]
[1, 2, 1, 1]
[9, 3, 1, 1]
[1, 1, 1, 1, 1, 1]
[5, 2, 1, 3, 1, 5]
[1, 2, 1, 1, 1, 1, 1]
[3, 1, 1, 3, 1, 3, 1]
[1, 1, 1, 1, 3, 3, 1]
[3, 1, 4, 1, 1, 2, 1, 2, 5]
[1, 1, 1, 1, 1, 3, 1, 1, 1, 1, 1]
[3, 1, 4, 1, 1, 1, 1, 1, 2, 1, 1]
[1, 1, 1, 1, 3, 1, 1, 1, 1, 1]
[3, 1, 4, 1, 1, 1, 1, 9, 5]
[1, 1, 1, 3, 1, 1]
[3, 1, 5, 1, 1]
[1, 4, 2, 1, 1]
[5, 1, 2, 3, 1, 5]
[1, 1, 1, 2, 1, 1, 1, 2, 1]
[1, 1, 5, 3, 1, 8]
[1, 4, 2, 1, 1, 1, 9]
[5, 1, 2, 3, 1, 10]
[1, 1, 1, 2, 1, 13]
[1, 1, 5, 1, 15]
[1, 5, 2, 4, 15]
[6, 1, 1, 1, 22]
[1, 1, 1, 1, 27]
[1, 1, 1, 28]
