Puzzle number: 12911
width:  50
height:  40
solved_count:  959
AVE_TIME:  '00:15:04'
ave_time_count:  424

top_values
[3, 3, 1]
[2, 3, 2, 1]
[5, 3, 4]
[5, 2, 4]
[5, 3, 3]
[1, 4, 2, 2, 1]
[1, 3, 2, 2]
[2, 3, 2, 2]
[1, 3, 2, 2, 11]
[1, 6, 2, 11]
[2, 4, 2, 5]
[1, 5, 2, 2]
[2, 6, 2]
[4, 1, 7]
[4, 2, 6]
[2, 1, 5]
[2, 1, 5]
[2, 2, 5]
[2, 3, 5]
[3, 2, 5]
[4, 1, 5]
[4, 2, 4]
[2, 2, 1, 3]
[1, 2, 1, 2]
[1, 2, 4]
[1, 3]
[2, 4]
[2, 3]
[1, 3]
[2, 3]
[2, 4]
[2, 4]
[1, 4]
[6]
[5]
[5]
[6]
[5]
[4]
[3]
[2]
[]
[]
[]
[]
[]
[]
[]
[]
[]

left_values
[2, 2, 7, 2, 4]
[2, 4, 5, 2, 5]
[2, 4, 2, 3, 2, 5]
[1, 6, 2, 5, 4, 5]
[1, 3, 1, 6, 5]
[2, 2, 2, 4]
[1, 3, 2, 5]
[2, 2, 2, 4]
[1, 2, 2, 4]
[2, 3, 2, 5]
[2, 3, 5, 6]
[1, 3, 4, 10]
[2, 2, 3, 5]
[3, 4, 4]
[8, 6]
[15]
[1, 14]
[2, 11]
[4, 8]
[17]
[13]
[5, 1]
[]
[]
[]
[]
[]
[]
[1]
[2]
[2]
[2]
[2]
[2]
[2]
[3]
[3]
[3]
[4]
[3]
