Puzzle number: 129106
width:  50
height:  35
solved_count:  823
AVE_TIME:  '00:18:07'
ave_time_count:  104

top_values
[1, 1]
[29]
[2, 1]
[1, 1]
[2, 3, 7, 1]
[1, 2, 1, 1, 1, 1, 1, 1, 1]
[2, 2, 1, 7, 1, 1, 1]
[1, 1, 1, 1, 1, 1, 1]
[32]
[4, 2, 1, 1, 1, 1, 1]
[6, 1, 5, 1]
[1, 1, 3, 1, 1, 1]
[6, 2, 1, 1, 1, 1]
[1, 1, 4, 1, 1, 1]
[6, 2, 1, 5, 1]
[1, 1, 4, 1, 1, 1]
[6, 2, 1, 1, 1, 1]
[1, 1, 4, 1, 1, 1]
[6, 2, 1, 5, 1]
[1, 1, 4, 1, 1, 1]
[6, 2, 1, 1, 1, 1]
[1, 3, 4, 1, 1, 1]
[6, 2, 1, 5, 1]
[1, 1, 4, 1, 1, 1]
[6, 2, 1, 1, 1, 1]
[1, 1, 4, 1, 1, 1]
[6, 2, 1, 5, 1]
[1, 1, 4, 1, 1, 1]
[6, 2, 1, 1, 1, 1]
[1, 1, 4, 1, 1, 1]
[6, 2, 1, 1, 1, 5, 1]
[1, 1, 1, 4, 11, 1]
[6, 2, 1, 1, 1, 1, 1, 1, 1]
[1, 1, 1, 4, 1, 1, 1]
[6, 2, 1, 5, 1]
[1, 1, 1, 4, 1, 1, 1]
[6, 2, 1, 1, 1, 1]
[1, 1, 4, 1, 1, 1]
[6, 2, 1, 5, 1]
[1, 1, 3, 1, 1, 1]
[6, 1, 1, 1, 1]
[3, 2, 1, 1, 1, 1, 1]
[33]
[3, 1, 1, 1]
[1, 2, 1, 5, 3, 1]
[2, 2, 1, 1, 1, 1, 1, 1, 1]
[2, 3, 5, 1, 1, 1]
[2, 3, 1]
[2, 1]
[29]

left_values
[1, 1, 1]
[1, 1, 1]
[1, 5]
[4, 1, 2]
[3, 1, 1, 2]
[3, 1, 3, 2]
[3, 37, 2, 2]
[1, 2, 3, 1, 1, 1, 1, 1, 1, 1, 1, 1, 1, 1, 1, 1, 1, 3, 2, 1]
[1, 2, 1, 1, 1, 1, 1, 1, 1, 1, 1, 1, 1, 7, 1, 1, 1, 1, 1]
[1, 1, 1, 1, 1, 1, 1, 1, 3, 1, 1, 1, 1, 1, 1, 1, 1, 1, 5, 1]
[1, 5, 1, 1, 1, 1, 1, 3, 1, 1, 1, 1, 1, 1, 1, 1, 1, 1, 1]
[1, 35, 1]
[1, 1, 1, 3, 1]
[1, 1, 1, 1, 1, 1]
[1, 5, 1, 3, 1]
[1, 1, 1, 35, 1, 1, 1]
[1, 1, 1, 1, 29, 1, 3, 1]
[1, 5, 1, 1, 1, 1, 1, 1, 1, 1, 1, 1, 1, 1, 1, 1, 1, 1, 1]
[1, 1, 1, 1, 27, 1, 1]
[1, 1, 1, 1, 1, 1]
[1, 5, 1, 1]
[1, 1, 1, 1]
[1, 1, 2, 1, 1]
[1, 1, 2, 1, 1]
[1, 1, 2, 1, 1]
[1, 1, 2, 1, 1]
[1, 1, 2, 1, 1]
[1, 1, 1, 1, 1]
[1, 1, 1, 1, 1, 1, 1, 2, 1, 1, 1, 1]
[1, 35, 4, 1]
[1, 2, 1, 1, 1, 1, 1, 1, 2, 1, 1, 1, 1, 1, 1]
[1, 1, 1, 1, 1, 1, 1, 2, 1, 1, 1, 4, 1]
[1, 2, 35, 1]
[1, 1, 1, 1]
[50]
