Puzzle number: 129454
width:  50
height:  50
solved_count:  504
AVE_TIME:  '00:26:19'
ave_time_count:  112

top_values
[24, 5, 2]
[2, 2, 7, 1]
[2, 2, 4, 1]
[2, 2, 4, 2, 2]
[2, 2, 5, 1]
[2, 2, 2, 1]
[2, 2, 3, 1, 2]
[2, 2, 5, 1]
[2, 2, 3, 3, 2]
[2, 2, 7, 1]
[2, 2, 2, 2]
[2, 2, 3, 3, 2]
[2, 2, 5, 2, 3]
[2, 2, 7, 6]
[2, 2, 3, 3, 8]
[3, 2, 4, 2, 2]
[1, 2, 2, 4, 6, 6]
[2, 2, 4, 12]
[2, 5, 13]
[2, 5, 2, 6, 4]
[2, 3, 11]
[4, 3, 14, 2]
[3, 2, 19]
[1, 3, 20]
[6, 20]
[3, 19]
[4, 19]
[2, 2, 19]
[4, 18]
[4, 16]
[11, 15]
[10, 3, 14]
[9, 11, 13]
[9, 22]
[8, 22]
[7, 19]
[6, 14]
[5, 11]
[4, 6, 8]
[3, 15, 4]
[3, 20, 1]
[2, 15]
[2, 17]
[1, 20]
[1, 22]
[1, 4, 20]
[3, 5, 17]
[3, 4, 15]
[3, 4, 3, 13]
[2, 28]

left_values
[1, 2, 2, 16]
[1, 1, 1, 13]
[1, 3, 2, 11]
[1, 3, 1, 9]
[1, 2, 1, 8]
[1, 2, 2, 7]
[1, 2, 2, 6]
[1, 2, 2, 1, 5]
[1, 2, 2, 7]
[1, 2, 3, 4]
[1, 3, 3, 1, 1, 3]
[1, 3, 3, 1, 4]
[1, 2, 3, 4]
[3, 2, 3]
[2, 2, 2]
[1, 2, 2]
[1, 2, 1]
[1, 2, 2, 1]
[1, 3, 2, 1]
[1, 3, 1, 2, 1]
[1, 2, 2, 3]
[3, 2, 2]
[2, 2, 1, 2]
[1, 1, 1, 1, 1]
[3, 1, 2]
[2, 1, 1, 2, 2]
[1, 1, 1, 1, 1, 2]
[3, 2, 1, 1, 2]
[1, 2, 4, 2, 1, 1, 1]
[1, 2, 4, 2, 1, 2, 1]
[1, 1, 4, 2, 3, 2, 3, 1, 1]
[1, 1, 2, 6, 4, 2, 3, 1, 1]
[2, 2, 3, 8, 4, 3, 3, 3]
[1, 1, 1, 1, 2, 1, 8, 4, 9, 2]
[1, 1, 1, 1, 3, 1, 1, 9, 4, 9, 2]
[1, 1, 2, 1, 3, 3, 11, 4, 10, 1]
[2, 2, 1, 5, 16, 4, 10, 1]
[3, 1, 5, 1, 21, 12]
[3, 1, 3, 1, 4, 17, 11]
[9, 25, 11]
[6, 3, 21, 11]
[2, 1, 21, 11]
[2, 1, 33]
[3, 1, 22, 10]
[3, 2, 23, 10]
[4, 2, 3, 19, 9]
[4, 2, 2, 1, 18, 9]
[1, 2, 1, 1, 19, 9]
[2, 2, 1, 19, 8]
[2, 2, 1, 19, 8]
