Puzzle number: 129439
width:  50
height:  50
solved_count:  375
AVE_TIME:  '00:43:52'
ave_time_count:  102

top_values
[2, 1, 3]
[1, 6, 1]
[3, 7]
[2, 1, 9]
[2, 1, 2, 3]
[3, 1, 3, 5]
[3, 2, 12]
[3, 2, 14]
[2, 1, 16]
[2, 1, 18]
[8, 1, 14]
[2, 1, 5, 14]
[2, 16]
[3, 1, 17]
[2, 2, 19]
[2, 26]
[6, 18]
[3, 5, 18]
[2, 3, 20]
[5, 2, 19]
[2, 2, 20]
[2, 19]
[2, 22]
[2, 22]
[1, 3, 14]
[2, 15, 2]
[6, 7, 1]
[2, 4, 3, 2]
[3, 3, 5, 1, 2]
[1, 3, 3, 1, 1]
[3, 2, 2, 1, 2, 2]
[2, 9, 3, 3, 1]
[5, 3, 7, 1, 3, 2]
[2, 2, 5, 4, 4, 2]
[2, 2, 3, 2, 3, 1]
[2, 1, 1, 2, 4, 4]
[2, 2, 1, 3, 1, 1]
[2, 2, 2, 4, 2, 1]
[2, 1, 7, 3, 1]
[1, 1, 1, 3, 4]
[1, 1, 1, 2, 2, 1, 1]
[1, 7, 4, 2]
[1, 8, 3, 2]
[1, 9, 3, 2]
[1, 10, 4, 3]
[1, 10, 3, 2]
[12, 5, 3]
[11, 2, 6, 3]
[10, 8, 8, 2]
[10, 19, 1]

left_values
[13]
[3, 4]
[3, 6]
[3, 8]
[2, 10]
[1, 9]
[1, 11]
[1, 9]
[2, 13]
[2, 2, 10]
[1, 3, 7]
[3, 2, 4]
[1, 1]
[2, 1]
[2, 1]
[2, 1, 2]
[4, 1, 1]
[2, 1, 1, 2]
[2, 1, 1, 1]
[4, 2, 7, 1]
[5, 1, 5, 2, 1]
[3, 1, 1, 3, 1, 2]
[4, 1, 2, 2, 2, 2]
[3, 1, 2, 2, 3, 1, 2, 3]
[3, 2, 1, 1, 3, 6, 2, 3]
[2, 1, 4, 1, 6, 7, 2]
[1, 1, 1, 1, 5, 4, 1, 2]
[3, 3, 1, 1, 9, 1, 2]
[3, 2, 1, 1, 6, 4, 1, 2]
[2, 2, 1, 1, 5, 1, 1, 2, 1]
[1, 3, 1, 1, 1, 5, 1, 1, 1, 2]
[2, 3, 3, 8, 3, 2, 2, 4]
[2, 5, 12, 2, 1, 2, 8]
[4, 1, 15, 1, 2, 11]
[3, 4, 13, 1, 1, 9]
[2, 1, 2, 14, 2, 2, 1, 1, 4]
[3, 1, 19, 1, 1, 1, 3]
[1, 1, 1, 18, 1, 1, 2]
[1, 1, 20, 1]
[2, 1, 20]
[1, 1, 19]
[1, 1, 19]
[1, 1, 19]
[3, 19]
[2, 18]
[22]
[22, 10]
[1, 10, 11, 4, 1, 7]
[1, 2, 7, 10, 7, 1, 2, 5]
[4, 6, 3, 6, 3, 1, 2, 1, 4]
