Puzzle number: 129613
width:  50
height:  50
solved_count:  679
AVE_TIME:  '00:18:23'
ave_time_count:  130

top_values
[17, 4, 6, 5]
[10, 3, 4, 6, 6]
[17, 6, 7]
[15, 6, 8]
[16, 7, 9]
[17, 7, 9]
[26, 10]
[38]
[38]
[37]
[39]
[40]
[40]
[36]
[38]
[41]
[37]
[15, 24]
[10, 25]
[8, 20]
[7, 21]
[6, 24]
[5, 19]
[4, 19]
[4, 19]
[2, 19]
[2, 20]
[2, 22]
[2, 26, 1]
[1, 29]
[1, 29]
[29]
[29]
[29]
[29]
[29]
[28]
[28]
[28]
[28]
[27]
[27]
[26]
[26]
[11, 12]
[10, 11]
[9, 10]
[7, 8]
[5, 6]
[3, 4]

left_values
[]
[]
[7]
[7]
[6]
[7]
[7]
[7]
[7]
[8]
[1, 10]
[1, 12]
[1, 12]
[2, 13]
[3, 14]
[3, 14]
[18]
[18]
[18]
[18]
[18]
[17, 14]
[17, 22]
[1, 40]
[44]
[46]
[47]
[46]
[49]
[50]
[50]
[2, 44]
[45]
[46]
[47]
[45]
[44]
[44]
[45]
[2, 39]
[16, 21]
[18, 20]
[16, 2, 21]
[17, 1, 20]
[15, 2, 1, 21]
[16, 2, 1, 21]
[13, 2, 2, 22]
[13, 1, 21]
[9, 3, 1, 21]
[8, 3, 22]
