Puzzle number: 129932
width:  50
height:  50
solved_count:  535
AVE_TIME:  '00:42:19'
ave_time_count:  115

top_values
[50]
[50]
[2, 2, 2, 2, 2]
[2, 2, 2, 2, 2]
[4, 2, 2, 2]
[4, 13, 2, 2]
[2, 17, 19]
[2, 2, 6, 19]
[2, 2, 2, 2, 2, 2, 2, 2]
[2, 2, 2, 2, 2, 2, 2, 2]
[2, 2, 2, 16]
[13, 2, 16]
[13, 10, 2, 2]
[2, 2, 10, 2, 2]
[2, 2, 2, 2, 2, 4, 2]
[7, 2, 2, 4, 2, 2, 4, 4]
[7, 2, 2, 4, 2, 7, 2, 4]
[2, 2, 2, 2, 7, 2, 2]
[2, 2, 2, 2, 2, 12, 2]
[2, 2, 12, 2, 12, 2]
[2, 2, 2, 12, 2, 2, 2, 2]
[2, 2, 2, 2, 2, 2, 2, 4]
[2, 2, 2, 2, 6, 2, 4]
[2, 2, 2, 2, 6, 2, 2]
[2, 13, 2, 2, 2, 2]
[2, 13, 2, 2, 2, 2]
[2, 2, 2, 2, 6, 2, 2, 2]
[2, 2, 2, 2, 6, 2, 2, 2, 2]
[2, 2, 4, 2, 2, 2, 2, 2]
[2, 2, 4, 2, 19, 2]
[2, 2, 9, 19, 2]
[2, 2, 9, 2, 2, 2, 2]
[2, 8, 2, 2, 2, 2, 2]
[2, 8, 2, 2, 2]
[2, 2, 2, 2, 2, 2]
[2, 2, 29, 8]
[2, 2, 29, 8]
[2, 4, 2, 2]
[2, 4, 2, 2]
[2, 2, 2, 2, 2, 2, 2]
[2, 2, 2, 2, 2, 8, 2, 2, 5, 2]
[2, 2, 2, 2, 2, 8, 2, 2, 5, 2]
[2, 11, 2, 2, 7, 2, 2]
[2, 11, 2, 2, 7, 2, 2]
[2, 2, 2, 2, 9, 2, 13]
[2, 2, 2, 2, 9, 2, 13]
[2, 2, 2]
[2, 2, 2]
[50]
[50]

left_values
[50]
[50]
[2, 2, 2, 2, 2]
[2, 2, 2, 2, 2]
[2, 5, 2, 17, 6, 2]
[2, 5, 2, 17, 6, 2]
[2, 2, 2, 2, 2, 2, 2]
[2, 2, 2, 2, 2, 2]
[2, 2, 2, 6, 2, 7, 2]
[2, 2, 10, 6, 2, 9, 2]
[2, 2, 10, 2, 2, 7, 4, 2]
[2, 2, 2, 2, 2, 7, 2, 2]
[2, 2, 2, 2, 2, 2, 2]
[2, 2, 6, 2, 2, 6, 2]
[2, 2, 6, 2, 2, 6, 2]
[2, 5, 9, 7, 2]
[2, 5, 9, 7, 2]
[2, 2, 2, 2, 2, 2, 6, 2]
[2, 2, 2, 2, 2, 2, 6, 2]
[8, 5, 2, 8, 2, 2, 2]
[8, 5, 2, 8, 2, 2, 2]
[2, 2, 2, 2, 2, 2, 2, 2, 2]
[2, 2, 2, 2, 2, 2, 2, 2, 2, 2]
[2, 4, 10, 2, 2, 2, 2, 2, 2]
[4, 4, 10, 2, 2, 6, 2]
[4, 2, 2, 6, 2]
[2, 2, 2, 2, 2]
[2, 8, 11, 2, 2, 2, 2]
[2, 8, 11, 2, 11, 2]
[2, 2, 2, 2, 11, 2]
[2, 2, 2, 4, 2, 2, 2]
[2, 6, 2, 4, 2, 2, 2]
[2, 6, 6, 9, 2, 5, 2]
[2, 2, 6, 9, 2, 7, 2]
[2, 2, 2, 2, 2, 2, 2, 4, 2]
[2, 2, 2, 2, 2, 2, 2, 2, 2]
[2, 6, 6, 6, 2, 2, 2]
[4, 6, 6, 6, 2, 11]
[4, 2, 2, 2, 2, 2, 11]
[2, 2, 2, 2, 2, 2, 2]
[2, 2, 2, 2, 6, 4, 2, 2]
[2, 2, 2, 2, 6, 4, 7, 2]
[2, 4, 10, 8, 7, 2]
[2, 4, 10, 8, 2, 2, 2]
[2, 2, 2, 2, 2, 2, 2, 2]
[2, 2, 2, 2, 2, 2, 2, 2]
[2, 2, 2, 2, 2, 2]
[2, 2, 2, 2, 2, 2]
[4, 34, 4]
[4, 34, 4]
