Puzzle number: 13026
width:  50
height:  50
solved_count:  1200
AVE_TIME:  '01:01:59'
ave_time_count:  637

top_values
[2, 31]
[1, 1, 22, 5]
[3, 16, 5]
[14, 5]
[15, 4]
[3, 5, 3]
[3, 2, 4]
[3, 3, 3, 2, 3]
[2, 7, 3, 3]
[2, 1, 1, 1, 1, 3, 4]
[2, 1, 1, 4, 3, 4]
[2, 1, 1, 7, 7, 2]
[2, 1, 1, 23, 2]
[2, 1, 3, 15]
[2, 1, 3, 1, 15]
[2, 3, 1, 3, 18]
[2, 2, 5, 2, 18]
[2, 2, 5, 18]
[2, 2, 1, 3, 18]
[2, 2, 1, 3, 14]
[2, 2, 6, 17]
[2, 3, 1, 2, 1]
[2, 3, 3]
[2, 3, 2, 2, 3]
[2, 3, 2, 4, 1, 1, 1]
[2, 3, 2, 2, 3, 3]
[3, 2, 2, 1, 2, 1]
[5, 2, 2, 1, 3, 1]
[2, 2, 1, 1, 3]
[2, 2, 2, 2]
[2, 2, 2]
[3, 2, 2]
[2, 2, 2]
[2, 1]
[3, 2]
[2, 2]
[2, 2]
[2, 2]
[1, 2]
[1, 2, 2]
[2, 2, 1]
[2, 2]
[2, 2]
[20, 1]
[14, 3, 2]
[9, 3, 2]
[3, 2]
[1, 3, 2]
[1, 1, 3, 2]
[2, 2, 1, 2]

left_values
[3, 1, 1, 3]
[1, 1, 1, 1, 1]
[2, 1, 1]
[4, 3, 1]
[30, 2]
[27, 2, 2]
[5, 2, 3]
[5, 1, 3]
[5, 2, 3]
[5, 3, 1, 2]
[5, 2, 2]
[5, 6, 2]
[5, 1, 2]
[5, 8, 2]
[6, 2, 2]
[6, 3, 2]
[6, 2]
[14, 2, 2, 2]
[3, 11, 1, 1, 1]
[3, 18, 1]
[2, 3, 16, 1]
[2, 2, 14, 1]
[2, 2, 8, 1]
[2, 2, 6, 10]
[2, 1, 2, 1, 5]
[2, 1, 5, 2]
[1, 1, 5, 2]
[1, 1, 5, 3]
[1, 1, 1, 2, 2]
[1, 1, 3, 2]
[5, 3, 2, 1]
[6, 3, 2]
[7, 8, 1]
[7, 11, 2]
[4, 2, 13]
[2, 18]
[2, 10, 11]
[2, 9, 8]
[2, 9, 4, 6]
[2, 9, 3, 6]
[2, 8, 2, 2, 7]
[11, 4, 6]
[11, 4, 2]
[8, 2, 2]
[8, 4]
[7]
[7, 3]
[4, 1, 1, 1]
[4, 1, 3]
[4, 2]
