Puzzle number: 130490
width:  50
height:  40
solved_count:  1127
AVE_TIME:  '00:09:25'
ave_time_count:  239

top_values
[12, 2, 2]
[13, 2, 2]
[13, 2, 2]
[13, 2, 2]
[14, 2, 2]
[14, 3, 2]
[14, 2, 2]
[14, 2, 2]
[14, 2, 2]
[9, 2, 2]
[7, 2, 2]
[7, 2, 2]
[5, 2, 3]
[4, 2, 3]
[2, 2, 3]
[2, 2, 3]
[6, 2, 2, 3]
[15, 2, 3]
[3, 4, 1, 3]
[2, 2, 3]
[2, 2, 3]
[2, 2, 2]
[3, 2, 2]
[3, 2, 2]
[8, 3, 2, 2]
[5, 5, 2, 2]
[3, 2, 1, 2]
[2, 2, 2]
[2, 1, 2]
[2, 1, 2]
[2, 2, 2]
[2, 2, 2]
[1, 1, 2]
[1, 2, 2]
[2, 2, 2]
[2, 2, 1, 2]
[3, 2, 2, 2]
[3, 2, 2, 2]
[3, 2, 2, 2]
[1, 1, 2]
[1, 1, 2]
[1, 2, 2]
[2, 2, 1]
[2, 2, 1]
[2, 2, 1, 1]
[3, 1, 2, 1]
[4, 1, 2, 1]
[4, 2, 2, 1]
[1, 2, 4]
[1, 3]

left_values
[9, 1, 1, 4, 4]
[9, 2, 1, 4, 4]
[9, 2, 2, 3, 3]
[9, 1, 1, 3]
[9, 1, 1]
[10, 2, 1]
[10, 2, 2]
[11, 2, 1]
[12, 2, 1]
[12, 2, 1]
[13, 2, 1]
[14, 1, 1]
[13, 2, 1]
[11, 2, 2]
[9, 1]
[11]
[12]
[17]
[11]
[7]
[3]
[]
[2]
[6]
[7]
[7]
[6]
[6]
[6]
[5]
[5]
[4]
[5]
[5]
[6]
[8]
[8]
[21, 5]
[42, 2]
[38]
