Puzzle number: 13055
width:  50
height:  50
solved_count:  1774
AVE_TIME:  '00:42:40'
ave_time_count:  987

top_values
[2, 2, 2, 2, 2, 2, 6, 1, 1]
[2, 3, 3, 6, 2, 2, 7, 4, 1]
[2, 2, 4, 9, 2, 7, 1, 2]
[3, 2, 7, 10, 3]
[2, 3, 4, 11, 4]
[3, 3, 4, 11, 4]
[4, 2, 2, 13, 5]
[5, 3, 2, 2, 11, 6]
[7, 15, 7]
[6, 14, 8]
[4, 14, 9]
[3, 15, 10]
[5, 14, 10]
[12, 15, 11]
[5, 14, 12]
[12, 13, 2, 10]
[12, 2, 10]
[10, 1, 10]
[9, 2, 10]
[10, 2, 11]
[9, 2, 11]
[9, 2, 11]
[9, 2, 11]
[8, 2, 10]
[3, 2, 3, 10]
[2, 3, 11]
[2, 2, 1, 11]
[2, 2, 1, 12]
[1, 3, 2, 12]
[2, 3, 2, 5, 5]
[2, 3, 1, 2, 4]
[2, 2, 2, 3, 5]
[2, 2, 2, 2, 5]
[2, 2, 1, 3, 1, 3]
[2, 3, 2, 3, 1, 3]
[3, 2, 2, 3, 5]
[3, 2, 2, 2, 5]
[2, 2, 3, 4]
[2, 2, 2, 4]
[3, 2, 2, 3]
[3, 2, 1, 3]
[3, 2, 1, 3]
[3, 2, 1, 1]
[3, 2, 1]
[2, 3, 1]
[2, 2, 1]
[2, 2]
[2, 2]
[3, 1]
[1, 2]

left_values
[8, 1]
[9, 1]
[9, 1, 2]
[7, 2, 1, 2]
[2, 3, 2, 1, 4]
[1, 2, 1, 1, 5]
[2, 2, 1, 1, 4]
[2, 1, 1, 1, 4]
[2, 2, 3, 3]
[1, 2, 3, 3]
[1, 1, 3, 4, 1]
[2, 2, 3, 3, 4]
[1, 1, 1, 3, 4]
[2, 2, 3, 3]
[1, 2, 2, 4]
[1, 2, 3]
[1, 4, 2, 2]
[2, 1, 4, 6, 2, 2]
[1, 3, 13, 3, 2]
[2, 3, 13, 2, 2]
[1, 3, 13, 2, 3]
[3, 1, 16, 3]
[3, 17, 3]
[3, 17, 3]
[3, 16, 3]
[4, 13, 3]
[4, 14, 3, 1]
[2, 12, 3, 3]
[2, 12, 2, 5]
[1, 12, 2, 5]
[2, 11, 7]
[2, 11, 3]
[1, 10, 2]
[11, 2]
[2, 8, 2]
[1, 8, 2, 6]
[7, 3, 7]
[6, 2, 7]
[7, 2, 11]
[5, 2, 13]
[4, 19]
[3, 20]
[2, 21]
[1, 21]
[1, 22]
[1, 31]
[2, 29, 4, 6]
[2, 39]
[40]
[23, 3, 9]
