Puzzle number: 130513
width:  50
height:  50
solved_count:  627
AVE_TIME:  '00:35:25'
ave_time_count:  109

top_values
[7, 3, 10, 4, 14, 1]
[12, 10, 3, 9, 6, 3]
[3, 3, 4, 8, 3, 10, 5, 3]
[2, 3, 2, 1, 8, 5, 8, 6, 3]
[1, 2, 2, 2, 7, 20, 7]
[2, 3, 2, 6, 9, 6, 3, 6]
[6, 3, 5, 3, 5, 5, 5, 4]
[5, 3, 5, 4, 5, 5, 10]
[4, 4, 9, 5, 6, 11]
[3, 4, 8, 4, 7, 12]
[3, 3, 8, 5, 8, 5, 6]
[2, 4, 16, 5, 4, 7]
[1, 4, 16, 10, 7]
[6, 9, 4, 9, 7]
[16, 4, 8, 13]
[14, 4, 9, 10, 5]
[12, 5, 9, 8]
[21, 6, 8]
[18, 7, 10]
[17, 8, 21]
[13, 12, 11]
[1, 10, 24, 1]
[10, 24, 4]
[34, 7]
[7, 24, 11]
[30, 13]
[6, 22, 10, 3]
[5, 10, 11, 9, 3, 1]
[4, 9, 14, 8, 6, 3]
[7, 3, 1, 12, 8, 6, 4]
[6, 3, 21, 5, 5]
[4, 3, 20, 5, 5]
[2, 4, 20, 13]
[5, 3, 14, 13]
[6, 4, 7, 4, 13]
[5, 5, 7, 7, 12, 2, 1]
[3, 5, 7, 8, 12, 4, 1]
[1, 6, 22, 6, 8]
[6, 1, 12, 9, 6, 8]
[1, 2, 2, 13, 9, 7, 6]
[7, 12, 7, 5, 4]
[17, 1, 1, 6, 4, 4]
[14, 2, 8, 4, 4]
[14, 10, 5, 5]
[26, 5, 4]
[12, 9, 5, 6]
[22, 6, 8]
[29, 8]
[28, 9]
[11, 8, 3, 8]

left_values
[4, 7, 8, 10, 8, 7]
[4, 7, 8, 11, 3, 1, 2, 7]
[3, 7, 20, 4, 12]
[2, 2, 3, 21, 3, 13]
[4, 3, 19, 2, 4, 2, 10]
[4, 2, 19, 3, 3, 3, 10]
[3, 2, 5, 13, 3, 3, 2, 11]
[2, 2, 4, 1, 10, 4, 3, 3, 1, 9]
[3, 4, 22, 3, 10]
[2, 3, 22, 3, 12]
[5, 23, 2, 11]
[3, 17, 6, 3, 11]
[1, 13, 4, 8, 3, 8, 3]
[15, 3, 8, 2, 9, 4]
[15, 12, 2, 8, 1, 4]
[7, 7, 12, 4, 9, 6]
[6, 3, 3, 12, 14, 6]
[5, 3, 3, 5, 21, 8]
[5, 3, 8, 31]
[4, 3, 7, 1, 22, 7]
[3, 2, 7, 20, 3, 9]
[2, 3, 7, 1, 17, 4, 7]
[2, 3, 3, 2, 19, 4, 4, 2]
[1, 6, 2, 19, 3, 1, 5, 2]
[7, 1, 31, 4]
[7, 2, 33, 4]
[3, 3, 11, 23, 5]
[2, 4, 10, 9, 13, 5]
[1, 3, 10, 7, 1, 4, 7, 5]
[1, 14, 7, 6, 4, 4]
[15, 6, 4, 5, 4]
[9, 3, 7, 5, 6, 4]
[7, 4, 7, 5, 6, 4]
[7, 5, 9, 5, 5, 4, 1]
[6, 5, 9, 5, 5, 4, 2]
[3, 1, 4, 10, 5, 9, 2]
[5, 4, 10, 4, 9, 2]
[5, 4, 10, 4, 9, 3]
[2, 17, 4, 10, 4]
[1, 18, 4, 11, 4]
[4, 12, 2, 14, 5]
[4, 10, 1, 3, 9, 4]
[3, 2, 6, 2, 1, 3, 3, 4, 2, 4]
[3, 8, 1, 1, 4, 2, 4, 3, 5]
[2, 6, 1, 1, 3, 7, 5, 6]
[2, 4, 2, 1, 3, 2, 3, 5, 5]
[1, 4, 2, 1, 6, 4, 9]
[5, 1, 1, 5, 4, 7]
[4, 1, 1, 5, 3, 5]
[3, 1, 1, 5, 3, 7]
