Puzzle number: 130736
width:  30
height:  35
solved_count:  1674
AVE_TIME:  '00:12:30'
ave_time_count:  185

top_values
[1, 3, 2, 1]
[1, 2, 2, 2]
[1, 7, 6]
[1, 10, 5]
[1, 9, 2, 1]
[1, 6, 3, 1]
[1, 5, 3, 1]
[1, 4, 4, 2, 2]
[1, 4, 3, 9]
[1, 4, 4, 9]
[1, 4, 4, 3, 2]
[5, 4, 2, 2]
[4, 2, 2, 2]
[4, 3, 2]
[4, 2, 2]
[6, 2, 3]
[1, 4, 3]
[1, 6, 3]
[1, 8, 8, 4]
[1, 16, 5]
[1, 22]
[1, 21]
[1, 21]
[1, 19]
[1, 18]
[1, 17]
[1, 15]
[1, 13]
[1, 10]
[35]

left_values
[30]
[5, 1]
[6, 1]
[8, 1]
[3, 3, 1]
[3, 4, 1]
[3, 3, 1]
[3, 3, 1]
[3, 3, 1]
[3, 3, 1]
[2, 2, 1]
[3, 2, 2, 1]
[2, 2, 3, 1]
[2, 2, 4, 1]
[3, 2, 6, 1]
[2, 2, 8, 1]
[2, 2, 9, 1]
[2, 2, 10, 1]
[3, 3, 10, 1]
[3, 2, 12]
[2, 2, 12]
[2, 3, 12]
[5, 3, 11]
[6, 4, 10]
[3, 4, 10]
[1, 3, 10]
[3, 10]
[3, 10]
[1, 3, 10]
[3, 2, 8, 1]
[3, 2, 8, 1]
[2, 8, 8, 1]
[2, 17, 1]
[3, 3, 8, 1]
[9, 4, 1]
