Puzzle number: 130951
width:  25
height:  30
solved_count:  2703
AVE_TIME:  '00:05:06'
ave_time_count:  574

top_values
[4]
[7]
[8]
[12]
[3, 15]
[3, 15]
[20]
[17]
[16]
[16]
[17]
[16]
[14, 1]
[15, 3]
[17, 5]
[18, 7]
[27]
[27]
[26]
[26]
[25]
[24]
[23]
[21]
[20]

left_values
[1, 1]
[3, 2]
[11]
[13]
[14]
[15]
[17]
[19]
[19]
[20]
[22]
[22]
[22]
[22]
[23]
[24]
[11, 12]
[10, 11]
[8, 11]
[7, 10]
[7, 10]
[4, 9]
[9]
[10]
[10]
[11]
[11]
[12]
[12]
[13]
