Puzzle number: 131161
width:  50
height:  40
solved_count:  1088
AVE_TIME:  '00:04:05'
ave_time_count:  216

top_values
[1]
[2]
[1]
[1, 2]
[2, 1]
[2, 2]
[2, 1]
[2, 1]
[2, 2]
[2, 1]
[2, 2]
[2, 1]
[2, 2]
[2, 1]
[2, 1]
[1, 2]
[2, 1]
[2, 2]
[2, 1]
[2, 2, 1]
[2, 1, 3]
[2, 2, 5]
[2, 1, 8]
[2, 11]
[2, 12]
[2, 14]
[18]
[37]
[40]
[40]
[40]
[14]
[5]
[]
[]
[]
[]
[]
[]
[]
[]
[]
[]
[]
[]
[]
[]
[]
[]
[]

left_values
[2, 5]
[2, 5]
[2, 5]
[2, 6]
[2, 6]
[2, 5]
[2, 5]
[2, 5]
[2, 5]
[2, 5]
[2, 5]
[3, 5]
[2, 5]
[2, 5]
[2, 4]
[2, 4]
[3, 4]
[3, 4]
[2, 4]
[2, 7]
[3, 6]
[3, 5]
[4, 5]
[3, 5]
[3, 5]
[4, 5]
[3, 6]
[3, 6]
[3, 7]
[10]
[8]
[8]
[9]
[9]
[9]
[10]
[10]
[6, 4]
[6, 4]
[7, 4]
