Puzzle number: 131153
width:  50
height:  40
solved_count:  1058
AVE_TIME:  '00:07:29'
ave_time_count:  217

top_values
[5]
[4]
[3]
[2]
[2]
[1]
[1]
[1]
[1]
[1]
[1]
[1]
[2]
[2]
[2]
[1]
[2]
[1]
[2]
[1]
[1]
[2]
[1]
[2]
[2]
[1, 1]
[2, 4]
[2, 2]
[1, 3]
[2, 3]
[5]
[4]
[3]
[2]
[3, 3]
[3, 7]
[2, 10]
[3, 13]
[3, 15]
[2, 17]
[2, 19]
[2, 21]
[2, 23]
[2, 20]
[2, 17]
[2, 15]
[2, 13]
[3, 13, 3]
[3, 11, 7]
[3, 10, 11]

left_values
[]
[]
[]
[]
[1]
[2]
[3]
[3]
[3, 1]
[2, 2]
[2, 3]
[2, 3]
[2, 4]
[2, 5]
[2, 6]
[2, 6]
[1, 7]
[2, 8]
[1, 7]
[2, 8]
[2, 7]
[1, 8]
[2, 8]
[1, 8]
[2, 8]
[2, 8]
[2, 8]
[4, 9]
[5, 8]
[2, 2, 8, 1]
[3, 1, 9, 1]
[2, 2, 8, 1]
[3, 1, 8, 1]
[2, 2, 9, 2]
[2, 1, 9, 2]
[1, 3, 2, 9, 2]
[2, 3, 2, 8, 2]
[3, 2, 1, 9, 3]
[5, 2, 1, 9, 3]
[13, 2, 9, 3]
