Puzzle number: 131154
width:  50
height:  40
solved_count:  646
AVE_TIME:  '00:18:36'
ave_time_count:  113

top_values
[13, 14]
[12, 16]
[10, 19]
[8, 21]
[6, 19]
[3, 17]
[3, 14]
[3, 13]
[3, 12]
[3, 11]
[3, 9, 1]
[3, 8, 7]
[3, 6, 11]
[3, 4, 15]
[3, 3, 14]
[5, 11, 3]
[4, 10, 8]
[3, 9, 11]
[3, 9, 14]
[3, 8, 13]
[3, 6, 12]
[9, 11]
[3, 3, 10]
[3, 1, 8]
[3, 9]
[3, 7, 4]
[3, 5, 8]
[3, 3, 12]
[4, 14]
[4, 12]
[3, 9, 5]
[3, 9, 10]
[3, 8, 12]
[3, 7, 11]
[18, 10]
[4, 4, 10]
[4, 2, 8]
[3, 11]
[3, 8]
[3, 6, 3]
[3, 4, 6]
[7, 9]
[4, 12]
[3, 14]
[3, 17]
[3, 18]
[3, 19]
[3, 18]
[4, 17]
[4, 16]

left_values
[1]
[1]
[1]
[4, 1]
[10, 1]
[17, 1]
[23, 1]
[5, 20, 1]
[5, 22]
[5, 7, 1, 20]
[4, 7, 1, 22]
[3, 7, 8, 16]
[3, 7, 4, 4, 1, 9]
[2, 6, 4, 4, 9, 2]
[2, 7, 4, 3, 9]
[1, 7, 3, 4, 4, 5, 1]
[7, 4, 4, 4, 4, 2]
[7, 3, 4, 4, 3, 2]
[6, 4, 4, 3, 4, 3]
[7, 4, 4, 3, 4, 3]
[6, 4, 3, 3, 4, 4]
[7, 4, 4, 3, 4, 4]
[6, 4, 4, 4, 4, 5]
[6, 4, 3, 3, 4, 6]
[7, 4, 4, 3, 4, 6]
[6, 4, 4, 4, 4, 6]
[7, 4, 4, 3, 3, 7]
[7, 4, 4, 3, 4, 7]
[6, 3, 4, 4, 4, 8]
[6, 4, 4, 3, 3, 8]
[6, 4, 4, 3, 4, 8]
[6, 3, 4, 3, 3, 8]
[5, 3, 5, 4, 3, 8]
[5, 4, 4, 4, 3, 7]
[5, 4, 4, 3, 3, 8]
[5, 4, 4, 3, 3, 8]
[4, 4, 4, 4, 3, 7]
[4, 3, 4, 4, 3, 8]
[4, 3, 4, 4, 3, 8]
[4, 4, 4, 3, 2, 7]
