Puzzle number: 131770
width:  30
height:  30
solved_count:  2377
AVE_TIME:  '00:03:42'
ave_time_count:  127

top_values
[3, 1, 1, 2]
[4, 2, 1, 1]
[4, 1, 1, 1]
[4, 1, 1, 2]
[4, 4, 2]
[4, 4, 2]
[4, 1, 4]
[4, 1, 4]
[4, 1, 3]
[4, 1, 3]
[4, 4]
[3, 1, 2]
[3, 1, 2]
[4, 2, 2]
[4, 3, 2]
[4, 1, 3, 2]
[4, 1, 1, 1, 2]
[4, 1, 1, 4]
[4, 1, 1, 3]
[4, 4, 3]
[4, 4, 2]
[4, 4, 2]
[4, 1, 1, 2]
[4, 1, 2, 2]
[4, 1, 2, 2]
[4, 2, 1, 2]
[4, 1, 1, 1, 1]
[4, 1, 1, 3]
[4, 1, 1, 3]
[3, 1, 1, 2]

left_values
[11]
[30]
[30]
[29]
[16]
[]
[]
[]
[]
[]
[]
[2]
[5, 7, 5]
[6, 7]
[6, 9, 4]
[4, 6, 6]
[1, 5, 4, 6]
[13, 3, 3]
[27]
[13]
[]
[]
[]
[]
[]
[]
[]
[]
[]
[]
