Puzzle number: 131724
width:  50
height:  50
solved_count:  531
AVE_TIME:  '00:12:59'
ave_time_count:  104

top_values
[16, 7, 1, 1, 4]
[1, 3, 1, 2, 2, 2, 5]
[16, 1, 3, 1, 2, 3, 3, 2]
[1, 2, 5, 1, 2, 1, 3, 1]
[11, 1, 2, 2, 1, 1, 2, 2, 1, 2, 2]
[4, 1, 1, 2, 2, 1, 1, 2, 2, 1, 1, 1]
[12, 1, 2, 2, 1, 1, 2, 1, 1, 3]
[1, 2, 4, 1, 2, 2, 3]
[16, 1, 1, 2, 1, 1, 2]
[1, 4, 1, 2, 4]
[16, 18]
[7, 2, 3]
[8]
[9]
[2, 2]
[1]
[2]
[2]
[1]
[2]
[2]
[2]
[1]
[2]
[1]
[2]
[1]
[2]
[1]
[2]
[2]
[1]
[2]
[1]
[2]
[1]
[2]
[2]
[]
[]
[]
[]
[]
[]
[]
[2]
[3]
[1, 1]
[1, 3]
[11]

left_values
[2, 2]
[1, 3, 1]
[1, 3, 1]
[1, 3, 1]
[1, 3, 1]
[1, 1, 1, 1]
[1, 1, 1, 1]
[1, 1, 1, 1]
[1, 1, 1, 1]
[1, 1, 1, 1]
[1, 1, 1, 1]
[1, 1, 1, 1]
[1, 2, 1]
[1, 1]
[3, 3]
[11, 1]
[2, 2, 2]
[1, 9, 1]
[1, 5, 1, 1]
[1, 1, 1]
[1, 1, 1]
[1, 4, 1, 1]
[1, 6, 1, 1]
[1, 2, 1, 1, 1]
[1, 2, 1, 1, 1]
[1, 5, 1, 1]
[1, 1]
[1, 2]
[12]
[1, 2]
[1]
[1]
[12]
[12]
[1, 1]
[1, 1]
[3, 1]
[3, 1]
[1, 1, 1]
[1, 1]
[2, 1, 1]
[2, 2, 1, 2]
[1, 2, 2, 1, 2]
[3, 1, 5]
[1, 1, 2, 5]
[2, 1, 1, 2, 2]
[2, 2, 4, 2]
[2, 2, 5, 3]
[38, 2, 1]
[2, 1, 1, 1, 2, 2, 2, 3, 1, 1, 1, 2, 1, 1, 2, 4]
