Puzzle number: 131935
width:  20
height:  15
solved_count:  2056
AVE_TIME:  '00:07:07'
ave_time_count:  164

top_values
[11]
[6, 3]
[3, 2]
[2, 1, 1, 2]
[2, 1, 1, 1, 2]
[2, 1, 1, 1, 3]
[2, 1, 2, 1, 2]
[2, 1, 2]
[2, 5]
[5, 1]
[1, 7]
[12]
[2, 5]
[2, 1, 1, 1, 2]
[3, 2, 1, 2]
[2, 1, 1, 1, 2]
[2, 1, 1]
[3, 1]
[5, 2]
[9]

left_values
[6, 5]
[8, 7]
[3, 3, 3, 3]
[2, 3, 5, 2, 2]
[2, 1, 1, 1, 1, 2]
[2, 1, 1, 1]
[1, 1, 1, 1, 2, 1]
[1, 3, 5, 3, 1]
[1, 1, 1, 3, 1]
[2, 3, 5, 1]
[6, 1, 3, 4]
[3, 2, 4]
[3, 2, 2]
[3, 2, 2]
[2, 1, 1, 1]
