Puzzle number: 132241
width:  45
height:  50
solved_count:  292
AVE_TIME:  '01:03:58'
ave_time_count:  105

top_values
[1, 4]
[1, 6]
[8]
[4]
[5, 2]
[6, 3]
[2, 1, 4, 1]
[2, 1, 3]
[1, 1, 2]
[1, 1]
[1, 1]
[2, 8]
[1]
[1, 1, 2]
[1, 24, 5]
[4, 1, 4, 2, 1, 1, 1]
[1, 7, 9, 1, 6, 1, 1]
[10, 7, 2, 1, 6, 3, 2]
[1, 7, 9, 1, 6, 11]
[4, 1, 4, 2, 1, 1, 12]
[1, 24, 12]
[1, 1, 1, 14, 11]
[1, 1, 1, 9, 8, 3]
[1, 1, 1, 1, 2, 1, 1, 1, 2, 2]
[1, 1, 1, 11, 8]
[1, 1, 6, 2, 2, 2, 5]
[1, 5, 5, 1, 1, 10]
[1, 6, 2, 2, 2, 5, 1]
[11, 8, 5, 1]
[1, 2, 1, 1, 1, 2, 2, 9]
[1, 9, 8, 11]
[2, 1, 14, 2, 9]
[1, 24, 1, 2, 1]
[2, 4, 1, 4, 2, 1, 1, 1, 1]
[1, 1, 7, 9, 1, 6, 1]
[2, 10, 7, 2, 1, 6, 1]
[1, 1, 7, 9, 1, 6]
[4, 1, 4, 2, 1, 1, 7]
[24, 1, 1]
[1, 2, 1, 4]
[2, 1]
[2, 4]
[2, 7]
[4, 1]
[4, 2]

left_values
[2, 2]
[2, 2, 5]
[1, 1]
[]
[7, 1, 4, 1]
[1, 3, 3]
[1, 3, 3, 1]
[1, 1, 1]
[3, 3]
[3, 3]
[1, 3, 1, 1, 1, 3, 1]
[1, 3, 1, 1, 1, 3, 1]
[7, 3, 7]
[7, 3, 7]
[3, 3, 5, 3, 3]
[2, 1, 2, 2, 2, 2, 1, 2]
[1, 3, 1, 1, 5, 1, 1, 3, 1]
[25]
[1, 3, 1, 1, 1, 1, 1, 1, 1, 3, 1]
[7, 1, 1, 1, 1, 1, 7]
[25]
[12, 12]
[3, 5, 1, 1, 5, 3]
[1, 3, 6, 6, 3, 1]
[9, 2, 2, 9]
[2, 3, 1, 1, 1, 3, 2]
[1, 3, 3, 2, 2, 3, 3, 1]
[3, 7, 7, 3]
[1, 3, 3, 1, 1, 3, 3, 1]
[1, 3, 6, 6, 3, 1]
[1, 3, 13, 3, 1]
[1, 3, 3, 2, 2, 3, 3, 1]
[2, 3, 3, 2, 2, 3, 3, 2]
[10, 2, 2, 10]
[]
[2]
[4]
[2, 4, 1]
[2, 4, 3, 2]
[1, 4, 3, 2]
[2, 6, 1, 1]
[12, 8, 1, 4, 4]
[4, 1, 2, 7, 1, 4, 3, 5]
[8, 1, 1, 4, 6, 8]
[8, 1, 1, 4, 1, 4, 1, 4]
[3, 2, 1, 1, 5, 1, 5, 1, 1, 1]
[3, 2, 1, 1, 6, 1, 6, 1, 1, 1]
[3, 2, 1, 1, 3, 1, 1, 1]
[3, 3, 1, 1, 1, 1, 1, 1, 2]
[1, 2, 2, 3, 1]
