Puzzle number: 132393
width:  45
height:  50
solved_count:  1040
AVE_TIME:  '00:05:41'
ave_time_count:  103

top_values
[11, 5, 2, 13, 4, 1]
[9, 2, 1, 1, 18, 1, 4]
[8, 7, 25]
[5, 2, 1, 1, 2, 19, 4]
[3, 7, 15, 3, 1, 4]
[15, 10, 3, 1]
[10, 2, 2, 3, 1]
[2, 6]
[4, 3]
[3, 3]
[2, 2]
[1, 2]
[5]
[2]
[]
[]
[]
[]
[]
[]
[]
[]
[]
[]
[]
[]
[]
[]
[]
[]
[]
[]
[]
[]
[]
[]
[]
[]
[]
[]
[]
[]
[]
[]
[]

left_values
[]
[]
[]
[]
[]
[]
[1]
[2]
[3]
[4]
[5]
[5]
[6]
[4, 1]
[3, 3]
[3, 3]
[1, 4]
[6]
[3, 3]
[1, 5]
[3, 3]
[1, 2, 2]
[3, 2]
[5]
[2, 3]
[3, 2]
[5]
[4]
[5]
[5]
[5]
[5]
[5]
[5]
[6]
[6]
[6]
[6]
[4, 1]
[7]
[8]
[5, 2]
[1, 2, 2, 1]
[4, 2, 2]
[1, 3, 4]
[3, 3, 4]
[8, 1]
[10, 1]
[4, 7]
[6, 5]
