Puzzle number: 132309
width:  40
height:  50
solved_count:  769
AVE_TIME:  '00:09:54'
ave_time_count:  112

top_values
[6, 3, 2]
[5, 2, 2]
[5, 7, 3, 2]
[3, 7, 3, 2]
[3, 6, 2, 2]
[3, 5, 3, 2]
[3, 4, 2, 2, 2]
[2, 3, 3, 3, 2]
[3, 2, 3, 2]
[3, 2, 3, 2]
[3, 3, 3, 2]
[3, 11, 2]
[3, 9, 3]
[3, 2]
[3, 2]
[3, 2]
[2, 2]
[3, 3]
[3, 3]
[5, 4]
[5, 5]
[17]
[13]
[]
[]
[]
[]
[]
[]
[]
[]
[]
[]
[]
[]
[]
[]
[]
[]
[]

left_values
[1]
[3, 3]
[7]
[7]
[5]
[3]
[1]
[]
[]
[]
[]
[]
[]
[11]
[14]
[17]
[5, 4]
[4, 4]
[3, 4, 3]
[3, 6, 4]
[2, 2, 3, 3]
[2, 2, 2]
[1, 2, 2]
[2, 2]
[2, 2]
[2, 2]
[2, 2]
[2, 2]
[3, 2]
[2, 2]
[2, 3]
[2, 3]
[3, 2]
[4, 3]
[6, 2]
[6, 2]
[4, 3]
[1, 3]
[4]
[4]
[14]
[13]
[]
[]
[]
[]
[]
[]
[]
[]
