Puzzle number: 132437
width:  30
height:  45
solved_count:  538
AVE_TIME:  '00:22:50'
ave_time_count:  103

top_values
[1]
[3]
[4]
[4]
[5]
[6, 1]
[6, 2]
[6, 3]
[2, 3, 7, 9]
[3, 2, 2, 2, 8, 7, 2]
[2, 1, 4, 4, 13, 5]
[3, 14, 4]
[3, 15, 5]
[26, 3, 1]
[6, 17, 3]
[1, 12, 13]
[1, 1, 8, 1, 2]
[2, 5, 4, 6, 5]
[2, 10, 6]
[2, 11]
[3, 8]
[8]
[6]
[5]
[5]
[5]
[5]
[4]
[2]
[1]

left_values
[2]
[5]
[6]
[1, 4]
[2, 2]
[1, 2]
[2, 1]
[2, 1]
[1, 1]
[1, 3]
[2, 2, 2]
[2, 2, 2]
[1, 5, 2]
[7, 2]
[9, 1]
[6, 1, 2]
[5, 1, 1]
[6, 1, 3]
[13, 9]
[16, 12]
[17, 11]
[16, 10]
[25]
[19]
[14]
[11]
[1, 1, 1]
[1, 1, 1]
[1, 1, 2]
[2, 1, 1]
[1, 1, 1]
[1, 3, 1]
[1, 1, 2, 1]
[1, 1, 1, 2]
[1, 1, 1, 1]
[2, 2, 1, 1]
[1, 1, 1, 1]
[1, 1, 1, 1]
[1, 2, 1, 2]
[1, 1, 3]
[1, 1, 1, 1]
[2, 1, 1, 1]
[5, 3]
[5, 2]
[1]
