Puzzle number: 132409
width:  45
height:  50
solved_count:  470
AVE_TIME:  '00:44:57'
ave_time_count:  101

top_values
[14, 11, 4, 8]
[15, 11, 2, 13]
[18, 10, 12, 1]
[7, 10, 2, 8, 1, 2, 2, 5]
[8, 10, 1, 2, 3, 6, 5]
[9, 8, 5, 3, 9]
[10, 8, 1, 11, 7]
[1, 9, 12, 6, 4, 4, 1]
[2, 7, 2, 9, 4, 5, 7]
[3, 6, 1, 6, 2, 3, 6, 3, 1]
[4, 3, 1, 3, 4, 4, 3, 3, 3, 2, 3]
[4, 4, 3, 2, 7, 6, 6, 4]
[5, 2, 2, 4, 8, 1, 2, 4, 4, 1, 2]
[5, 4, 2, 2, 10, 3, 5, 9]
[5, 4, 2, 2, 10, 3, 7, 4, 3]
[5, 5, 16, 3, 4, 8]
[5, 2, 3, 4, 6, 2, 11, 2, 3]
[5, 8, 1, 6, 4, 2, 3, 2, 3, 2]
[5, 7, 7, 7, 2, 4, 3]
[5, 9, 1, 3, 7, 4, 6, 5]
[5, 6, 3, 3, 12, 4, 1, 4]
[4, 1, 6, 3, 10, 1, 5, 1, 4]
[4, 2, 5, 2, 13, 14]
[3, 10, 3, 22, 2, 4]
[2, 5, 3, 1, 16, 6, 2, 2]
[2, 3, 1, 6, 7, 2, 5, 12]
[1, 3, 6, 2, 5, 2, 9, 6, 3]
[1, 4, 1, 3, 2, 2, 16, 8, 3]
[1, 4, 1, 3, 2, 2, 7, 6, 7, 3]
[5, 1, 3, 3, 6, 2, 1, 8, 8, 2]
[6, 2, 3, 2, 1, 4, 16, 2]
[3, 7, 2, 4, 4, 2, 2, 14, 3]
[1, 2, 3, 2, 2, 11, 3, 3, 9]
[3, 3, 1, 4, 2, 3, 1, 2, 8, 8]
[5, 3, 2, 4, 2, 3, 2, 15]
[3, 2, 3, 1, 2, 6, 2, 7, 9]
[3, 2, 6, 7, 1, 1, 9, 7]
[3, 3, 18, 1, 2, 5, 7]
[2, 3, 6, 2, 4, 2, 2, 10, 8]
[2, 2, 2, 1, 2, 2, 7, 2, 2, 10, 2, 1]
[1, 3, 3, 8, 3, 4, 2, 9, 3, 1]
[3, 3, 4, 1, 6, 2, 2, 2, 7, 1, 2]
[2, 3, 3, 9, 1, 2, 1, 2, 14]
[2, 3, 4, 4, 2, 8, 11, 1, 2]
[2, 2, 1, 3, 2, 8, 3, 11, 4]

left_values
[1, 27, 2, 7, 1]
[7, 18, 3, 6, 4]
[8, 15, 5, 5, 3, 1]
[8, 13, 6, 3, 4]
[9, 9, 12, 4, 2]
[11, 9, 3, 4]
[12, 2, 2, 6, 2, 5, 4]
[3, 8, 8, 8, 5, 4]
[3, 5, 5, 4, 2, 1, 4, 4, 2]
[4, 18, 7, 3, 3]
[4, 3, 9, 6, 9]
[5, 1, 16, 2, 4, 5]
[6, 2, 5, 3, 6, 3, 7, 1]
[12, 1, 5, 5, 1, 3, 8, 2]
[7, 3, 3, 3, 6, 2, 2, 5]
[9, 6, 1, 1, 2, 2, 2, 4, 3]
[9, 2, 2, 3, 3, 5, 7]
[11, 2, 1, 3, 6, 1, 1, 3]
[9, 3, 2, 3, 8, 1, 1, 4]
[7, 4, 5, 3, 1, 9, 4]
[1, 4, 9, 7, 2, 8, 1]
[2, 2, 9, 11, 9]
[2, 13, 5, 3, 10, 2]
[2, 1, 11, 9, 7, 1, 2]
[4, 7, 15, 10]
[3, 7, 7, 4, 1, 7, 2]
[4, 5, 8, 2, 6, 1, 2]
[5, 1, 1, 10, 2, 4, 3, 5]
[4, 1, 14, 3, 3, 1, 2]
[5, 1, 1, 11, 1, 1, 1, 2, 1, 1, 1]
[6, 2, 1, 2, 7, 6, 2, 3, 1]
[4, 4, 1, 1, 1, 1, 11, 3, 1, 2, 3]
[12, 2, 1, 12, 1, 1, 2]
[9, 2, 3, 2, 12, 4, 1, 3]
[2, 4, 3, 4, 3, 9, 1, 6, 3]
[1, 2, 1, 8, 1, 1, 12, 4, 2]
[1, 1, 4, 5, 4, 2, 16]
[9, 8, 5, 1, 15]
[9, 5, 13, 12]
[2, 1, 6, 19, 11]
[2, 1, 1, 5, 21, 8]
[6, 5, 1, 2, 15, 6]
[6, 1, 1, 5, 2, 1, 13, 2, 1, 1]
[3, 5, 5, 1, 5, 15, 1]
[3, 4, 2, 6, 4, 12, 2]
[11, 7, 1, 2, 12, 3]
[7, 2, 3, 1, 6, 1, 9, 1, 1]
[2, 9, 5, 5, 4, 8, 1, 3]
[2, 4, 1, 8, 13, 5, 4]
[7, 9, 13, 2, 6]
