Puzzle number: 132433
width:  35
height:  40
solved_count:  391
AVE_TIME:  '00:40:33'
ave_time_count:  107

top_values
[16, 20]
[16, 19]
[16, 1, 19]
[15, 22]
[8, 23]
[6, 24]
[6, 3, 10, 11]
[6, 1, 2, 9, 10]
[6, 3, 10, 9]
[5, 1, 1, 11, 4, 7]
[5, 2, 12, 6]
[5, 3, 14, 6]
[5, 1, 9, 3, 7]
[5, 2, 1, 3, 5]
[4, 1, 1, 1, 3]
[3, 1, 2, 1, 2]
[3, 1, 1, 1, 1]
[2, 1, 1, 1, 1, 2, 1]
[1, 2, 2, 1, 3, 1, 1]
[2, 1, 3, 6, 1]
[2, 1, 2, 3, 2, 1, 1, 5]
[2, 1, 1, 3, 1, 1, 1, 3, 1]
[3, 1, 2, 1, 4, 1, 5]
[2, 1, 1, 4, 5, 1, 1, 4]
[2, 2, 1, 4, 4, 2, 1, 4]
[1, 5, 9, 2, 1, 3]
[4, 3, 1, 1, 2, 1, 2, 1]
[4, 4, 8, 1, 1, 4, 2]
[4, 1, 1, 6, 2, 2, 1, 4, 1]
[6, 1, 2, 1, 1, 12]
[9, 2, 2, 1, 14]
[10, 10, 14]
[23, 14]
[23, 14]
[24, 14]

left_values
[19, 1, 12]
[18, 2, 2, 9]
[17, 1, 1, 9]
[15, 1, 1, 11]
[14, 5, 2, 6]
[9, 4, 1, 1, 8]
[5, 2, 3, 5]
[5, 3, 8, 6]
[4, 2, 3, 3, 5]
[4, 2, 4, 4]
[4, 1, 3, 3]
[4, 2, 12, 3]
[4, 1, 2, 3, 7, 4, 3]
[4, 3, 3, 4, 12]
[4, 2, 4, 1, 4, 2, 4]
[3, 6, 2, 2, 4, 4]
[8, 2, 4, 4]
[9, 1, 1, 1, 4]
[10, 1, 1, 3, 1, 5]
[11, 1, 1, 4, 1, 5]
[1, 10, 1, 3, 2, 4]
[13, 1, 3, 5]
[12, 4, 4]
[13, 1]
[13]
[7, 4, 5]
[6, 1, 3, 7]
[6, 1, 3, 1, 5]
[6, 1, 6]
[7, 1, 1, 14]
[8, 1, 1, 2, 6]
[9, 6, 1, 6]
[9, 8, 6]
[10, 1, 6, 7]
[13, 1, 3, 8]
[14, 2, 8]
[14, 7]
[15, 6]
[16, 6]
[18, 7]
