Puzzle number: 132419
width:  45
height:  50
solved_count:  598
AVE_TIME:  '00:21:07'
ave_time_count:  102

top_values
[5, 2, 24]
[3, 8, 22]
[3, 10, 20, 1, 1]
[3, 6, 4, 19, 1, 2, 1, 1]
[3, 5, 4, 17, 1, 1, 1, 1, 1, 1]
[4, 1, 2, 6, 23, 2, 3]
[4, 4, 6, 30]
[5, 11, 13, 15]
[5, 10, 2, 9, 12]
[3, 1, 9, 3, 7, 6]
[3, 8, 9, 2]
[3, 8, 8]
[3, 3, 15]
[1, 3, 4, 1, 1, 1, 2, 3]
[7, 2, 7, 2]
[3, 1, 2, 1, 2, 2]
[4, 2, 4, 3, 2]
[4, 1, 1, 4, 2]
[4, 4, 1, 1]
[4, 2, 6, 2]
[4, 1, 2, 1, 2]
[6, 6, 4]
[2, 1, 5, 1, 4]
[2, 4, 1, 2]
[2, 7, 2, 2]
[1, 1, 5, 1, 2, 2]
[1, 5, 3, 2]
[12, 2, 1]
[4, 6, 3, 2]
[2, 9, 3, 2]
[6, 4, 2, 1]
[6, 6, 1, 1]
[1, 3, 5, 1, 1]
[6, 7, 5]
[6, 4, 4]
[7, 7, 3]
[10, 5]
[5]
[3]
[]
[]
[]
[]
[]
[]

left_values
[9, 7, 12]
[9, 7, 5, 6]
[12, 5, 4, 9]
[8, 2, 6, 2, 8]
[4, 3, 2, 3, 2, 2, 9]
[2, 4, 1, 4, 3, 4]
[1, 3, 3, 6, 2]
[5, 2, 3, 9, 2, 1]
[8, 2, 13, 2]
[7, 3, 5, 10]
[4, 3, 2, 2, 7, 9]
[4, 3, 2, 4, 2, 2, 3, 5]
[3, 6, 2, 1, 1, 1, 1, 3]
[2, 8, 6, 1, 1, 1, 1, 1, 1, 1]
[12, 2, 2, 8, 2]
[13, 1, 2, 6, 1, 1]
[11, 1, 2, 1, 2, 6, 1]
[1, 10, 2, 1, 8, 4]
[2, 1, 5, 1, 4, 9, 4]
[4, 3, 3, 2, 3, 8]
[7, 1, 3, 2]
[16, 3]
[14, 2]
[8, 4, 2]
[9, 6]
[15]
[14]
[13]
[12]
[11]
[10]
[10]
[9]
[8]
[7]
[8]
[8]
[4, 3]
[3, 5]
[2, 4]
[1, 6]
[4]
[6]
[2, 3]
[5]
[7]
[4]
[6]
[6]
[9]
