Puzzle number: 132517
width:  50
height:  50
solved_count:  372
AVE_TIME:  '00:34:25'
ave_time_count:  101

top_values
[1, 4, 2]
[2, 4, 3]
[1, 5, 3]
[2, 1, 2, 4]
[1, 2, 1, 2]
[1, 1, 2, 2]
[1, 1, 1, 3]
[1, 2, 2, 2]
[1, 1, 1, 2]
[1, 2, 2, 1]
[2, 1, 2, 2]
[1, 2, 1, 3]
[1, 1, 1, 2, 3]
[1, 1, 2, 1, 1, 1]
[1, 1, 1, 2, 1, 2]
[1, 1, 1, 1, 3]
[1, 1, 2, 1, 1, 1]
[1, 2, 1, 2, 2]
[1, 2, 1, 1, 2]
[2, 1, 1, 1, 1]
[2, 1, 1, 2, 1]
[7, 1, 1]
[7, 2, 1]
[7, 1, 1]
[9, 2]
[11, 2]
[11, 1]
[12, 2, 1]
[12, 1, 1]
[2, 2, 6, 1, 2]
[2, 2, 6, 1, 2, 1]
[1, 2, 6, 1, 1, 1, 1]
[1, 1, 6, 4, 1, 2]
[1, 1, 1, 9, 2, 2]
[1, 1, 1, 1, 5, 2, 1, 1]
[1, 1, 6, 1, 1, 1, 2, 1]
[1, 6, 1, 7, 2, 1, 1, 1]
[1, 7, 10, 1, 1, 1]
[3, 1, 5, 11, 2, 1, 1]
[4, 3, 12, 1, 2, 2]
[4, 3, 12, 2, 1, 2]
[5, 2, 11, 3, 1, 2]
[2, 3, 1, 11, 2, 1, 2]
[1, 1, 1, 12, 3, 2]
[2, 1, 1, 10, 1, 1, 2]
[2, 9, 1, 1]
[2, 2, 4, 2]
[2, 2, 1, 1]
[2, 1, 1, 1]
[2, 1, 1, 1]

left_values
[30]
[12, 5]
[8, 7]
[18, 3, 2]
[6, 11, 2, 2]
[9, 1, 2]
[8, 2, 2]
[7, 2]
[10, 1]
[8]
[11]
[7]
[6]
[3]
[4]
[7]
[8]
[7]
[11]
[4, 8]
[3, 5]
[2, 4]
[3]
[2]
[]
[]
[]
[3]
[9]
[8]
[7]
[14]
[2, 8]
[6, 11]
[3, 18]
[2, 5, 11]
[3, 9]
[14]
[4, 3, 8]
[4, 4, 4]
[4, 4, 4]
[2, 4, 4, 5]
[3, 4, 4, 5]
[5, 3, 4, 4]
[4, 3, 3, 3, 4]
[3, 3, 3, 5]
[3, 2, 4, 2]
[3, 4, 2, 4]
[9, 6, 4, 6]
[7, 4, 3, 10]
