Puzzle number: 132580
width:  20
height:  35
solved_count:  1182
AVE_TIME:  '00:12:19'
ave_time_count:  146

top_values
[4, 2]
[5, 2]
[6, 2]
[7, 2, 3]
[8, 2, 6]
[9, 3, 7]
[11, 3, 9]
[13, 10]
[14, 11]
[10, 4, 9]
[9, 9]
[7, 9]
[6, 10]
[4, 2, 6]
[3, 2, 5]
[3, 1, 1, 4]
[2, 3, 2, 4]
[2, 4, 3]
[2, 2, 3]
[1, 1, 3]

left_values
[1]
[2]
[3]
[4]
[4]
[5]
[5]
[6]
[6]
[7]
[7]
[8, 2]
[8, 2]
[9, 3]
[11]
[10]
[9, 1]
[6, 2, 1]
[6, 4]
[7, 1]
[7, 1, 1]
[2, 2, 2]
[1, 3]
[1, 2]
[2, 2]
[2, 1]
[7]
[7]
[8]
[10]
[11]
[13]
[17]
[17]
[9, 7]
