Puzzle number: 132697
width:  25
height:  25
solved_count:  2393
AVE_TIME:  '00:03:34'
ave_time_count:  248

top_values
[2]
[2]
[2]
[2]
[2]
[2]
[2, 4]
[2, 4]
[2, 4]
[2]
[2]
[1]
[2, 1]
[1, 9]
[8, 1]
[2, 2]
[8, 6, 5]
[14, 2, 5]
[8, 6, 5]
[2, 2]
[8, 1]
[1, 9]
[2, 1]
[1]
[2]

left_values
[1]
[1]
[1]
[1]
[3]
[3]
[3]
[3]
[3]
[3]
[5]
[9]
[1, 1, 1]
[1, 3, 1]
[1, 1, 1, 1]
[1, 1, 1, 1]
[2, 1, 1, 2]
[25]
[11, 11, 1]
[1, 1]
[3, 1, 3, 1]
[3, 1, 3, 1]
[3, 1, 3, 1]
[3, 1, 3, 1]
[3, 3, 3]
