Puzzle number: 132647
width:  50
height:  50
solved_count:  387
AVE_TIME:  '00:30:04'
ave_time_count:  108

top_values
[25, 7, 7, 4]
[23, 8, 3, 2, 6]
[21, 14, 2, 7]
[19, 13, 2, 9]
[17, 10, 1, 14]
[14, 10, 4, 14]
[8, 18, 15]
[20, 16]
[21, 17]
[4, 22, 17]
[3, 23, 18]
[8, 14, 19]
[10, 10, 20]
[16, 4, 17]
[4, 13, 1]
[7, 14, 2, 5, 1]
[11, 4, 21, 1]
[18, 1, 21, 2]
[16, 2, 13, 3]
[4, 2, 17, 4]
[20, 22, 4]
[19, 23, 5]
[18, 23, 6]
[16, 24, 6]
[15, 25, 7]
[13, 25, 8]
[11, 26, 9]
[8, 27, 10]
[6, 28, 11]
[29, 9]
[1, 30, 7]
[31, 13]
[4, 24, 14]
[5, 22, 15]
[8, 19, 16]
[10, 16, 17]
[12, 14, 18]
[12, 11, 19]
[1, 11, 7, 18]
[4, 11, 4, 16]
[5, 11, 1, 14, 4]
[6, 11, 17]
[1, 8, 8, 5]
[2, 11, 2, 12, 7]
[3, 13, 27]
[4, 13, 25]
[6, 10, 4, 24]
[7, 7, 7, 22]
[8, 4, 10, 20]
[9, 1, 14, 19]

left_values
[7, 1, 5, 8, 1, 4, 2, 8]
[7, 2, 6, 9, 4, 2, 7]
[7, 2, 6, 10, 6, 3, 6]
[7, 1, 6, 10, 6, 4, 5]
[7, 1, 3, 3, 9, 7, 4, 4]
[7, 3, 3, 9, 2, 5, 5, 4]
[7, 3, 4, 9, 2, 5, 4, 3]
[7, 5, 3, 9, 2, 6, 5, 2]
[6, 5, 3, 8, 3, 5, 5, 1]
[6, 6, 3, 7, 4, 6, 6]
[6, 6, 3, 7, 5, 5, 7]
[6, 4, 3, 2, 6, 7, 5, 6]
[6, 3, 3, 2, 6, 7, 5, 7]
[6, 4, 3, 2, 5, 9, 5, 6]
[5, 4, 3, 2, 5, 9, 4, 5]
[5, 5, 3, 2, 4, 11, 4, 4]
[5, 6, 2, 2, 3, 13, 4, 3, 1]
[4, 6, 2, 2, 3, 13, 4, 3, 1]
[4, 8, 2, 1, 2, 15, 3, 1, 2]
[3, 8, 2, 1, 1, 15, 3, 1, 3]
[3, 9, 2, 1, 17, 3, 4]
[2, 10, 2, 1, 18, 3, 4]
[2, 10, 3, 19, 2, 4]
[1, 12, 2, 21, 1, 1, 4]
[1, 12, 1, 22, 2, 3]
[13, 2, 21, 4, 3]
[13, 2, 20, 5, 2]
[13, 3, 19, 5, 2]
[5, 6, 3, 19, 1, 6, 1]
[5, 5, 1, 2, 18, 2, 6, 1]
[4, 4, 2, 2, 17, 3, 6]
[4, 4, 3, 2, 16, 4, 7]
[4, 3, 4, 18, 5, 7]
[1, 2, 2, 6, 17, 7, 7]
[1, 2, 7, 16, 8, 7]
[2, 8, 15, 9, 7]
[3, 10, 14, 10, 6]
[2, 11, 12, 11, 6]
[1, 12, 11, 12, 6]
[3, 10, 10, 14, 6]
[2, 10, 9, 15, 6]
[1, 11, 8, 16, 6]
[1, 12, 7, 15, 1, 6]
[12, 6, 16, 1, 7]
[13, 5, 18, 1, 7]
[13, 3, 9, 8, 1, 7]
[13, 2, 11, 8, 2, 7]
[13, 1, 12, 8, 2, 7]
[13, 12, 7, 2, 7]
[2, 10, 15, 7, 2, 7]
