Puzzle number: 132828
width:  45
height:  20
solved_count:  1292
AVE_TIME:  '00:12:17'
ave_time_count:  136

top_values
[6, 12]
[1, 2, 1]
[1, 2, 1]
[1, 2, 1]
[1, 2, 1]
[1, 2, 1]
[1, 3, 1]
[3, 1]
[4, 1]
[3, 1]
[3, 1]
[3, 1]
[3, 1]
[4, 1]
[5, 1, 1]
[5, 2, 1]
[1, 1, 3, 3, 1]
[1, 2, 3, 1, 2, 1]
[1, 2, 3, 4, 1]
[1, 3, 1, 3, 1]
[1, 4, 4, 1]
[1, 8, 1]
[1, 2, 4, 1]
[1, 3, 3, 1]
[1, 2, 1, 3, 1]
[1, 2, 2, 2, 1]
[1, 1, 2, 1, 2, 1]
[1, 2, 2, 2, 2, 1]
[1, 1, 2, 1, 1, 1]
[1, 2, 1, 2, 1, 1]
[1, 1, 1, 1, 1, 1]
[1, 1, 1, 1, 2, 1]
[1, 1, 1, 5]
[1, 1, 1, 3, 1]
[1, 1, 1, 1]
[1, 1, 2, 1]
[1, 3, 1]
[1, 3, 1]
[1, 2, 1]
[1, 3, 1]
[1, 2, 1]
[1, 3, 1]
[1, 2, 1]
[1, 2, 1]
[20]

left_values
[7, 7, 29]
[1, 9, 1]
[1, 12, 1]
[1, 5, 3, 2, 1]
[1, 4, 3, 2, 4, 1]
[1, 2, 3, 1, 3, 3, 1]
[2, 5, 3, 3, 2, 1]
[1, 2, 1, 2, 2, 7, 1]
[1, 1, 2, 2, 2, 7, 1]
[1, 5, 2, 4, 1]
[1, 3, 2, 4]
[1, 3, 1, 2, 2]
[1, 2, 4, 2, 1]
[1, 9, 3, 1, 1]
[1, 8, 5, 1]
[1, 8, 2, 1]
[1, 11, 1]
[1, 2, 1]
[1, 1, 1]
[32, 12]
