Puzzle number: 13294
width:  50
height:  50
solved_count:  2698
AVE_TIME:  '00:26:27'
ave_time_count:  934

top_values
[19, 14, 4]
[18, 15, 4]
[17, 15, 4]
[16, 16, 3]
[14, 17, 3]
[13, 19, 3]
[4, 4, 19, 3]
[3, 3, 21, 3]
[1, 22, 2]
[1, 23, 2]
[2, 24, 2]
[3, 26, 2]
[4, 26, 2]
[2, 23, 1]
[1, 22, 1]
[2, 22, 1]
[5, 25]
[4, 24]
[4, 23]
[3, 1, 1, 21]
[2, 3, 2, 20]
[1, 4, 5, 19]
[1, 12, 18]
[14, 17]
[16, 16]
[18, 15]
[21, 14]
[24, 13]
[25, 11]
[28, 10]
[29, 8]
[31, 8]
[32, 7]
[34, 5]
[35, 4]
[36, 4]
[37, 2]
[38, 1]
[39]
[40]
[42]
[43]
[44]
[45]
[1, 4, 8]
[]
[1]
[2, 8, 1]
[]
[]

left_values
[4, 14, 15]
[5, 4, 6, 17]
[6, 2, 4, 18]
[6, 1, 3, 19]
[7, 1, 20]
[8, 21, 1]
[8, 23]
[9, 24]
[6, 25]
[6, 24]
[8, 22]
[8, 22]
[8, 1, 23]
[7, 24]
[6, 24]
[4, 2, 23]
[3, 3, 23]
[2, 4, 1, 22, 1]
[1, 6, 2, 21, 1]
[12, 20]
[14, 19]
[16, 18]
[18, 18, 1]
[21, 17, 1]
[22, 17, 1]
[23, 16, 1]
[24, 15, 1]
[25, 15, 1]
[25, 14, 1]
[26, 13, 1]
[27, 14]
[28, 12, 1]
[28, 12]
[29, 12]
[30, 11]
[30, 10]
[31, 8]
[32, 7]
[28, 6]
[26, 6]
[23, 5]
[19, 5]
[14, 4]
[11, 3]
[6, 2]
[3, 1]
[3, 1]
[8]
[13]
[16]
