Puzzle number: 13307
width:  50
height:  50
solved_count:  2142
AVE_TIME:  '00:44:05'
ave_time_count:  681

top_values
[2]
[1]
[2, 1, 2]
[4, 2]
[3, 3, 2]
[2, 2]
[2, 1]
[5, 1, 3]
[2, 1]
[2, 2]
[3, 2, 1, 2]
[2, 7, 2]
[1, 6, 1, 2]
[8, 8]
[1, 4]
[2, 3, 1, 1]
[1, 1, 3, 1, 1, 1]
[2, 3, 5, 3]
[1, 5, 4, 2, 2, 1, 2]
[8, 2, 4, 2, 3, 2]
[11, 4, 2, 3, 1]
[12, 6, 3, 2]
[12, 4, 2, 1, 3, 2]
[12, 7, 4, 1, 2, 1]
[12, 6, 3, 2, 1, 2]
[12, 6, 2, 1, 1, 3]
[13, 8, 2, 3, 1, 2]
[13, 7, 1, 2, 2, 1, 3]
[13, 9, 6, 1, 1, 3]
[13, 9, 3, 2, 2, 3, 1]
[13, 10, 1, 2, 1, 1, 3, 4]
[14, 8, 4, 1, 5, 2]
[14, 8, 2, 2, 4]
[14, 10, 2, 3]
[14, 10, 9, 3, 1]
[15, 13, 1, 1, 2, 5]
[15, 11, 4, 1, 3, 1]
[15, 12, 2, 2, 2, 2, 2]
[16, 11, 1, 2, 1, 3, 6]
[15, 12, 1, 2, 1, 2, 4]
[15, 13, 3, 2, 2, 4]
[16, 12, 5, 4, 5]
[16, 14, 6, 3, 1]
[16, 17, 2, 4, 1]
[16, 16, 1, 1, 7]
[17, 14, 3, 2, 2, 2]
[17, 21, 7]
[18, 18, 2, 2, 2]
[17, 17, 2, 1, 5]
[17, 18, 4, 7]

left_values
[1, 33]
[2, 31]
[31]
[32]
[35]
[2, 33]
[33]
[32]
[30]
[31]
[31]
[9, 29]
[1, 11, 24]
[2, 1, 12, 19]
[2, 1, 1, 18, 15]
[3, 20, 1, 9]
[4, 20, 5]
[4, 1, 19, 1]
[1, 1, 3, 1, 2, 3, 22]
[3, 1, 3, 32]
[1, 1, 1, 1, 4, 2, 24]
[2, 2, 1, 1, 2, 22]
[1, 1, 2, 2, 3, 22]
[1, 2, 7, 1, 20]
[1, 1, 3, 1, 2, 2, 1, 3, 17]
[1, 2, 1, 1, 2, 2, 19]
[1, 1, 1, 2, 6, 15]
[1, 6, 1, 1, 2, 13]
[1, 2, 5, 2, 4, 11]
[1, 5, 1, 1, 1, 10]
[2, 1, 1, 2, 2, 8]
[1, 2, 2, 1, 5, 9]
[1, 1, 2, 3, 1, 7]
[4, 1, 2, 2, 2, 4]
[2, 2, 2, 4, 5]
[1, 3, 3, 5]
[2, 3, 1, 3, 1]
[1, 3, 3, 1, 3, 1]
[3, 3, 1, 1, 4, 2, 1]
[2, 3, 6, 3, 1]
[2, 4, 3, 1, 1, 3]
[5, 1, 2, 2, 2]
[2, 3, 2, 1, 1, 2]
[1, 2, 2, 8]
[1, 2, 1, 6, 1]
[1, 1, 4, 2, 1, 2]
[2, 5, 2, 4]
[3, 1, 6, 6]
[9, 2]
[2]
