Puzzle number: 133265
width:  40
height:  50
solved_count:  168
AVE_TIME:  '00:25:48'
ave_time_count:  100

top_values
[6, 16, 6]
[6, 2, 5]
[5, 3, 2, 5]
[5, 4, 7]
[5, 2, 6]
[5, 8, 6]
[5, 12, 5]
[4, 8, 10, 4]
[4, 10, 8, 4]
[4, 2, 2, 1, 8, 3]
[2, 2, 1, 7, 3, 1]
[2, 2, 1, 7, 3, 1]
[8, 2, 1, 6, 3, 1]
[8, 2, 1, 2, 7, 1]
[2, 1, 3, 4, 1]
[2, 1, 4, 3, 1]
[8, 2, 1, 5, 3, 1]
[8, 2, 1, 4, 2, 1]
[2, 2, 1, 2, 2, 1]
[2, 2, 1, 3, 2, 2]
[4, 2, 2, 1, 2, 2, 1]
[4, 2, 2, 1, 4, 1]
[2, 2, 2, 1, 2, 1]
[2, 2, 2, 1, 3, 2]
[2, 2, 2, 1, 2, 1]
[2, 2, 2, 1, 1, 2]
[2, 2, 2, 1]
[2, 2, 2, 1]
[4, 2, 2, 1]
[4, 2, 2, 1]
[2, 2, 1]
[2, 2, 1]
[8, 2, 1]
[8, 2, 1]
[2, 1]
[2, 1]
[8, 2, 1]
[8, 2, 1]
[2, 2, 1]
[2, 2, 1]

left_values
[1, 2, 2, 2, 2, 2, 2, 2]
[1, 2, 2, 2, 2, 2, 2, 2]
[2, 2, 2, 2, 10, 2, 2]
[2, 3, 2, 2, 10, 2, 2]
[2, 1, 2, 2, 2, 2]
[3, 1, 2, 2, 2, 2]
[2, 7, 18, 4]
[3, 6, 18, 4]
[2, 1]
[3, 1]
[2, 32]
[3, 32]
[2, 1]
[3, 32]
[2, 1]
[4]
[2]
[2]
[1]
[1, 1, 1]
[1, 1, 1]
[1, 2, 1]
[1, 1, 2]
[1, 1, 1]
[1, 1, 1]
[1, 3]
[1, 3]
[1, 3]
[1, 4]
[1, 6]
[1, 6]
[1, 7]
[1, 10]
[1, 11]
[2, 6, 4]
[2, 6, 3]
[2, 5, 5]
[3, 4, 5]
[7, 2, 3]
[17, 1]
[24]
[25]
[9, 3]
[1]
[]
[1]
[1]
[2]
[5]
[10]
