Puzzle number: 133630
width:  50
height:  30
solved_count:  5
AVE_TIME:  '00:50:12'
ave_time_count:  5

top_values
[1, 1, 1, 1, 1, 1, 1]
[1, 1, 1, 4, 1, 1, 3]
[1, 1, 1, 12, 1, 1]
[1, 3, 1, 1, 1, 1, 8, 1]
[1, 8, 1, 6, 1]
[1, 1, 1, 4, 1, 1, 5, 1]
[1, 1, 2, 1, 4, 1, 5, 1]
[1, 1, 1, 1, 1, 1, 1, 9, 1, 1]
[5, 1, 1, 8, 1]
[1, 2, 1, 7, 1]
[1, 7, 1, 1]
[1, 2, 8, 1]
[1, 1, 4, 1, 1, 4, 1, 1]
[1, 2, 1, 1, 1, 1, 4, 1]
[1, 2, 1, 1, 1, 1, 3, 1, 1]
[1, 1, 1, 1, 1, 3]
[1, 5, 1, 3]
[1, 4, 1, 1]
[1, 1, 2, 1]
[4, 1]
[1, 1, 2, 1]
[1, 1, 1]
[1, 1, 1, 1, 1, 1, 1, 1]
[1, 1, 1, 5, 1, 1, 1, 1]
[1, 4, 1, 2, 1, 1, 1, 1]
[1, 2, 1, 6]
[1, 1, 1, 1, 1, 1]
[1, 1, 1, 4]
[8]
[8]
[7, 1]
[5, 1, 1, 2, 1]
[1, 4, 1, 1, 1, 1, 1, 1]
[1, 5, 1, 1, 3, 1]
[1, 5]
[1, 1, 1]
[6]
[2, 1, 6]
[2, 1, 6]
[4, 1, 3, 1, 1, 1]
[1, 3, 1, 8]
[1, 1, 1, 1, 8, 1]
[1, 1, 8, 1, 1, 1, 1, 1]
[3, 1, 2, 1, 1, 1, 1, 1, 2, 1]
[1, 1, 4, 1, 1, 1, 1, 1, 3, 1]
[2, 1, 1, 1, 2, 2, 2]
[1, 4, 1, 1, 1, 1, 3, 1, 1, 1, 1, 1]
[1, 2, 1, 5, 1]
[2]
[1, 1]

left_values
[1, 1]
[2]
[1, 1, 1, 1, 1, 2, 1]
[1, 2, 1, 1, 1]
[2, 1, 2]
[2, 1, 1, 1, 1, 1]
[1, 1, 4, 1, 2]
[2, 1, 1, 1, 1, 1, 1, 1, 1, 1, 1]
[1, 2, 1, 1, 1, 1, 1, 4, 1]
[2, 1, 2, 1, 1, 2, 1, 1, 3, 1]
[2, 3, 1, 1, 1, 1, 2, 1, 1, 1]
[1, 1, 1, 3, 1, 1, 2, 1, 1, 1, 1, 1, 1, 1]
[2, 4, 1, 3, 1, 3, 1]
[2, 1, 1, 7, 1, 1, 1, 2, 1, 1, 4, 1, 1, 4, 1]
[3, 1, 1, 6, 1, 1, 1, 1, 1, 1, 1, 5, 1, 1, 3, 1]
[10, 1, 1, 1, 1, 2, 6, 1, 1, 3, 3, 1]
[10, 1, 1, 1, 1, 1, 1, 2, 1, 1, 15, 1, 1, 5]
[11, 1, 1, 10, 1, 1, 8, 8, 1, 1, 2, 1]
[1, 12, 1, 1, 2, 1, 1, 1, 1, 1, 1, 4, 1, 1, 2, 8]
[14, 5, 3, 1, 4, 1, 3, 3, 1, 3, 1]
[1, 1, 1, 4, 1, 1, 4, 7, 1, 1, 1, 1, 1, 3, 6, 1]
[2, 1, 1, 4, 1, 1, 1, 1, 1, 1, 1, 1, 3, 1, 2, 1, 1, 2, 1]
[1, 4, 1, 1, 2, 1, 1, 1, 1, 1, 1, 1, 1, 1, 3, 1, 1, 1]
[1, 14, 1, 1, 1, 1, 1, 1, 1, 1, 1]
[1, 2, 1, 1, 1, 1]
[1, 1, 1, 1, 1, 1]
[1, 1, 1, 1, 2, 1]
[1, 1, 1, 1]
[1, 1]
[1, 1]
