Puzzle number: 133795
width:  30
height:  40
solved_count:  1636
AVE_TIME:  '00:07:50'
ave_time_count:  146

top_values
[2, 2, 3, 4, 2, 2, 4, 2, 4]
[2, 5, 11, 3, 7, 5]
[3, 8, 7, 13, 3]
[1, 5, 7, 6, 11, 1]
[3, 3, 16, 10, 1]
[5, 3, 1, 1, 16, 8]
[3, 2, 4, 9, 9, 3, 3]
[3, 2, 3, 18, 1, 2]
[4, 4, 4, 20, 1]
[3, 4, 4, 7, 12]
[6, 2, 3, 5, 4, 6, 2]
[6, 7, 4, 12]
[15, 3, 11]
[29]
[16, 9]
[10, 4, 5]
[19]
[15]
[]
[]
[]
[]
[]
[]
[]
[]
[]
[]
[]
[]

left_values
[1, 4]
[2, 4]
[2, 5]
[2, 1, 2]
[4, 2, 2]
[2, 1, 1, 3]
[4, 1, 2]
[5, 2, 2]
[3, 3, 1, 3]
[1, 2, 2, 5]
[5, 1, 5]
[7, 1, 3]
[5, 3, 3]
[9, 1, 3]
[2, 2, 1, 7]
[7, 2, 5]
[2, 4, 7]
[2, 4, 7]
[9, 6]
[10, 5]
[15]
[1, 9, 5]
[2, 3, 10]
[11, 5]
[2, 8, 5]
[1, 8, 4, 2]
[1, 2, 4, 1, 3, 2]
[4, 4, 1, 6]
[12, 5]
[13, 3]
[10, 3, 3]
[5, 9, 2]
[5, 8, 2]
[15, 2]
[1, 5, 7, 2]
[7, 10]
[2, 2, 11]
[2, 3, 2, 7]
[3, 3, 8]
[2, 13]
