Puzzle number: 133717
width:  25
height:  45
solved_count:  2139
AVE_TIME:  '00:03:10'
ave_time_count:  448

top_values
[20]
[21]
[21]
[4]
[5]
[5]
[6]
[38]
[38]
[38]
[5, 5, 3, 6]
[5, 5, 3, 6]
[5, 5, 3, 7]
[5, 5, 3, 7]
[5, 5, 3, 7]
[5, 5, 3, 7]
[5, 5, 3, 24]
[5, 5, 3, 24]
[5, 5, 3, 24]
[5, 5, 3, 6]
[5, 5, 3, 6]
[5, 5, 3, 5]
[40]
[40]
[40]

left_values
[18]
[18]
[18]
[18]
[18]
[3, 3]
[3, 3]
[18]
[18]
[18]
[18]
[18]
[3, 3]
[3, 3]
[3, 3]
[18]
[18]
[18]
[3, 3]
[3, 3]
[3, 3]
[19]
[21]
[24]
[25]
[25]
[21, 3]
[3, 3, 7, 3]
[3, 3, 3, 3]
[3, 3, 3, 3]
[3, 3, 3, 3]
[3, 3, 3, 3]
[3, 3, 3, 3]
[3, 3, 3, 3]
[3, 3, 3, 3]
[3, 3, 3, 3]
[3, 3, 3, 3]
[3, 3, 3, 3]
[3, 3, 3]
[3, 3, 3]
[3, 3]
[3, 3]
[3, 3]
[3, 3]
[3]
