Puzzle number: 133860
width:  30
height:  40
solved_count:  1287
AVE_TIME:  '00:11:32'
ave_time_count:  100

top_values
[5]
[3, 3]
[1, 3]
[3, 15]
[4, 6, 6]
[4, 7, 1, 4]
[9, 3]
[9, 2]
[7]
[7]
[10, 5]
[9, 3, 3]
[8, 4, 7, 3]
[5, 3, 3, 2, 3]
[4, 3, 6, 1, 1, 2, 1]
[3, 2, 3, 14, 1, 2]
[3, 5, 4, 1, 4, 2]
[2, 2, 3, 2, 12, 4, 3]
[4, 5, 2, 7, 13]
[3, 3, 2, 3, 6, 12]
[2, 3, 5, 1, 15, 5]
[5, 7, 1, 18]
[4, 7, 2, 14]
[2, 2, 1, 3, 13]
[24]
[4, 16]
[2, 3, 1, 10]
[18]
[16]
[14]

left_values
[2, 22]
[1, 23]
[2, 11, 2, 2, 2, 3]
[1, 11, 2, 3, 6]
[14, 2, 3, 2, 4]
[13, 2, 3, 8]
[13, 3, 2, 1, 2, 3]
[2, 3, 1, 1, 1, 8]
[2, 2, 2, 1, 1, 1, 1, 2, 3]
[2, 1, 2, 2, 6, 3]
[2, 2, 1, 1, 11]
[1, 1, 3, 11]
[1, 2, 3, 1, 2, 6]
[2, 1, 2, 1, 1, 1, 7]
[2, 1, 2, 2, 1, 8]
[3, 1, 4, 1, 10]
[3, 3, 3, 2, 5]
[2, 2, 3, 2, 1, 6]
[3, 1, 3, 1, 2, 6]
[1, 1, 4, 2, 1, 5]
[1, 2, 1, 4, 4]
[1, 1, 1, 4, 3]
[1, 2, 8]
[1, 1, 1, 6]
[1, 1, 1, 1, 5]
[1, 1, 1, 7]
[1, 2, 1, 2, 3]
[1, 1, 1, 2, 3]
[1, 10]
[1, 1, 7]
[1, 1, 5]
[2, 8]
[1, 5]
[1, 5]
[1, 1, 3, 1]
[1, 2, 4]
[2, 6]
[1, 5]
[1, 1, 3]
[1, 3]
