Puzzle number: 134446
width:  30
height:  25
solved_count:  1620
AVE_TIME:  '00:17:16'
ave_time_count:  215

top_values
[1]
[6, 1]
[6, 2, 2]
[3, 3, 4, 2]
[2, 3, 2, 2, 1]
[2, 1, 3, 1, 3]
[1, 5, 3, 1]
[2, 3, 5, 2, 1]
[2, 1, 5, 3, 3]
[2, 10, 2]
[2, 2, 3, 3, 1]
[3, 1, 1, 2, 1]
[2, 2, 3, 3, 1]
[2, 2, 1, 1, 2, 1]
[2, 2, 2, 3, 1]
[2, 2, 2, 1, 2]
[2, 2, 1, 2, 1]
[3, 1, 2, 2, 2, 1]
[5, 3, 4, 2, 1]
[2, 10, 2, 3, 1]
[2, 7, 2, 1]
[2, 2, 2, 2]
[1, 2, 2, 2, 3]
[1, 2, 4, 1]
[1, 3, 3, 1]
[2, 5, 3, 3]
[2, 5, 7]
[2, 2, 2, 2]
[7, 2]
[1]

left_values
[4, 6]
[2, 3, 3, 2]
[2, 2, 2, 2]
[2, 2, 3, 2, 2]
[2, 3, 8, 5, 1]
[1, 7, 10, 1]
[2, 2, 2, 3, 3, 1]
[2, 2, 2, 2, 2, 1]
[2, 3, 2, 2, 2, 1]
[1, 3, 2, 2, 3]
[4, 2, 2, 2]
[3, 3, 5, 3]
[11]
[3, 3]
[3, 2, 2, 4]
[3, 1, 2, 2, 3]
[2, 2, 1, 2, 2]
[4, 1, 2, 3, 4]
[2, 1, 1, 2, 5]
[1, 3, 1, 1, 2]
[1, 9, 2]
[2, 1, 3, 4, 2]
[2, 2, 1, 2]
[2, 1, 2, 1, 2, 4]
[30]
