Puzzle number: 134453
width:  50
height:  30
solved_count:  715
AVE_TIME:  '00:25:46'
ave_time_count:  132

top_values
[2]
[8]
[2, 1, 1, 4]
[9, 4]
[5, 6, 4]
[3, 6, 3]
[3, 5, 4, 3]
[10, 4, 2]
[12, 3, 3]
[13, 4, 2]
[19, 2]
[15, 3, 2]
[15, 3, 2]
[20, 2]
[16, 3, 2]
[19, 2]
[17, 2, 2]
[20, 2]
[19, 3]
[6, 13, 2]
[7, 15]
[6, 1, 11, 2]
[7, 1, 13]
[5, 1, 9, 3]
[7, 1, 13]
[8, 13]
[19, 2]
[5, 2, 13]
[5, 1, 14]
[5, 2, 12]
[6, 1, 7, 4]
[8, 7, 3]
[16, 4]
[7, 7, 3]
[4, 9, 4]
[5, 1, 7, 3]
[7, 7, 4]
[14, 3]
[6, 12]
[18]
[18]
[17]
[16]
[16]
[11, 3]
[13]
[8, 3]
[6, 3]
[3, 2]
[2]

left_values
[10]
[16]
[21]
[25]
[28]
[15, 13]
[18, 3, 9, 1]
[14, 5, 11, 1]
[17, 2, 2, 13, 1]
[15, 4, 2, 14, 2]
[15, 2, 4, 17]
[14, 2, 1, 1, 16, 3]
[16, 1, 21]
[2, 15, 22]
[2, 31, 7]
[3, 29, 6]
[3, 27, 6]
[1, 1, 25, 7]
[4, 24, 7]
[1, 3, 30]
[6, 27]
[2, 4, 24]
[7, 16, 4]
[2, 7, 1, 1, 6, 5]
[3, 16, 6]
[3, 11, 6]
[4, 6, 6]
[6, 6]
[15]
[7]
