Puzzle number: 134459
width:  20
height:  25
solved_count:  1222
AVE_TIME:  '00:11:52'
ave_time_count:  179

top_values
[1]
[1, 6]
[2, 8]
[4, 7]
[2, 5, 7, 1]
[9, 5, 1]
[5, 4, 6, 2]
[3, 5, 5, 2]
[6, 8]
[6, 2, 1]
[6, 4, 3]
[5, 11]
[6, 4, 1]
[5, 3, 1]
[4, 2]
[3, 1]
[2, 1]
[1, 1]
[1]
[1]

left_values
[3]
[5]
[4, 3]
[6]
[4]
[1, 2]
[2, 5]
[2, 7]
[3, 8]
[4, 8]
[4, 8]
[6, 8]
[5, 8]
[6, 6]
[9, 2]
[14]
[3, 5]
[2, 4]
[1, 2]
[1, 1]
[3, 1]
[4, 2]
[5]
[2]
[1]
