Puzzle number: 134461
width:  20
height:  20
solved_count:  1838
AVE_TIME:  '00:09:16'
ave_time_count:  337

top_values
[3]
[2, 1]
[2, 1]
[7]
[7]
[1, 3, 2]
[1, 2, 2]
[1, 2, 3]
[11, 4]
[7, 6, 1]
[1, 3, 2, 1]
[2, 2, 2, 1]
[2, 3, 10]
[10]
[1, 2, 1]
[1, 1, 1]
[1, 4]
[6]
[5]
[3]

left_values
[3]
[2, 2]
[3, 2]
[1, 3, 1]
[3, 7]
[4, 7, 1]
[10, 2, 3]
[1, 4, 1, 2, 3]
[1, 3, 1, 7]
[4, 3, 2, 4]
[11, 3]
[13]
[1, 1]
[1, 1]
[1, 1]
[1, 1]
[1, 1]
[1, 1]
[1, 1]
[3]
