Puzzle number: 134672
width:  50
height:  50
solved_count:  328
AVE_TIME:  '00:36:20'
ave_time_count:  111

top_values
[1, 2, 1, 1, 2, 2, 1, 1, 2, 3]
[2, 3, 1, 2, 2, 2, 1, 2, 2, 4]
[7, 2, 1, 1, 2, 1, 2, 2, 3]
[6, 1, 3, 2, 2, 2, 2, 1]
[5, 1, 2, 1, 1, 1, 3, 2]
[4, 2, 2, 2, 2, 1, 1, 1, 3]
[4, 2, 1, 1, 2, 2, 1, 2, 3]
[5, 3, 2, 1, 1, 1, 1, 1, 3]
[4, 6, 2, 2, 2, 2, 2, 2]
[4, 3, 1, 1, 2, 2, 3, 1, 2]
[4, 6, 2, 2, 2, 2, 1, 1, 4, 2]
[4, 5, 1, 2, 3, 1, 2, 10]
[3, 4, 2, 2, 2, 16]
[3, 3, 4, 25]
[2, 3, 3, 26]
[2, 4, 5, 27]
[1, 42]
[1, 42]
[42]
[1, 42]
[1, 42]
[2, 38, 2]
[3, 37]
[5, 12, 25]
[19, 25]
[19, 7, 12]
[19, 6, 11]
[18, 6, 1, 7]
[18, 6, 2, 2, 2]
[4, 10, 7, 1, 2, 2]
[3, 8, 7, 1, 2, 3]
[2, 6, 8, 1, 2, 4]
[3, 6, 8, 2, 2, 4]
[5, 6, 9, 5, 3, 4]
[6, 5, 16, 10]
[7, 5, 27]
[8, 6, 26]
[15, 25]
[14, 24]
[5, 5, 23]
[2, 2, 21]
[21]
[18]
[15]
[2, 3]
[]
[]
[]
[]
[]

left_values
[5, 11, 10, 4]
[15, 8, 6]
[12, 7, 8]
[10, 18]
[6, 18]
[3, 7, 7]
[2, 6, 5]
[2, 6, 3]
[1, 20, 2]
[22, 3]
[24, 4]
[7, 26]
[4, 2, 25]
[4, 3, 24]
[3, 2, 23]
[3, 22]
[2, 19]
[2, 19]
[3, 17]
[2, 3, 3, 10]
[4, 2, 9]
[2, 16]
[2, 19]
[2, 21]
[2, 2, 23]
[2, 3, 25]
[1, 2, 27]
[4, 15, 11]
[4, 1, 12, 9]
[2, 2, 12, 12]
[2, 12, 12]
[2, 12, 11]
[3, 12, 11]
[4, 13, 16]
[4, 19, 12]
[2, 15, 11]
[2, 15, 11]
[27, 10]
[4, 17, 10]
[3, 20, 10]
[3, 34]
[1, 20, 12]
[3, 17, 11]
[7, 18, 10]
[26, 9]
[1, 17, 3, 9]
[2, 11, 14]
[3, 10, 12]
[2, 12, 11]
[3, 12, 11]
