Puzzle number: 134615
width:  40
height:  50
solved_count:  538
AVE_TIME:  '00:26:45'
ave_time_count:  129

top_values
[2, 1, 3, 9, 2, 1, 1, 6]
[2, 1, 5, 4, 2, 2, 3, 1, 1, 6]
[2, 1, 1, 1, 1, 5, 2, 4, 2, 7]
[2, 2, 5, 5, 6, 3, 8]
[3, 2, 1, 4, 1, 3, 3, 9]
[3, 7, 4, 2, 1, 2, 3, 12]
[4, 4, 1, 3, 2, 17]
[5, 5, 4, 6, 19]
[6, 6, 5, 2, 4, 18]
[15, 3, 2, 2, 18]
[16, 1, 1, 1, 17]
[16, 1, 2, 1, 17]
[16, 1, 1, 2, 14]
[18, 1, 1, 11]
[3, 10, 2, 1, 11]
[1, 9, 2, 2, 10]
[8, 3, 2, 9]
[9, 4, 2, 9]
[6, 10, 8, 8]
[7, 10, 7, 8]
[20, 1, 7]
[21, 1, 7, 2]
[21, 12]
[23, 12]
[25, 12]
[26, 13]
[28, 15]
[7, 18, 2, 12]
[7, 7, 13, 12]
[6, 6, 9, 12]
[6, 7, 10, 12]
[6, 7, 11, 12]
[6, 8, 9, 13]
[6, 9, 24]
[6, 9, 24]
[5, 12, 24]
[5, 14, 21, 1]
[3, 14, 21, 1]
[3, 15, 19]
[2, 17, 20, 2]

left_values
[16, 22]
[15, 22]
[11, 21]
[8, 19]
[7, 19]
[6, 17]
[4, 5, 10]
[2, 5, 7, 1]
[2, 6, 7, 2]
[3, 1, 8, 7, 8]
[1, 1, 1, 20, 10]
[3, 1, 33]
[1, 1, 1, 33]
[3, 1, 33]
[2, 33]
[4, 30]
[10, 27]
[29, 7]
[9, 11, 5]
[7, 4, 10, 5]
[1, 4, 3, 7, 5]
[1, 2, 1, 3, 9, 4]
[2, 1, 1, 3, 9, 4]
[2, 2, 2, 8, 1]
[1, 1, 3, 9]
[1, 2, 2, 8]
[3, 3, 2, 14]
[9, 2, 14]
[1, 1, 2, 3, 13]
[2, 2, 4, 12]
[6, 4, 2, 2, 1, 10]
[8, 4, 1, 1, 9]
[5, 3, 1, 8]
[7, 1, 7]
[10, 1, 7]
[12, 2, 7]
[15, 1, 7]
[2, 14, 2, 8]
[4, 35]
[1, 35]
[2, 35]
[36]
[37]
[38]
[40]
[13, 16, 1]
[13, 16]
[12, 14, 1]
[12, 15, 1]
[12, 17]
