Puzzle number: 13471
width:  50
height:  50
solved_count:  1815
AVE_TIME:  '00:41:08'
ave_time_count:  673

top_values
[8, 14, 3, 4, 6, 1]
[8, 14, 12, 7, 1]
[8, 15, 1, 9, 1]
[8, 15, 1, 3, 9, 1]
[8, 15, 3, 9, 1]
[8, 14, 5, 11, 1]
[7, 14, 23, 1]
[7, 14, 23, 1]
[7, 1, 33, 3, 1]
[7, 2, 21, 11]
[7, 27, 13]
[7, 27, 12]
[27, 12, 1]
[3, 28, 12, 1]
[5, 9, 1, 14, 12, 1]
[5, 9, 3, 11, 12, 1]
[5, 9, 1, 3, 8, 12, 1]
[5, 10, 9, 3, 12, 1]
[5, 10, 13, 9, 1, 1]
[5, 9, 18, 5, 1]
[5, 9, 5, 5, 4, 5, 1, 4, 1]
[4, 9, 2, 2, 2, 2, 2, 6, 1, 4, 1]
[4, 4, 1, 1, 1, 1, 2, 2, 1, 3, 1, 3]
[3, 7, 4, 1, 9, 2, 1, 3]
[2, 1, 8, 4, 1, 14, 4, 6]
[1, 1, 9, 2, 2, 1, 7, 10, 7]
[1, 2, 8, 1, 2, 6, 2, 5, 8]
[1, 8, 7, 1, 6, 3, 4, 8]
[3, 8, 3, 1, 1, 1, 5, 3, 4, 8]
[4, 8, 5, 1, 3, 2, 2, 3, 8]
[4, 7, 2, 1, 1, 3, 2, 2, 2, 2, 2, 9]
[3, 7, 2, 2, 2, 1, 2, 2, 2, 3, 9]
[3, 6, 6, 1, 4, 2, 4, 2, 10]
[3, 6, 1, 4, 1, 1, 3, 1, 5, 10]
[6, 1, 3, 2, 3, 3, 3, 10]
[3, 8, 1, 3, 3, 4, 3, 10]
[3, 9, 6, 12, 8]
[2, 19, 7, 7]
[2, 23, 3, 6, 2]
[2, 28, 2, 6, 4]
[3, 30, 1, 6, 4]
[3, 30, 6, 4]
[3, 31, 7, 4]
[3, 39, 2]
[3, 38, 2, 2]
[3, 37, 1, 1, 3]
[3, 37, 1, 1, 3]
[3, 36, 1, 1, 3]
[36, 1, 1, 3]
[3, 36, 1, 1, 2]

left_values
[12, 21, 13, 1]
[12, 12, 6, 13, 1]
[12, 11, 1, 6, 2, 8, 1]
[12, 9, 2, 2]
[12, 7, 1, 15]
[12, 25]
[12, 5, 26]
[6, 9, 27]
[14, 27]
[5, 13, 27]
[9, 12, 27]
[9, 12, 9, 15]
[9, 12, 7, 2, 14]
[9, 12, 3, 3, 2, 13]
[22, 7, 14]
[19, 6, 2, 14]
[14, 6, 3, 2, 14]
[14, 2, 7, 1, 1, 4, 14]
[14, 1, 4, 10, 1, 14]
[16, 4, 2, 3, 2, 14]
[14, 5, 4, 13]
[15, 4, 4, 1, 2, 13]
[15, 6, 9, 13]
[13, 9, 2, 1, 12]
[8, 4, 10, 12]
[13, 12, 4, 12]
[2, 12, 5, 14, 12]
[2, 13, 2, 15, 11]
[3, 12, 2, 6, 1, 11]
[1, 12, 10, 3, 4, 11]
[1, 1, 11, 6, 3, 4, 11]
[1, 1, 11, 2, 2, 4, 11]
[1, 1, 12, 4, 2, 7, 4, 10]
[1, 12, 1, 2, 9, 3, 10]
[1, 12, 2, 6, 2, 3, 8]
[2, 3, 6, 1, 6, 2, 7]
[2, 3, 8, 2, 3, 1, 4, 1, 8]
[2, 14, 2, 1, 5, 6, 9]
[1, 14, 2, 10, 11]
[17, 11, 14]
[17, 8, 15]
[18, 4, 15]
[19, 2, 18]
[8, 11, 1, 16, 5]
[8, 13, 15, 1]
[23, 14, 10]
[18, 4, 13, 6]
[23, 12, 4, 4]
[1, 12, 4, 6]
[9, 10, 12, 2, 6]
