Puzzle number: 134918
width:  50
height:  50
solved_count:  300
AVE_TIME:  '00:15:16'
ave_time_count:  103

top_values
[1, 2, 4, 1, 1, 1, 6, 3]
[2, 8, 6, 2, 2, 1]
[1, 1, 1, 2, 3, 8, 3]
[1, 1, 1, 2, 1, 1, 8, 3]
[1, 1, 2, 1, 1, 10, 4]
[1, 1, 4, 2, 1, 7, 4]
[1, 5, 1, 9, 5]
[1, 2, 1, 2, 8, 4]
[1, 3, 1, 2, 7, 4]
[2, 4, 1, 2, 5, 3]
[9, 3, 2, 3]
[2, 1, 4, 5, 4]
[2, 6, 4]
[1, 3, 6, 4]
[5, 4, 5, 1, 4]
[6, 6, 1, 4]
[2, 9, 2, 4]
[11, 3, 4]
[9, 2, 4]
[9, 1, 3]
[11, 3]
[5, 5]
[4, 5]
[5, 3]
[4, 3]
[8]
[4]
[3]
[4]
[4]
[4]
[3]
[2]
[]
[]
[]
[]
[]
[1]
[1]
[1]
[]
[]
[]
[]
[]
[]
[]
[]
[]

left_values
[2]
[1]
[1]
[1]
[2]
[1]
[1]
[1]
[1]
[3]
[1, 2]
[1, 2]
[2, 3]
[1, 4]
[2, 4]
[2, 5]
[3, 6]
[10, 7]
[2, 11]
[3, 3, 9]
[2, 1, 11, 2]
[2, 1, 8, 2]
[1, 1, 1, 9, 1]
[1, 3, 3, 3, 1]
[3, 6, 4]
[2, 1, 2, 1]
[6, 1]
[3, 1]
[2]
[1]
[2, 1]
[5, 1]
[3, 3, 2]
[4, 2, 1]
[2, 3, 2, 1]
[4, 2, 2, 2]
[1, 7, 2, 1]
[1, 10, 1]
[10, 1, 1]
[10, 1, 2]
[1, 10, 1]
[11, 1]
[8, 2]
[2, 1]
[3, 4, 3, 1]
[1, 12, 5, 1]
[1, 8, 12, 2, 3]
[6, 7, 11]
[5, 6, 12]
[1, 4, 11, 3]
