Puzzle number: 13504
width:  50
height:  50
solved_count:  1698
AVE_TIME:  '00:50:36'
ave_time_count:  603

top_values
[2, 2, 2, 3, 2, 1, 1, 2]
[2, 2, 2, 1, 1, 2, 1]
[2, 2, 2, 2, 2, 2, 1]
[2, 2, 3, 2, 2, 2, 1, 1]
[1, 1, 2, 4, 1, 2, 1, 1, 1]
[1, 1, 2, 7, 1, 1, 2, 1, 1]
[2, 8, 2, 1, 2, 1, 1]
[2, 6, 6, 2, 1, 1, 1]
[3, 4, 7, 2, 1, 1, 2]
[3, 3, 3, 1, 1, 2, 1, 1]
[2, 3, 3, 1, 1, 1, 1, 1]
[4, 3, 1, 1, 2, 1, 1, 1]
[11, 2, 2, 2, 2, 1, 2, 2]
[15, 3, 3, 2, 4, 2, 2]
[1, 9, 3, 3, 2, 4, 1, 1]
[7, 4, 3, 14]
[5, 4, 20]
[2, 10, 18]
[11, 15]
[12, 11]
[1, 7, 8, 4]
[7, 15]
[2, 7, 15]
[2, 3, 9]
[3, 3]
[5, 5, 3]
[3, 2, 8]
[2, 10]
[6, 2, 5, 10]
[3, 5, 15]
[3, 10, 10]
[3, 5]
[2, 3, 9]
[1, 3, 20]
[3, 2, 10]
[3, 3]
[4, 3]
[4, 3]
[4, 3]
[10]
[4, 2, 7]
[12, 2, 3]
[18, 2, 3]
[4, 18, 3, 4]
[29, 3]
[25, 3]
[8, 4, 7, 3]
[9, 6, 3]
[10, 5, 4, 4]
[12, 3, 10]

left_values
[4, 3, 1, 1, 1, 2, 1, 1, 2, 4, 1]
[4, 3, 1, 1, 2, 1, 1, 1, 5, 1]
[2, 2, 3, 2, 1, 1, 5, 1]
[5, 1, 1, 5, 2]
[6, 1, 1, 2, 1, 2]
[3, 2, 1, 4, 2]
[4, 2, 4, 2]
[4, 2, 7]
[4, 2, 5, 1]
[3, 3, 5, 1]
[1, 3, 5, 2]
[2, 5, 2]
[3, 4, 1]
[3, 4, 2]
[3, 4, 2]
[2, 4, 2]
[3, 4, 2]
[3, 4, 2]
[4, 4, 2]
[1, 3, 3, 4, 2]
[1, 5, 5, 4, 1]
[6, 6, 2, 2, 4, 1]
[17, 2, 3, 1]
[5, 14, 1, 2, 2]
[3, 8, 6, 3, 2]
[3, 8, 12, 5]
[3, 33]
[2, 2, 3, 29]
[3, 5, 3, 7, 4, 5, 1]
[2, 2, 3, 2, 2, 3, 3, 5]
[2, 2, 3, 2, 2, 4, 2, 5]
[2, 2, 2, 3, 2, 6, 2, 1, 2]
[3, 1, 2, 2, 2, 10, 2]
[3, 2, 2, 2, 2, 3, 7, 1]
[6, 2, 2, 2, 1, 2, 7, 1]
[5, 2, 3, 3, 2, 2, 7, 1]
[1, 2, 7, 2, 2, 2, 8]
[13, 2, 2, 2, 7]
[6, 4, 2, 2, 1, 4]
[4, 9, 2, 2, 1, 2]
[1, 13, 2, 3, 2]
[7, 7, 3, 2, 2]
[5, 11, 3, 2, 2]
[5, 5, 3, 2, 2]
[6, 8, 3, 2, 2]
[4, 6, 5, 3, 2, 2]
[4, 6, 2, 2, 2]
[4, 9, 2, 2, 2]
[1, 6, 6, 2, 2, 2]
[6, 6, 2, 2, 2]
