Puzzle number: 135164
width:  20
height:  30
solved_count:  1420
AVE_TIME:  '00:18:37'
ave_time_count:  308

top_values
[6, 2]
[6, 6, 3]
[18, 4]
[2, 24]
[1, 7, 9, 3]
[1, 6, 1, 6, 2]
[1, 4, 2, 3, 1]
[1, 4, 3, 6]
[1, 5, 1, 2, 2]
[1, 6, 3, 3, 1, 2]
[4, 1, 1, 2, 2, 2]
[5, 1, 4, 2, 1]
[5, 3, 1, 1, 1]
[1, 6, 1, 1, 1, 1]
[1, 6, 1, 1, 1]
[7, 3, 2, 1, 1]
[7, 1, 1, 1, 2]
[6, 1, 1, 2, 3]
[4, 7, 2]
[11, 1]

left_values
[4, 2]
[2, 2]
[1, 1, 1, 5]
[2, 10]
[1, 1, 12]
[2, 15]
[19]
[9, 8]
[6, 1]
[5, 1, 1, 1]
[4, 2, 2, 1]
[1, 3, 2, 2, 2, 1]
[1, 2, 3, 1, 3, 1]
[4, 1, 1]
[4, 1, 1]
[5, 1, 1]
[7, 2, 2]
[4, 2, 3, 1, 1, 1]
[4, 1, 1, 2, 1]
[4, 1, 1, 1]
[4, 1]
[3, 1, 7, 1]
[3, 1, 2, 1]
[5, 2, 1]
[1, 3, 1]
[1, 3, 1]
[2, 4, 1]
[4, 7, 1]
[6, 2]
[7, 3]
