Puzzle number: 135225
width:  50
height:  35
solved_count:  1436
AVE_TIME:  '00:03:45'
ave_time_count:  178

top_values
[3]
[6]
[7]
[8]
[8]
[8]
[10]
[10]
[10]
[10]
[4, 10]
[5, 10]
[17]
[16]
[16]
[15]
[14]
[12]
[10]
[8]
[8]
[8]
[8]
[9]
[8]
[9]
[9]
[9]
[9]
[10]
[10]
[10]
[11]
[11]
[11]
[12]
[12]
[13]
[14]
[14]
[14]
[15]
[16]
[16]
[17]
[17]
[18, 2]
[25]
[26]
[26]

left_values
[3]
[5]
[6]
[7]
[6]
[6]
[6]
[13]
[18]
[20, 2]
[21, 4]
[24, 6]
[26, 9]
[49]
[48]
[47]
[44]
[30]
[29]
[27]
[25]
[23]
[21]
[18]
[15]
[13]
[12]
[8]
[3]
[3]
[3]
[3]
[4]
[4]
[3]
