Puzzle number: 135313
width:  35
height:  20
solved_count:  1131
AVE_TIME:  '00:23:55'
ave_time_count:  123

top_values
[3, 5]
[2, 2, 7]
[1, 2, 3, 3]
[1, 2, 2, 2]
[1, 1, 2, 2]
[1, 2, 4, 3]
[2, 1, 2, 1, 1]
[1, 2, 4]
[2, 2, 5]
[5, 2, 2]
[7, 1, 3, 1]
[10, 2, 4]
[2, 8, 1]
[2, 13]
[2, 9]
[13]
[14]
[16]
[16]
[2, 12]
[2, 9]
[3, 5, 5]
[7, 1, 1]
[5, 1, 3, 1]
[2, 2, 4]
[1, 2, 2, 1]
[2, 2, 4, 1]
[1, 2, 2, 3]
[1, 1, 2, 2]
[1, 1, 1, 3, 2]
[1, 2, 2, 3, 3]
[2, 1, 3, 2]
[1, 2, 3, 2]
[2, 1, 2, 2]
[2, 6, 4]

left_values
[3, 3]
[5, 5]
[3, 2, 2, 3]
[4, 5, 2, 6]
[5, 5, 6, 5, 3]
[1, 19, 4, 2]
[2, 3, 16, 2, 3, 1]
[1, 2, 3, 13, 2, 1]
[1, 1, 2, 11, 2, 2, 1]
[1, 1, 2, 11, 2, 1, 2, 1]
[2, 2, 1, 2, 9, 1, 1, 2, 1, 1]
[1, 2, 2, 1, 1, 8, 2, 2, 2, 1]
[1, 1, 1, 1, 2, 8, 1, 1, 1, 1, 1]
[3, 1, 1, 1, 7, 1, 1, 1, 2, 3]
[2, 2, 1, 2, 1, 5, 1, 2, 2, 1, 2]
[1, 2, 2, 1, 1, 3, 1, 1, 1, 2]
[3, 1, 1, 1, 3, 3, 1, 2, 2, 2, 1]
[2, 3, 3, 1, 2, 3, 3, 3]
[2, 1, 1, 2, 2]
[1, 1, 1, 1]
