Puzzle number: 135321
width:  25
height:  25
solved_count:  1835
AVE_TIME:  '00:10:01'
ave_time_count:  265

top_values
[25]
[7, 9]
[5, 8]
[5, 7, 7]
[17, 6]
[2, 13, 5]
[1, 2, 2, 4, 5]
[1, 5, 1, 2, 7]
[8, 2, 4]
[1, 2]
[7, 1, 1, 1]
[7, 4, 1, 2, 2]
[8, 2, 1, 1, 2, 1]
[1, 5, 2, 1, 1]
[1, 5, 1, 2]
[1, 6, 1]
[9, 2]
[1, 2, 4, 2]
[2, 4, 5, 2]
[2, 13]
[3, 2, 4, 1]
[4, 2, 2, 2]
[7, 4]
[10, 6]
[19]

left_values
[9, 4, 8]
[6, 1, 3, 3, 7]
[5, 2, 3, 2, 5]
[5, 3, 8, 4]
[5, 3, 7, 3]
[2, 2, 2, 7, 1, 3]
[2, 2, 2, 7, 2, 3]
[1, 2, 1, 5, 3, 2]
[1, 5, 2, 4, 2]
[1, 4, 2, 1, 1, 2]
[1, 3, 3, 1, 1, 1]
[1, 3, 3, 4, 1]
[1, 3, 3, 1, 5, 1]
[1, 3, 2, 1, 4, 2]
[1, 3, 2, 3, 2]
[1, 3, 2, 3]
[2, 3, 3, 1, 4]
[3, 3, 6]
[4, 2, 4, 2, 3]
[5, 2, 2, 2]
[10, 2]
[12, 3]
[9, 4]
[8]
[7]
