Puzzle number: 135457
width:  40
height:  45
solved_count:  384
AVE_TIME:  '00:23:19'
ave_time_count:  115

top_values
[]
[]
[]
[]
[]
[]
[]
[]
[]
[]
[]
[]
[]
[]
[4]
[1]
[1, 1, 6, 5]
[3, 10, 2, 1, 2, 1]
[3, 2, 1, 1, 2, 5]
[3, 2, 11, 16]
[2, 1, 8, 3, 2, 6, 2]
[4, 1, 6, 1, 2, 5]
[4, 4, 16, 11]
[3, 19, 2, 17]
[3, 19, 20]
[23, 21]
[18, 4, 20]
[9, 1, 1, 2, 3, 23]
[6, 3, 2, 18]
[5, 1, 4, 16]
[6, 5, 15]
[6, 4, 4, 7]
[3, 3, 5, 9]
[7, 4, 3, 5]
[6, 4, 2, 4]
[7, 2, 2, 2, 3]
[8, 3, 3, 4, 1]
[2, 5, 3, 3, 9]
[2, 4, 7, 7, 1, 1]
[3, 4, 2, 2, 1, 6, 2]

left_values
[18]
[18]
[16, 1]
[2, 7, 5]
[1, 16]
[1, 6, 10]
[2, 6, 2, 5]
[2, 8, 4]
[2, 7, 1]
[1, 6, 1]
[2, 5]
[1, 1, 5]
[1, 1, 6]
[3, 5]
[2, 1, 6]
[1, 2, 6]
[1, 2, 5]
[1, 2, 6]
[1, 2, 4, 1, 3]
[1, 2, 6, 6]
[1, 2, 5, 9]
[5, 5, 10]
[1, 1, 6, 2, 3, 4]
[1, 1, 2, 1, 3]
[9, 1]
[11, 1]
[2, 3, 4, 3]
[2, 1, 5, 3]
[4, 6, 2]
[2, 2, 7]
[1, 1, 9, 1]
[1, 1, 9, 2]
[1, 12, 4]
[1, 2, 10, 4]
[1, 2, 10, 3]
[2, 10, 5]
[21]
[12, 3, 4]
[1, 1, 12, 4]
[2, 1, 11, 1]
[1, 16, 2]
[1, 1, 4, 12, 1]
[1, 1, 2, 1, 13, 2]
[1, 3, 1, 13]
[1, 1, 1, 1, 1, 10]
