Puzzle number: 135425
width:  25
height:  23
solved_count:  1803
AVE_TIME:  '00:11:28'
ave_time_count:  410

top_values
[1, 1, 1]
[1, 7]
[1, 2, 1, 2]
[2, 2, 1, 2]
[2, 2, 1, 2, 2]
[3, 2, 1, 2, 3]
[1, 1, 1, 3, 1, 1]
[2, 17]
[2, 2, 3, 1, 2]
[2, 1, 2, 1, 2, 1, 4]
[1, 1, 1, 2, 1, 2, 1, 4]
[1, 1, 3, 2, 4, 2]
[20, 1]
[1, 1, 3, 2, 4, 2]
[1, 1, 1, 2, 1, 2, 1, 4]
[2, 1, 2, 1, 2, 1, 4]
[2, 2, 3, 1, 2]
[2, 17]
[1, 1, 1, 3, 1, 1]
[3, 2, 1, 2, 3]
[2, 2, 1, 2, 2]
[2, 2, 1, 2]
[1, 2, 1, 2]
[1, 7]
[1, 1, 1]

left_values
[3]
[2, 1, 2]
[1, 1, 1]
[9]
[3, 3, 1, 3, 3]
[1, 3, 1, 1, 1, 3, 1]
[2, 1, 3, 1, 2]
[19]
[1, 2, 2, 3, 2, 2, 1]
[2, 2, 1, 2, 1, 2, 1, 2, 2]
[1, 2, 1, 2, 1, 2, 1, 2, 1]
[1, 3, 3, 3, 1]
[25]
[1, 3, 1, 3, 1]
[1, 2, 1, 2, 1, 2, 1, 2, 1]
[3, 2, 1, 2, 1, 2, 1, 2, 3]
[2, 1, 3, 1, 2]
[19]
[2, 1, 3, 1, 2]
[15]
[4, 4]
[3, 3]
[7]
