Puzzle number: 135459
width:  40
height:  45
solved_count:  419
AVE_TIME:  '00:16:00'
ave_time_count:  116

top_values
[3]
[5]
[5]
[3]
[1]
[1]
[2]
[3]
[4]
[4]
[9]
[19]
[18]
[17]
[1, 4, 13, 4]
[6, 25]
[5, 10]
[5, 12]
[6, 13]
[2, 3, 14]
[3, 15]
[4, 20]
[2, 2, 21]
[6, 21]
[6, 18, 2, 1]
[1, 16]
[3, 2, 16, 1]
[4, 3, 13, 5, 5]
[5, 4, 20, 4]
[6, 4, 18]
[6, 25]
[7, 29]
[8, 26]
[9, 18]
[10, 31]
[10, 31]
[10, 24]
[10, 23]
[10, 22]
[10, 18]

left_values
[2, 2, 18]
[5, 4, 14]
[5, 1, 2, 14]
[12, 13]
[3, 14, 12]
[17, 2, 11]
[7, 9]
[2, 16, 3, 8]
[4, 15, 4, 7]
[4, 16, 4, 6]
[4, 17, 4]
[2, 18, 3]
[19, 4]
[25]
[25]
[26]
[27]
[5, 22]
[5, 22]
[5, 22]
[2, 1, 21]
[2, 1, 20]
[1, 1, 19]
[1, 19]
[1, 6, 12]
[1, 4, 14]
[1, 4, 13]
[2, 2, 13]
[2, 1, 13]
[2, 1, 13]
[2, 1, 5, 6]
[1, 1, 3, 6]
[3, 6]
[1, 3, 6]
[2, 6]
[1, 2, 6]
[1, 2, 6]
[2, 2, 5]
[2, 1, 5]
[2, 2]
[1, 2]
[2]
[2]
[2]
[1]
