Puzzle number: 135601
width:  40
height:  40
solved_count:  152
AVE_TIME:  '00:24:03'
ave_time_count:  100

top_values
[]
[]
[]
[]
[2]
[4, 7]
[4, 9]
[20]
[9, 3]
[2, 4]
[1, 8]
[4, 6]
[6, 7]
[30]
[29]
[3, 4]
[2, 2]
[14, 2, 3]
[19, 2]
[7, 4, 2]
[3, 3, 5, 2]
[2, 6, 2]
[4, 3, 6, 4, 2]
[5, 3, 4, 4, 2]
[2, 2, 1, 1, 2, 2, 2]
[1, 1, 2, 2, 1, 2]
[1, 4, 6, 2]
[2, 6, 8, 2]
[1, 11, 3, 2]
[2, 10, 2, 1]
[1, 13, 2, 2]
[2, 12, 2, 1]
[1, 1, 8, 2, 2]
[1, 2, 6, 2, 2]
[2, 3, 4, 2, 2]
[2, 4, 1, 2]
[2, 6, 3]
[2, 10]
[5, 10]
[7, 9]

left_values
[2, 3, 2, 1, 1, 1, 2, 1]
[3, 2, 2, 1, 4, 4]
[2, 3, 2, 1]
[3, 3, 2, 2]
[2, 3, 2, 1]
[2, 3, 3, 2]
[2, 2, 3, 2]
[2, 2, 2, 1]
[2, 2, 2, 1, 2]
[2, 2, 2, 5, 2]
[2, 2, 2, 2, 3, 2, 2]
[2, 2, 2, 13, 1]
[2, 2, 2, 2, 7, 6]
[3, 2, 2, 4, 5, 4]
[3, 2, 2, 1, 2, 5, 2]
[3, 2, 2, 2, 1, 2, 6, 2]
[3, 3, 2, 2, 3, 5, 2]
[3, 2, 2, 6, 6, 1]
[3, 2, 2, 5, 8]
[3, 3, 2, 18]
[7, 2, 20]
[6, 6, 4, 2, 8]
[4, 4, 3, 2, 2, 3]
[4, 5, 3]
[3, 13]
[3, 8, 4]
[3, 3]
[3, 3]
[3, 3]
[3, 4]
[3, 6]
[3, 5, 2]
[4, 4, 2]
[16, 1]
[12]
[]
[]
[]
[]
[]
