Puzzle number: 135605
width:  40
height:  40
solved_count:  388
AVE_TIME:  '00:07:00'
ave_time_count:  118

top_values
[1, 4, 2]
[7]
[6]
[5]
[5]
[5]
[4]
[4]
[4]
[5]
[4]
[4]
[4]
[3]
[4]
[4]
[4]
[3]
[3]
[3]
[3]
[3]
[4, 2]
[4, 3]
[4, 4]
[4, 6]
[4, 5]
[4, 4]
[4, 2]
[4, 2]
[5, 3]
[5, 4]
[6, 4]
[7, 6]
[9, 7]
[10, 4]
[11, 6]
[20]
[16]
[12]

left_values
[]
[]
[]
[]
[]
[]
[]
[]
[]
[]
[13]
[19]
[23]
[9, 11]
[6, 7]
[7, 5]
[6, 5]
[6, 5]
[7, 5]
[5, 4]
[5, 5]
[4, 4]
[3, 4]
[2, 4]
[1, 4]
[1, 4]
[1, 3]
[3]
[3]
[3]
[3]
[5, 3]
[7, 3]
[2, 5, 3]
[3, 4, 4]
[2, 3, 4]
[3, 7]
[3, 7]
[4, 7]
[4, 6]
