Puzzle number: 135661
width:  45
height:  45
solved_count:  1036
AVE_TIME:  '00:03:59'
ave_time_count:  136

top_values
[]
[]
[]
[]
[]
[]
[]
[]
[]
[]
[]
[]
[]
[3]
[2]
[2]
[2]
[2]
[2]
[2]
[2, 1]
[2, 1]
[2, 1]
[2, 1]
[2, 1]
[2, 2]
[2, 2]
[1, 3]
[2, 4]
[2, 4]
[2, 5]
[3, 6]
[2, 3, 7]
[2, 2, 1]
[3, 8]
[2, 10]
[2, 10]
[2, 11]
[1, 2, 12]
[19]
[1, 16]
[1, 16]
[1, 17]
[1, 17]
[2, 17]

left_values
[]
[]
[]
[]
[]
[]
[]
[]
[]
[]
[]
[]
[]
[]
[]
[]
[]
[]
[]
[]
[]
[]
[]
[]
[]
[2, 1]
[2, 1, 3]
[2, 3]
[2, 2, 3]
[3, 1, 7]
[2, 2, 2, 6]
[2, 2, 2, 6]
[2, 3, 6]
[2, 1, 7]
[2, 2, 8]
[2, 1, 10]
[2, 13]
[2, 12]
[2, 1, 11]
[2, 2, 11]
[2, 3, 11]
[2, 5, 11]
[2, 6, 11]
[1, 9, 11]
[1, 4, 9, 10]
