Puzzle number: 136006
width:  50
height:  50
solved_count:  169
AVE_TIME:  '00:34:05'
ave_time_count:  100

top_values
[1, 4]
[2, 4]
[1, 10, 5]
[1, 20]
[1, 14, 6]
[18, 4]
[2, 18, 2]
[2, 17, 3]
[3, 17, 3]
[2, 17, 4]
[3, 16, 4]
[3, 18, 4]
[26, 5]
[2, 26, 1, 5]
[4, 8, 16, 2, 6]
[7, 10, 15, 3, 5]
[3, 18, 1]
[2, 17, 2]
[2, 17, 7]
[2, 17, 8]
[2, 16, 8]
[2, 16, 9]
[1, 2, 16, 9]
[2, 2, 15, 9]
[2, 2, 15, 10]
[3, 2, 14, 1]
[3, 2, 14, 9]
[2, 1, 13, 8]
[2, 6, 1, 13, 9]
[2, 4, 3, 2, 13, 8]
[2, 2, 4, 1, 1, 12, 7]
[4, 8, 2, 2, 12, 7]
[3, 10, 1, 1, 11, 7]
[3, 11, 1, 1, 11, 1]
[2, 2, 11, 12, 1]
[1, 8, 1, 4, 1]
[1, 5, 2, 3, 2]
[4, 6, 6, 3]
[8, 11, 3, 3]
[10, 16, 3, 4]
[35]
[1, 32]
[1, 31]
[3, 4, 24]
[14, 17, 1]
[7, 5, 17, 1]
[1, 12, 16, 2]
[1, 4, 5, 5, 10, 1]
[4, 6, 5, 10, 1]
[10, 18]

left_values
[3, 5, 4, 4, 3]
[3, 12, 1, 3, 1]
[2, 9, 1, 1, 4, 1]
[2, 2, 1, 4, 6]
[1, 2, 2, 4, 5, 1]
[1, 2, 2, 11, 1]
[1, 1, 3, 10, 1]
[1, 3, 10, 2]
[2, 12, 1, 4]
[1, 13, 6]
[1, 20]
[1, 1, 8, 10]
[2, 1, 9, 10]
[3, 2, 5, 9]
[4, 1, 5, 6]
[5, 3, 16]
[6, 4, 13]
[8, 16]
[4, 5, 4, 14]
[3, 7, 3, 15]
[1, 2, 15, 1, 10, 1]
[2, 8, 1, 12]
[3, 2, 12]
[5, 1, 11]
[34, 12]
[2, 30, 12]
[30, 12]
[30, 11]
[31, 11]
[31, 10]
[32, 11]
[32, 7, 1]
[33, 5, 4]
[33, 7]
[32, 4]
[30, 8]
[28, 3, 6]
[25, 2, 4]
[13, 9, 5]
[11, 8, 7]
[8, 6, 9]
[5, 4, 4, 7]
[1, 6, 7]
[1, 8, 6]
[2, 11, 5]
[3, 4, 7, 4]
[6, 7, 7, 3]
[16, 7, 1]
[16, 7]
[6, 8, 7]
