Puzzle number: 136041
width:  20
height:  20
solved_count:  1846
AVE_TIME:  '00:09:47'
ave_time_count:  357

top_values
[2]
[4, 2]
[1, 4, 4]
[1, 7, 1]
[1, 3, 1, 1]
[4, 4, 2]
[4, 2, 1, 3]
[1, 1, 3, 3]
[1, 5, 3]
[3, 5, 3]
[1, 2, 2, 3]
[1, 4, 3]
[1, 2, 1, 5]
[5, 4, 2]
[4, 6, 2]
[1, 10, 3]
[11, 3]
[10]
[4, 4]
[3]

left_values
[2, 2]
[5, 2, 3]
[2, 1, 7]
[3, 1, 8]
[2, 2, 1, 4]
[3, 5, 3]
[1, 2, 1, 4]
[1, 8, 6]
[10, 7]
[6, 3, 8]
[4, 2, 1, 8]
[3, 7]
[1, 5]
[2, 5, 2]
[1, 5, 2]
[7, 2]
[2, 1]
[2]
[1]
[1]
