Puzzle number: 136079
width:  45
height:  50
solved_count:  296
AVE_TIME:  '00:14:38'
ave_time_count:  104

top_values
[22, 2, 5, 2, 7]
[18, 3, 6, 1, 6]
[11, 1, 1, 6, 6]
[12, 1, 1, 6, 7]
[9, 1, 6, 8]
[3, 7, 8, 9]
[7, 2, 2, 9, 10]
[12, 8, 3, 10]
[14, 7, 2, 11]
[3, 18, 5, 15]
[29, 15]
[29, 13]
[50]
[49]
[41]
[37]
[34, 7]
[33, 9]
[33, 13]
[34, 15]
[34, 15]
[35, 13]
[37, 11]
[39, 7]
[41, 2]
[42]
[42]
[43]
[45]
[49]
[50]
[50]
[28, 20]
[25, 21]
[23, 21]
[21, 21]
[14, 4, 21]
[13, 3, 2, 20]
[12, 3, 2, 20]
[11, 3, 2, 20]
[5, 1, 3, 20]
[4, 4, 20]
[4, 5, 1, 2, 20]
[1, 1, 7, 1, 20]
[2, 2, 4, 1, 20]

left_values
[1, 31, 1]
[1, 33]
[1, 31]
[1, 2, 31]
[1, 32, 1]
[2, 31, 2]
[2, 30]
[2, 30]
[2, 31]
[2, 32]
[2, 33, 2]
[2, 1, 33, 2]
[4, 32, 2]
[4, 32, 3]
[4, 31, 3]
[4, 32, 2, 2]
[5, 35, 3]
[5, 34, 1]
[5, 31, 2]
[6, 29, 7]
[36, 6]
[35, 1]
[5, 27]
[3, 25]
[4, 25]
[4, 1, 26]
[2, 1, 3, 23]
[3, 28]
[27]
[32, 4]
[45]
[45]
[7, 34]
[8, 5, 26]
[8, 4, 24]
[4, 4, 2, 23]
[2, 4, 2, 23]
[1, 6, 4, 22]
[2, 6, 4, 22]
[7, 5, 21]
[9, 5, 21]
[9, 6, 20]
[10, 6, 18]
[1, 11, 8, 17]
[14, 8, 17]
[14, 8, 16]
[14, 8, 16]
[14, 8, 16]
[14, 9, 16]
[13, 9, 15]
