Puzzle number: 136153
width:  40
height:  40
solved_count:  1184
AVE_TIME:  '00:13:13'
ave_time_count:  161

top_values
[1]
[5, 1]
[5]
[1]
[1, 1, 3, 1, 5]
[1, 1, 1, 1, 1, 1, 1, 1, 1]
[5, 5, 1, 3, 1, 1, 1, 1]
[5, 5]
[]
[31]
[1, 1, 1, 1, 1, 1]
[1, 1, 1, 1, 1, 1, 1, 1]
[1, 1, 1, 1, 1, 1, 1, 1, 1]
[5, 1, 1, 1, 1, 1, 1]
[1, 1, 1, 1, 1, 1]
[31]
[1, 1, 1, 1, 1, 1]
[1, 3, 1, 1, 1, 1, 1, 1]
[1, 1, 1, 1, 1, 1, 1, 1, 1]
[3, 1, 1, 1, 1, 1, 1, 1]
[1, 1, 1, 1, 1, 1]
[31]
[1, 1, 1, 1, 1, 1]
[3, 1, 1, 1, 1, 1, 1, 1]
[1, 1, 1, 1, 1, 1, 1, 1, 1]
[1, 3, 1, 1, 1, 1, 1, 1]
[1, 1, 1, 1, 1, 1]
[31]
[1, 1, 1, 1, 1, 1]
[1, 3, 1, 1, 1, 1, 1, 1, 1]
[1, 1, 6, 1, 1, 1, 1, 1]
[3, 1, 1, 1, 1, 1, 1, 1]
[1, 1, 1, 1, 1, 1]
[31]
[1, 1, 1, 1, 1, 1]
[1, 1, 1, 1, 1, 1, 1, 1]
[1, 1, 1, 1, 1, 1, 1, 1, 1]
[5, 1, 1, 1, 1, 1, 1]
[1, 1, 1, 1, 1, 1]
[31]

left_values
[3]
[1]
[3]
[3, 3, 3, 1, 3]
[1, 1, 1, 3, 1]
[2, 3, 3, 1, 2]
[1, 1, 1, 2, 1]
[3, 3, 3, 1, 3]
[1]
[31]
[1, 1, 1, 1, 1, 1, 1]
[2, 1, 1, 1, 1, 1, 1]
[1, 1, 1, 1, 1, 1, 1]
[1, 1, 1, 1, 1, 1, 1]
[1, 1, 1, 1, 1, 1, 1]
[31]
[3, 1, 1, 1, 1, 1, 1]
[1, 1, 1, 1, 1, 1, 1]
[2, 1, 1, 1, 1, 1, 1]
[1, 1, 1, 1, 1, 1, 1]
[3, 1, 1, 1, 1, 1, 1]
[31]
[3, 1, 1, 1, 1, 1, 1]
[1, 1, 1, 1, 1, 1, 1]
[3, 1, 1, 1, 1, 1, 1]
[1, 1, 1, 1, 1, 1, 1]
[3, 1, 1, 1, 1, 1, 1]
[31]
[1, 1, 1, 1, 1, 1, 1, 1, 1]
[2, 2, 2, 1, 1, 1, 1, 1, 1]
[1, 1, 1, 1, 1, 1, 1, 1, 1]
[1, 1, 1, 1, 1, 1, 1, 1, 1]
[1, 1, 1, 1, 1, 1, 1, 1, 1]
[31]
[1, 3, 1, 1, 1, 1, 1, 1]
[2, 1, 1, 1, 1, 1, 1, 1]
[1, 2, 1, 1, 1, 1, 1, 1]
[1, 1, 1, 1, 1, 1, 1, 1]
[1, 3, 1, 1, 1, 1, 1, 1]
[31]
