Puzzle number: 136125
width:  35
height:  45
solved_count:  587
AVE_TIME:  '00:03:39'
ave_time_count:  162

top_values
[2, 7, 2, 10, 1, 2]
[1, 15, 7, 2, 3]
[16, 8, 4]
[5, 6, 15]
[3, 6, 2]
[8, 3]
[11, 3]
[10, 2]
[9, 3]
[8, 3]
[10]
[10]
[9]
[8]
[6]
[5]
[3]
[2]
[2]
[1]
[1]
[]
[]
[]
[]
[]
[]
[1]
[1]
[]
[]
[]
[]
[]
[]

left_values
[2, 2, 15, 2]
[1, 2, 13]
[2, 11]
[2, 10]
[2, 11]
[1, 10]
[1, 9]
[2, 10]
[2, 5, 3]
[8, 3]
[7, 2]
[6, 2]
[5, 3]
[4, 3]
[4, 2]
[3, 2]
[2, 1]
[3]
[3]
[2, 1]
[2, 1]
[3]
[2]
[4]
[4]
[4]
[4]
[4]
[4]
[2, 1]
[1, 1]
[4]
[3]
[1]
[3]
[1]
[2]
[1]
[]
[]
[]
[]
[]
[]
[]
