Puzzle number: 136463
width:  40
height:  30
solved_count:  1748
AVE_TIME:  '00:09:28'
ave_time_count:  374

top_values
[28]
[3, 1, 2, 3]
[4, 3, 2, 13]
[4, 3, 2, 2, 2, 1]
[4, 3, 1, 2, 3]
[4, 3, 2, 1]
[3, 2, 2, 2]
[9, 2, 3]
[3, 2, 1]
[2, 2, 2, 5]
[1, 2, 3, 1, 1, 1]
[3, 2, 1, 6]
[2, 2, 2, 1, 1, 1]
[1, 2, 3, 5]
[3, 2, 1]
[2, 2, 2]
[1, 2, 3]
[3, 2, 1]
[2, 2, 2, 5]
[1, 2, 3, 1, 1, 1]
[3, 2, 1, 6]
[2, 2, 2, 1, 1, 1]
[1, 2, 3, 5]
[3, 2, 1]
[2, 2, 2]
[1, 2, 3]
[3, 2, 1]
[2, 2, 2]
[1, 1, 3]
[20]
[2, 2, 1]
[1, 2, 2]
[3, 3]
[2, 2, 1]
[1, 2, 2]
[3, 3]
[1, 2, 1]
[1, 2, 2, 5]
[3, 3, 1, 1, 1]
[2, 2, 1, 6]

left_values
[4]
[6]
[8]
[8]
[1, 1]
[1, 2, 1]
[1, 2, 1]
[1, 2, 1]
[1, 1]
[1, 1]
[30]
[1, 2, 2, 2, 2, 2, 2, 2, 2, 2, 1]
[3, 2, 2, 2, 2, 2, 2, 2, 2, 11]
[2, 2, 2, 2, 2, 2, 2, 2, 2, 4, 2, 1, 2]
[1, 2, 2, 2, 2, 2, 2, 2, 2, 2, 1, 2, 2, 2]
[3, 2, 2, 2, 2, 2, 2, 2, 2, 4, 2, 2, 1]
[2, 2, 2, 2, 2, 2, 2, 2, 2, 4, 2, 2, 2]
[30, 2, 2, 2]
[1, 1, 11]
[1, 2, 3, 3, 1]
[1, 1, 1, 1, 1, 1, 1, 1, 1, 2]
[1, 1, 5, 5, 1, 1, 1]
[1, 1, 1, 1, 1, 1, 1, 1, 1, 3]
[1, 1, 1, 1, 1, 1, 1, 1, 1, 1, 1]
[1, 1, 5, 5, 1, 1, 1]
[1, 1, 1, 3]
[1, 1, 1]
[1, 1, 1]
[1, 1, 1]
[1, 1, 1]
