Puzzle number: 136435
width:  50
height:  50
solved_count:  312
AVE_TIME:  '00:26:15'
ave_time_count:  102

top_values
[9, 12, 3]
[7, 15, 3]
[11, 20, 4]
[11, 22, 4]
[3, 20, 1, 1, 9]
[13, 30, 3]
[13, 30, 3]
[6, 1, 25, 6]
[1, 8, 7, 13, 1]
[1, 8, 7, 6, 3, 1]
[3, 3, 5, 9, 6, 3]
[3, 3, 5, 9, 6, 3]
[3, 1, 2, 7, 2, 3]
[17, 11, 4, 3]
[2, 9, 3, 2, 14]
[2, 9, 6, 14]
[2, 14, 3, 15]
[25, 3, 8, 1]
[25, 3, 17]
[7, 11, 14]
[3, 10, 12]
[3, 11, 11]
[4, 11, 11]
[3, 12, 3]
[3, 15, 5]
[3, 22]
[2, 4, 16]
[2, 4, 14]
[2, 3, 7]
[2, 3, 5]
[3, 3, 1]
[3, 3]
[3, 3]
[3, 3]
[3, 3]
[3, 3]
[3, 3]
[2, 3]
[1, 3]
[1, 3]
[4]
[4]
[3]
[9]
[11]
[6, 11]
[6, 13]
[27, 4, 10]
[28, 4, 11]
[6, 1, 5, 4, 14]

left_values
[8, 2, 6, 5, 2]
[8, 2, 7, 6, 3]
[8, 2, 9, 7, 3]
[4, 3, 2, 1, 4, 13, 3]
[4, 3, 2, 1, 4, 8, 3]
[4, 3, 2, 1, 3, 3]
[4, 2, 2, 3, 3, 2]
[4, 2, 2, 3, 2, 2]
[1, 12, 3, 2]
[1, 5, 4, 1, 3, 2]
[5, 4, 1, 3, 2]
[3, 2, 6, 2]
[3, 2, 6, 2]
[1, 2, 7, 2]
[4, 7, 2]
[4, 2, 6, 2]
[4, 2, 6, 2]
[4, 2, 5, 2]
[4, 2, 5, 3]
[9, 5, 2]
[7, 1, 3, 3]
[8, 1, 3, 3]
[8, 1, 3, 3]
[8, 1, 4, 3]
[12, 6, 3]
[12, 5, 4]
[6, 4, 5, 5]
[6, 6, 6, 6]
[2, 3, 16, 6]
[2, 3, 18, 7]
[7, 4, 32]
[3, 3, 2, 2, 23, 2, 3]
[3, 3, 2, 3, 22, 2, 3]
[4, 3, 1, 2, 3, 5, 7]
[4, 5, 2, 3, 6, 7]
[10, 6, 4, 4]
[4, 5, 7, 5, 3, 1]
[4, 5, 6, 4, 2, 1]
[4, 7, 7, 4, 2, 1]
[4, 2, 1, 2, 9, 4, 5]
[4, 2, 1, 2, 9, 4, 5]
[2, 3, 1, 2, 3, 5, 4, 5]
[2, 3, 1, 2, 3, 5, 3, 5]
[2, 3, 1, 2, 3, 5, 4, 5]
[2, 1, 3, 3, 5, 4, 4]
[3, 3, 3, 5, 6, 4]
[3, 3, 3, 5, 6, 3]
[8, 6, 12, 3]
[8, 6, 12, 3]
[2, 10, 14, 2]
