Puzzle number: 136429
width:  50
height:  50
solved_count:  804
AVE_TIME:  '00:05:17'
ave_time_count:  104

top_values
[4, 5]
[6]
[5, 7]
[8]
[5, 8]
[1, 8]
[2]
[5]
[]
[1]
[5]
[1]
[]
[]
[]
[]
[4]
[1, 1]
[1, 1]
[]
[5]
[1, 1]
[4]
[1]
[5]
[1]
[]
[5]
[1]
[5]
[]
[5]
[1, 1, 1]
[1, 1]
[]
[5]
[1, 1]
[1, 2]
[]
[5]
[]
[5]
[1]
[2]
[5]
[]
[5]
[1, 1, 1]
[1, 1]
[]

left_values
[]
[]
[1, 1, 1, 3, 2, 2, 3, 1, 1, 3, 2, 1, 1, 1, 3]
[1, 1, 2, 1, 1, 1, 1, 1, 1, 1, 1, 1, 1, 1, 1, 2, 1, 1]
[1, 1, 1, 2, 1, 1, 3, 1, 3, 2, 2, 1, 1, 2, 2]
[1, 1, 1, 2, 1, 1, 1, 1, 1, 1, 1, 1, 1, 1, 1, 1, 2, 1]
[1, 1, 1, 1, 1, 3, 1, 1, 1, 1, 1, 3, 1, 1, 1, 1, 1, 3]
[]
[]
[]
[]
[]
[]
[]
[]
[]
[]
[]
[]
[]
[]
[]
[]
[]
[]
[]
[]
[]
[]
[]
[]
[]
[]
[]
[]
[]
[]
[]
[]
[]
[]
[]
[3]
[4]
[5]
[6]
[6]
[6]
[6]
[6]
