Puzzle number: 136549
width:  40
height:  50
solved_count:  253
AVE_TIME:  '00:47:47'
ave_time_count:  104

top_values
[3, 2]
[3, 3]
[4, 4]
[4, 5]
[5, 6]
[4, 7]
[5, 7]
[5, 7]
[3, 6, 7]
[5, 6, 6]
[9, 7, 6]
[11, 8, 6]
[30, 7]
[32, 7, 1]
[33, 6, 2]
[32, 7, 3]
[32, 7, 4]
[31, 7, 4]
[30, 7, 5]
[30, 7, 5]
[29, 7, 6]
[28, 6, 7]
[27, 1, 6, 7]
[27, 2, 6, 7]
[27, 1, 5, 6]
[13, 2, 4, 2, 5, 6]
[8, 3, 4, 1, 5, 6]
[7, 4, 4, 2, 5, 6, 1]
[9, 5, 7, 5, 6, 2]
[3, 1, 4, 5, 2, 5, 6, 3]
[2, 1, 1, 4, 3, 2, 5, 6, 4]
[2, 2, 2, 2, 3, 2, 4, 7, 5]
[1, 5, 4, 3, 4, 7, 6]
[1, 3, 5, 4, 4, 7, 6]
[1, 5, 3, 4, 6, 6]
[5, 3, 4, 6, 6]
[1, 5, 4, 4, 6, 6]
[6, 4, 3, 6, 6]
[6, 4, 3, 5, 6]
[7, 5, 3, 6, 6]

left_values
[12, 7, 1]
[19]
[17]
[17, 2]
[17, 4]
[18, 2]
[19, 2]
[19, 2]
[18, 4, 1]
[18, 2]
[18, 3]
[18, 2, 3]
[17, 2, 4]
[15, 2, 5]
[15, 3, 6]
[14, 2, 5]
[13, 3, 5, 1]
[13, 2, 5, 2]
[13, 3, 5, 3]
[16, 5, 4]
[15, 3, 5]
[13, 3, 5]
[18, 5, 1]
[18, 4, 2]
[17, 4, 4]
[15, 3, 5]
[14, 3, 6]
[12, 3, 7]
[12, 3, 8, 1]
[12, 2, 7, 3]
[12, 7, 5]
[13, 9, 7]
[12, 10, 8]
[10, 10, 9]
[8, 11, 8]
[5, 10, 8]
[3, 11, 7, 1]
[1, 10, 7, 2]
[10, 7, 3]
[10, 7, 3]
[10, 6, 4]
[9, 6, 5]
[8, 6, 5]
[8, 6, 5]
[7, 6, 5]
[7, 7, 6]
[7, 8, 6]
[7, 9, 6]
[7, 9, 6]
[6, 9, 6]
