Puzzle number: 136689
width:  35
height:  35
solved_count:  2045
AVE_TIME:  '00:13:40'
ave_time_count:  168

top_values
[5, 1]
[2, 2, 1]
[1, 1, 1]
[32]
[1]
[23]
[2, 1]
[2, 1]
[2, 1]
[2, 5, 6, 8]
[2, 1, 1, 1, 1, 1, 6]
[2, 1, 1, 1, 1, 1, 6]
[2, 5, 6, 1, 6]
[2, 1, 1, 1]
[2, 3, 1]
[2, 7, 7, 1, 6]
[2, 2, 1, 1, 1, 2, 1, 1, 1, 1, 1, 1, 1]
[2, 8, 8, 1, 1, 3]
[2, 2, 1, 1, 1, 2, 1, 1, 1, 1, 1, 1]
[2, 7, 7, 1, 1, 1]
[2, 3, 3]
[2, 1, 1, 1, 1]
[2, 5, 6, 1, 6]
[2, 1, 1, 1, 1, 1, 1, 1]
[2, 1, 1, 1, 1, 1, 1, 3]
[2, 5, 6, 8]
[2, 1]
[2, 1]
[2, 3, 3, 3]
[14, 6, 1]
[2, 3, 1, 1, 1]
[2, 7, 1, 1, 1]
[11, 1, 1, 1]
[2, 7, 6, 1]
[1, 3, 3]

left_values
[1]
[3]
[2, 2]
[1, 2, 2]
[2, 2, 2]
[1, 1, 2, 2]
[4, 2, 2]
[1, 1, 2, 2]
[2, 1, 2, 2]
[2, 1, 2, 3, 2]
[1, 1, 2, 5, 2]
[1, 2, 1, 1, 1, 2]
[1, 2, 4, 5, 4, 2]
[1, 1, 1, 1, 1, 1, 1, 1, 1, 1]
[1, 1, 1, 1, 5, 1, 1, 1]
[1, 1, 1, 1, 1, 1, 1, 1, 1, 1, 1]
[1, 1, 4, 5, 4, 1, 3]
[1, 1, 1, 3]
[1, 1, 3, 1, 1]
[1, 1, 4, 5, 4, 1, 3]
[1, 1, 1, 1, 1, 1, 1, 1, 1, 5]
[1, 1, 1, 1, 5, 1, 1, 6]
[1, 1, 1, 1, 1, 1, 1, 1, 1, 2, 3]
[1, 1, 1, 1, 5, 1, 1, 7]
[1, 1, 4, 1, 1, 1, 4, 5]
[1, 1, 5, 7]
[1, 1, 1, 1]
[1, 1, 17, 7]
[1, 1, 1, 1, 1, 1, 1, 1]
[1, 1, 17, 1, 1]
[1, 1, 4, 1, 1, 1, 1, 1]
[1, 1, 4, 1, 1, 1, 1, 1]
[1, 1, 4, 3, 3, 2, 7]
[1, 1, 4, 1, 1, 1, 1, 2, 1, 1]
[35]
