Puzzle number: 136756
width:  40
height:  25
solved_count:  1926
AVE_TIME:  '00:08:40'
ave_time_count:  373

top_values
[20]
[1]
[1]
[1]
[1]
[1, 4, 7]
[1, 4, 8]
[3, 1, 9]
[3, 1, 4, 8]
[1, 4, 7]
[1, 1, 1]
[6]
[6]
[5]
[23]
[3, 2]
[2, 5, 1]
[1, 2, 2]
[1, 2, 1]
[3, 3]
[3, 3]
[1, 2, 1]
[1, 2, 2]
[1, 5, 1]
[1, 2]
[20]
[1]
[1]
[1]
[1, 4]
[1, 4, 7]
[1, 8]
[6, 9]
[1, 4, 8]
[1, 4, 7]
[1]
[1]
[1]
[1]
[20]

left_values
[2, 2, 1]
[2, 4, 1]
[2, 4, 1]
[6, 1]
[6, 1]
[40]
[1, 1, 2, 1, 1]
[1, 1, 4, 1, 1]
[1, 1, 2, 2, 1, 1]
[1, 1, 2, 2, 1, 1]
[1, 1, 1, 1, 1, 1]
[1, 2, 2, 1, 1, 1, 1, 2, 2, 1]
[1, 2, 2, 1, 1, 2, 1, 1, 2, 2, 1]
[1, 2, 2, 1, 1, 2, 1, 1, 2, 2, 1]
[1, 2, 2, 1, 6, 1, 2, 2, 1]
[1, 4, 4, 1]
[1, 1, 2, 2, 1, 1]
[1, 3, 1, 1, 3, 1]
[1, 5, 1, 1, 5, 1]
[1, 5, 1, 1, 5, 1]
[1, 5, 1, 1, 5, 1]
[1, 5, 1, 1, 5, 1]
[1, 5, 1, 1, 5, 1]
[1, 5, 1, 1, 5, 1]
[1, 5, 1, 1, 5, 1]
