Puzzle number: 136859
width:  45
height:  40
solved_count:  352
AVE_TIME:  '00:40:18'
ave_time_count:  100

top_values
[1, 2]
[3, 2, 2]
[6, 3, 2]
[8, 3, 3]
[9, 4, 4]
[10, 5, 4]
[11, 5, 4]
[12, 5, 5]
[12, 6, 6]
[13, 6, 6]
[13, 6, 6]
[12, 7, 6]
[11, 8, 7]
[11, 8, 7]
[13, 9, 8]
[24, 8]
[3, 18, 9]
[2, 17, 9]
[17, 10]
[15, 10]
[15, 11]
[2, 13, 13]
[11, 15]
[1, 27]
[1, 26]
[1, 25]
[2, 24]
[2, 21]
[2, 2, 3, 11]
[3, 2, 1, 8]
[3, 2, 2, 7]
[3, 2, 5]
[4, 2, 4]
[6, 5, 6]
[8, 1, 2, 4]
[5, 1, 1, 5]
[3, 2, 5]
[5, 1, 6]
[11, 7]
[11, 8]
[5, 3, 8]
[3, 2, 9]
[6, 1, 1, 10]
[10, 2, 2, 10]
[6, 5, 2, 12]

left_values
[10, 4, 1, 5]
[11, 4, 1, 6, 1]
[16, 5, 1]
[14, 5, 2, 2]
[14, 3, 2, 2]
[14, 2, 3, 3]
[14, 2, 3, 3]
[16, 2, 2, 2]
[18, 1, 2, 2]
[19, 2, 2]
[3, 19, 1, 2]
[3, 19, 2, 2]
[4, 18, 1, 2]
[4, 12, 2, 4, 1]
[5, 14, 1, 2, 6, 2]
[27, 12]
[24, 6]
[1, 23, 4]
[4, 21, 2]
[5, 20, 2]
[5, 13, 5, 2]
[5, 10, 6, 2]
[6, 9, 6, 3]
[5, 4, 8, 6]
[6, 9, 3, 4]
[22, 3, 2]
[26, 1]
[25]
[24, 1]
[21, 3, 3]
[20, 12]
[18, 11]
[17, 11]
[13, 10]
[10, 9]
[6, 8]
[7]
[6]
[4]
[1]
