Puzzle number: 136977
width:  50
height:  50
solved_count:  727
AVE_TIME:  '00:07:38'
ave_time_count:  115

top_values
[39]
[9, 22]
[8, 21]
[7, 20]
[5, 20]
[4, 18]
[2, 17]
[17]
[3, 16]
[5, 16]
[7, 16]
[8, 15]
[9, 15]
[10, 14]
[10, 14]
[11, 15]
[11, 15]
[12, 14]
[12, 13]
[13, 13]
[12, 13]
[8, 3, 13]
[7, 3, 12]
[7, 2, 11]
[6, 3, 12]
[5, 2, 11]
[5, 3, 11]
[5, 2, 12]
[5, 3, 12]
[5, 2, 12]
[4, 1, 12]
[4, 11]
[4, 11]
[4, 12]
[4, 12]
[4, 13]
[5, 12]
[5, 13]
[5, 14]
[20]
[19]
[18]
[18]
[17]
[16]
[15]
[14]
[13]
[12]
[11]

left_values
[7, 28]
[7, 29]
[6, 31]
[6, 32]
[5, 13, 14]
[4, 9, 11]
[4, 9, 11]
[3, 8, 3, 12]
[2, 9, 4, 13]
[1, 9, 5, 13]
[1, 10, 5, 15]
[1, 15, 15]
[1, 14, 15]
[1, 13, 14]
[1, 12, 15]
[1, 10, 16]
[1, 8, 17]
[2, 4, 16]
[3, 17]
[5, 20]
[6, 24]
[37]
[36]
[34]
[33]
[31]
[31]
[29]
[27]
[25]
[23]
[22]
[20]
[18]
[17]
[13]
[11]
[8]
[5]
[]
[]
[]
[]
[]
[]
[]
[]
[]
[]
[]
