Puzzle number: 137051
width:  25
height:  20
solved_count:  2984
AVE_TIME:  '00:02:51'
ave_time_count:  424

top_values
[20]
[2, 2]
[3, 3]
[3, 2]
[3, 2]
[15]
[1, 1, 1]
[1, 1, 1, 1]
[1, 1, 1, 1, 1]
[1, 1, 1, 1]
[1, 1, 1]
[1, 1, 1]
[1, 1, 1]
[1, 1, 1]
[1, 2, 1]
[1, 1, 1]
[1, 1, 1]
[1, 1, 1]
[1, 1, 1]
[15]
[2, 2]
[2, 2]
[3, 3]
[2, 2]
[20]

left_values
[4, 3]
[5, 4]
[1, 3, 3, 1]
[1, 17, 1]
[1, 1, 1, 1]
[1, 1, 1, 1, 1]
[1, 1, 1, 1, 1, 1]
[1, 1, 1, 1, 1]
[1, 1, 1, 1]
[1, 1, 1, 1]
[1, 1, 1, 1]
[1, 1, 1, 1]
[1, 1, 1, 1]
[1, 4, 3, 1]
[1, 1, 3, 3, 1, 1]
[1, 1, 3, 1, 1]
[1, 1, 1, 1]
[1, 21, 1]
[5, 5]
[3, 3]
