Puzzle number: 137106
width:  30
height:  30
solved_count:  857
AVE_TIME:  '00:11:28'
ave_time_count:  103

top_values
[10, 2]
[11, 1]
[5, 2, 2]
[2, 2, 1]
[1, 2, 1]
[2, 2, 1]
[2, 2, 1]
[2, 4, 1]
[1, 6, 1]
[2, 9, 2]
[1, 11, 1]
[12, 2]
[12, 1]
[13]
[10, 2]
[9, 1]
[7, 1]
[5, 1]
[4, 2]
[2, 1]
[2, 5]
[1, 8, 1]
[1, 10, 1]
[1, 13, 1]
[1, 25]
[13]
[11]
[10]
[8]
[5]

left_values
[6, 6, 2]
[9, 5]
[11, 5]
[3, 8, 5]
[2, 8, 6]
[2, 7, 7]
[3, 7, 7]
[2, 7, 8]
[2, 7, 7]
[3, 6, 8]
[3, 6, 7]
[3, 11, 7]
[2, 8, 8]
[2, 5, 5]
[2, 4, 4]
[2, 6, 3]
[7, 2]
[4, 2]
[2, 1]
[1]
[1]
[1]
[1]
[1]
[1]
[1]
[1]
[8, 1]
[3, 3, 2]
[1, 2, 2]
