Puzzle number: 137151
width:  35
height:  40
solved_count:  223
AVE_TIME:  '00:16:40'
ave_time_count:  102

top_values
[9]
[5, 4]
[5, 4]
[6, 3]
[6, 3]
[7, 2]
[6, 2]
[7, 3]
[10, 3, 6]
[3, 5, 3, 5]
[4, 6, 4, 5]
[6, 4, 4, 2]
[8, 5, 4]
[9, 5, 4]
[10, 8, 4]
[34]
[39]
[12, 16]
[10, 8, 5]
[7, 7, 5]
[5, 7, 4]
[4, 6, 4, 2]
[3, 7, 4, 4]
[10, 5, 4]
[9, 4, 12]
[7, 2, 5]
[6, 2]
[5, 2]
[5, 3]
[5, 4]
[5, 4]
[9]
[9]
[7, 2]
[5, 2]

left_values
[2, 3]
[4, 7]
[3, 7, 15]
[14, 17]
[22, 11]
[9, 10, 12]
[9, 8, 12]
[10, 7, 5, 4]
[1, 6, 6, 4, 4]
[2, 4, 6, 4, 5]
[3, 3, 4, 4, 5]
[4, 4, 4, 4, 5]
[5, 3, 2, 3, 4]
[4, 3, 2, 3, 4]
[4, 3, 2, 3, 4]
[3, 5, 3, 3]
[3, 5, 3, 2]
[3, 4, 3, 3]
[2, 4, 2, 2]
[2, 3, 2, 2]
[2, 6, 2]
[2, 5, 2]
[2, 5, 2]
[2, 3, 2]
[2, 3, 2]
[1, 3, 1, 1]
[7, 1]
[6, 1]
[5, 2, 2]
[1, 5, 2, 2]
[1, 4, 2]
[1, 3, 2]
[2, 3, 2]
[2, 3, 1]
[2, 3, 2]
[2, 3, 2]
[2, 2, 3]
[1, 2, 2]
[2, 1, 2]
[2, 1, 2]
