Puzzle number: 137287
width:  50
height:  40
solved_count:  297
AVE_TIME:  '00:12:04'
ave_time_count:  100

top_values
[]
[]
[]
[]
[]
[]
[]
[]
[]
[]
[]
[]
[]
[]
[]
[]
[]
[]
[]
[]
[]
[]
[]
[]
[]
[9]
[12]
[14]
[8]
[11]
[7, 6]
[8, 6]
[7, 6]
[7, 4]
[7]
[6]
[6]
[6, 4, 1]
[6, 6, 4]
[6, 6, 6]
[5, 7, 7]
[5, 7, 7]
[5, 7, 6]
[5, 5, 4]
[7, 4]
[8, 3, 3]
[8, 5, 4]
[7, 7, 5, 3]
[7, 7, 7, 3]
[14, 9, 3]

left_values
[4]
[5]
[6]
[6]
[6]
[7]
[8]
[6, 1]
[5, 3]
[5, 4]
[5, 5]
[5, 5]
[5, 5]
[5, 4]
[6, 3]
[6]
[5, 1]
[5, 2]
[5, 3, 3]
[4, 6, 3]
[5, 7, 3]
[4, 7, 3]
[4, 7, 3]
[4, 7, 2]
[4, 5, 1]
[4]
[4, 4]
[3, 6]
[7, 7]
[8, 5]
[8, 4]
[9, 3]
[3, 5, 3]
[3, 3, 3]
[3, 4]
[3, 3]
[3, 4]
[3, 3]
[3, 3]
[3, 3]
