Puzzle number: 137313
width:  35
height:  40
solved_count:  351
AVE_TIME:  '00:22:53'
ave_time_count:  101

top_values
[]
[]
[]
[8]
[1, 4, 10, 12]
[2, 11, 17]
[15, 4, 3]
[8, 11, 2, 1]
[5, 11, 8, 2]
[19]
[3, 1, 8]
[2, 3, 1, 1]
[4, 2, 1, 3, 1]
[1, 1, 3, 1, 3, 1]
[4, 5, 3, 1, 3, 1]
[2, 7, 3, 1, 3, 1]
[2, 2, 2, 1, 3, 2]
[2, 2, 2, 1, 3, 2]
[2, 2, 2, 1, 3, 2]
[7, 3, 1, 3, 2]
[1, 5, 3, 1, 3, 2]
[2, 2, 1, 3, 2]
[2, 2, 1, 2]
[2, 2, 3, 1, 2]
[2, 2, 5, 1, 3]
[2, 1, 3, 2, 1, 3, 3]
[7, 1, 2, 1, 1, 3, 2]
[8, 1, 2, 3, 3, 2]
[2, 3, 1, 2, 3, 3, 2]
[2, 2, 2, 2, 2, 1, 3, 1]
[2, 2, 2, 5, 1, 3, 1]
[2, 2, 2, 5, 3, 3, 1]
[2, 3, 1, 4, 3, 2, 2]
[9, 1, 8, 2, 2]
[7, 1, 6, 1, 2]

left_values
[3, 3]
[3, 14]
[3, 3, 12]
[3, 2, 2, 2, 2]
[3, 2, 2, 2, 2]
[3, 3, 2, 2]
[4, 2, 2]
[3, 3, 3]
[4, 7]
[3, 6]
[3, 1]
[4, 5, 2, 6]
[4, 7, 8]
[4, 2, 2]
[5, 2, 2]
[2, 2, 2, 2]
[3, 2, 7]
[2, 2, 5]
[2, 2]
[2, 2]
[2, 2, 5, 4]
[2, 9, 7, 5]
[2, 4, 22]
[5, 1, 6, 12]
[5, 1, 2, 2]
[2, 2, 2, 2, 2]
[3, 2, 5, 1]
[2, 2, 2, 2]
[2, 25]
[2, 2, 2]
[2, 2, 10, 7]
[2, 2, 10, 6]
[2, 2, 10, 7]
[2, 2, 1]
[2, 2, 2]
[2, 2, 2]
[2, 2, 2]
[3, 2, 2]
[2, 3, 13, 3]
[30]
