Puzzle number: 137384
width:  40
height:  50
solved_count:  232
AVE_TIME:  '00:27:48'
ave_time_count:  100

top_values
[1, 5, 3, 8, 9, 3, 7, 3]
[1, 5, 2, 4, 3, 1, 9, 2, 7, 3]
[1, 5, 11, 2, 8, 2, 11]
[1, 6, 11, 3, 8, 2, 11]
[1, 7, 7, 3, 12, 2, 11]
[1, 6, 7, 3, 12, 2, 2, 4, 4]
[2, 5, 7, 3, 12, 1, 3, 8]
[3, 12, 3, 6, 5, 2, 3, 8]
[4, 4, 9, 6, 5, 2, 3, 8]
[9, 5, 4, 14, 3, 4, 2]
[9, 5, 4, 13, 3, 4, 2]
[10, 5, 4, 12, 3, 4, 3]
[7, 13, 1, 12, 3, 3, 3]
[7, 13, 1, 3, 4, 2, 3, 4, 2]
[21, 2, 3, 4, 2, 3, 4, 2]
[1, 4, 14, 7, 6, 3, 4, 2]
[1, 18, 4, 6, 2, 3, 6]
[2, 3, 11, 2, 4, 6, 2, 5, 6]
[2, 2, 10, 14, 2, 5, 6]
[3, 2, 10, 17, 5, 2, 2]
[6, 2, 6, 17, 6, 2, 2]
[5, 3, 6, 11, 5, 5, 4]
[5, 1, 9, 9, 1, 5, 5, 2, 1]
[7, 3, 5, 12, 4, 5, 3]
[7, 8, 10, 7, 5, 3]
[7, 8, 18, 6, 4]
[7, 7, 1, 10, 4, 9, 1]
[6, 7, 14, 1, 2, 6, 4]
[5, 1, 6, 2, 11, 2, 6, 3]
[1, 3, 8, 2, 6, 5, 2, 6, 3]
[1, 3, 8, 2, 6, 2, 2, 8, 3]
[1, 3, 5, 2, 13, 8, 3]
[2, 2, 1, 7, 8, 5, 8, 3]
[1, 2, 1, 6, 14, 6, 3]
[2, 1, 2, 7, 14, 7, 3]
[1, 1, 2, 7, 6, 3, 3, 6, 1, 1]
[4, 3, 13, 4, 2, 7, 1]
[4, 18, 4, 1, 6]
[4, 3, 13, 4, 6]
[4, 4, 13, 4, 1, 4]

left_values
[27]
[9, 11]
[1, 9, 16]
[1, 3, 10, 9, 1, 6]
[7, 23, 4]
[21, 17]
[15, 1, 12, 4]
[12, 4]
[19, 3]
[1, 15, 3]
[8, 16, 2, 6]
[20, 1, 7, 6]
[1, 31, 4]
[35, 3]
[38, 1]
[39]
[9, 28]
[1, 2, 14, 8]
[17, 13]
[32, 6]
[8, 17, 1, 4]
[1, 22]
[9, 28]
[9, 26]
[1, 10, 25]
[2, 36]
[16, 22]
[29, 4, 3]
[7, 4, 7, 14, 1]
[15, 8, 7, 5]
[21, 7, 9]
[23, 2, 8, 4]
[26, 7, 3]
[12, 1, 9, 6, 2]
[1, 18, 6]
[30]
[6, 2, 9]
[3]
[35, 1, 1]
[39]
[5, 34]
[6, 23]
[12, 23]
[16, 1, 15]
[19, 1, 5]
[3, 15, 5]
[9, 23]
[9, 2, 3, 5, 8]
[22, 12]
[18]
