Puzzle number: 137509
width:  35
height:  30
solved_count:  1963
AVE_TIME:  '00:08:59'
ave_time_count:  217

top_values
[1, 11]
[3, 1]
[1, 1, 1, 1]
[2, 3, 1]
[8, 11]
[8, 3, 1]
[7, 1, 1, 1]
[6, 13]
[5, 13]
[6, 1, 1, 1]
[5, 8, 4, 4]
[5, 1, 3, 1, 1, 4]
[4, 8, 4, 4]
[5, 1, 3, 1, 1, 4]
[4, 8, 4, 4]
[4, 1, 3, 1, 1, 4]
[4, 8, 4, 4]
[4, 1, 1, 1]
[3, 13]
[3, 1, 13]
[2, 1, 1, 1, 1]
[2, 3, 1]
[2, 1, 1, 1]
[2, 8, 9]
[2, 3, 1, 1, 1, 9]
[2, 3, 8, 1, 4]
[2, 3, 1, 1, 1, 1, 4]
[2, 8, 9]
[2, 1, 1, 1]
[2, 13]
[2, 13]
[2, 1]
[2, 1]
[2, 5, 4, 1]
[3, 1, 1, 1, 1, 1]

left_values
[3]
[7]
[7, 4]
[9, 4]
[11, 3, 4]
[13, 3, 2]
[12, 3, 1]
[9]
[7]
[5]
[4]
[4]
[4, 7, 5, 2]
[1, 1, 1, 1, 1, 2, 1, 1, 1, 1]
[1, 1, 1, 1, 1, 1, 1, 1, 1]
[1, 1, 1, 1, 1, 1, 1, 1, 1]
[1, 1, 1, 1, 1, 1, 1, 1, 2]
[31]
[1, 1, 1, 2, 7, 2, 1, 1, 1, 1, 2]
[31]
[1, 1, 2, 2, 2]
[1, 1, 2, 7, 2, 5, 2, 2]
[1, 1, 2, 1, 1, 1, 1, 2, 2, 1, 2, 1]
[1, 1, 2, 1, 1, 1, 1, 2, 2, 1, 2, 1]
[1, 1, 2, 7, 2, 2, 1, 2, 2]
[1, 1, 2, 2, 2, 1, 2]
[1, 1, 2, 7, 2, 5, 2]
[1, 1, 2, 7, 2, 5, 2]
[1, 1, 2, 7, 2, 5, 2]
[35]
