Puzzle number: 13784
width:  50
height:  50
solved_count:  392
AVE_TIME:  '01:20:09'
ave_time_count:  137

top_values
[1, 9, 1, 8, 5, 4, 2, 2, 1]
[8, 18, 4, 3, 1, 2]
[6, 5, 14, 1, 1, 4, 1, 2]
[3, 4, 5, 2, 2, 2, 1, 6, 3, 1]
[1, 4, 5, 3, 1, 2, 6, 1, 2]
[4, 5, 4, 2, 2, 7, 1, 2]
[12, 1, 7, 5, 9, 3]
[1, 5, 1, 4, 2, 16, 3, 1]
[3, 1, 5, 6, 8, 2, 3, 1]
[1, 6, 4, 9, 7, 2]
[1, 11, 17, 2]
[1, 11, 9, 6, 4]
[3, 13, 9, 4, 5]
[1, 3, 2, 7, 9, 3, 6]
[4, 2, 8, 10, 2, 5]
[3, 1, 10, 10, 2, 5]
[2, 13, 11, 3, 5]
[7, 5, 11, 3, 5]
[14, 11, 3, 5]
[1, 11, 12, 3, 5]
[10, 8, 4, 3, 5, 1]
[9, 9, 1, 1, 3, 5, 2]
[7, 9, 2, 1, 3, 5, 3, 1]
[4, 8, 4, 3, 5, 3, 1]
[3, 8, 4, 3, 5, 3, 2]
[1, 7, 9, 5, 4, 3]
[8, 9, 5, 4, 4]
[8, 9, 5, 3, 4]
[8, 9, 5, 6, 2]
[7, 7, 2, 5, 5, 2]
[5, 8, 2, 5, 6, 2]
[3, 4, 2, 2, 5, 5, 3, 1]
[5, 2, 2, 4, 5, 4, 1]
[5, 6, 4, 5, 4, 2]
[2, 4, 7, 4, 5, 5, 2]
[3, 5, 7, 4, 5, 5, 3]
[6, 8, 4, 5, 4, 3]
[4, 8, 4, 6, 4, 4]
[1, 9, 3, 8, 9]
[9, 3, 10, 9]
[9, 3, 8, 9]
[5, 3, 3, 7, 10]
[4, 7, 11]
[4, 6, 5, 5, 2]
[2, 6, 6, 5, 3]
[8, 6, 5, 4]
[6, 6, 4, 2]
[8, 6, 5, 1]
[6, 20]
[2, 19]

left_values
[1, 3, 3, 4, 2, 2, 2, 3, 5, 2, 2]
[3, 1, 1, 5, 5, 4, 4, 2, 2]
[3, 3, 3, 8, 4, 3, 2, 2]
[3, 2, 2, 7, 4, 2, 2, 2]
[3, 3, 2, 8, 4, 2, 2, 2]
[3, 3, 1, 7, 4, 2, 3, 2]
[2, 3, 1, 8, 4, 1, 3, 1]
[2, 3, 6, 3, 2, 4, 2]
[2, 1, 1, 2, 4, 4, 2, 4, 2]
[1, 1, 1, 3, 3, 4, 2, 4, 3]
[1, 4, 9, 4, 2, 5, 2]
[1, 1, 2, 3, 5, 4, 2, 6, 2]
[2, 1, 1, 1, 6, 5, 2, 6, 2]
[4, 1, 2, 5, 5, 3, 6, 2]
[1, 1, 2, 1, 8, 5, 3, 6, 2]
[4, 1, 8, 5, 3, 5, 2]
[4, 1, 9, 6, 3, 5, 1, 3]
[2, 2, 9, 6, 2, 5, 2, 2, 1]
[4, 9, 7, 3, 5, 3, 2, 2]
[4, 10, 7, 5, 3, 3, 2, 2]
[3, 10, 7, 6, 2, 3, 2, 2]
[3, 3, 3, 7, 6, 2, 3, 2, 2]
[13, 7, 6, 2, 3, 2, 2]
[4, 6, 6, 7, 2, 3, 2, 2]
[3, 2, 3, 18, 3, 3, 2]
[3, 1, 3, 9, 7, 3, 4, 2]
[4, 3, 13, 4, 3, 3, 3]
[2, 3, 10, 3, 4, 3, 3]
[3, 2, 8, 3, 4, 3, 4]
[8, 8, 3, 4, 3, 4]
[16, 3, 4, 3, 5]
[3, 8, 3, 5, 3, 6]
[2, 8, 3, 5, 3, 3, 2]
[7, 3, 5, 3, 4, 2]
[3, 7, 3, 5, 4, 4, 3]
[2, 7, 3, 5, 4, 4, 3]
[11, 3, 5, 5, 4, 3]
[2, 9, 3, 5, 5, 4, 4]
[1, 5, 7, 5, 5, 4, 4]
[13, 5, 6, 9]
[13, 5, 7, 9]
[4, 4, 5, 8, 11]
[3, 3, 5, 8, 11]
[2, 5, 8, 11]
[3, 3, 6, 5, 3, 5, 5]
[1, 2, 3, 6, 5, 2, 5, 5, 2]
[2, 1, 2, 6, 4, 2, 6, 4, 2]
[1, 2, 6, 8, 4, 2]
[2, 3, 6, 5, 5, 3]
[2, 7, 3, 5, 5, 3]
