Puzzle number: 137998
width:  20
height:  45
solved_count:  1664
AVE_TIME:  '00:11:36'
ave_time_count:  379

top_values
[6]
[9, 2]
[13, 5]
[16, 7]
[28]
[2, 29]
[2, 7, 8, 17]
[19, 16]
[19, 18]
[19, 14, 4]
[11, 3, 14, 7]
[9, 13, 4, 6]
[3, 12, 4, 6]
[2, 1, 7, 4, 6]
[2, 2, 7, 4, 5]
[4, 6, 3, 4]
[1, 5, 4]
[4, 4]
[4, 4]
[3, 4]

left_values
[2]
[4]
[3]
[3]
[4]
[4]
[4]
[5]
[5]
[6]
[6]
[5]
[8]
[8]
[9]
[11]
[11]
[14]
[9, 3]
[12, 1]
[6, 7]
[6, 3, 3]
[6, 2]
[6, 11]
[7, 12]
[19]
[17]
[15]
[13]
[12]
[9]
[9]
[8]
[12]
[17]
[19]
[19]
[7, 4]
[9, 1]
[10]
[11]
[8]
[6]
[6]
[5]
