Puzzle number: 137960
width:  50
height:  50
solved_count:  409
AVE_TIME:  '00:13:36'
ave_time_count:  121

top_values
[2]
[7]
[10]
[14]
[17]
[21]
[24]
[26]
[28]
[30]
[32]
[34]
[35]
[25]
[25]
[29]
[33]
[1, 38]
[2, 18, 14]
[3, 15, 10]
[3, 15, 9]
[3, 13, 19]
[3, 13, 22]
[3, 12, 8, 9]
[2, 11, 7]
[2, 11, 6]
[13, 6]
[12, 5]
[12, 4]
[11, 4]
[10, 3]
[7, 2]
[5, 1]
[5]
[6]
[6]
[6]
[4]
[2]
[]
[]
[18]
[29]
[34]
[8, 10]
[6, 7]
[4, 3]
[2, 1]
[]
[]

left_values
[18]
[20]
[6, 12]
[4, 13]
[13]
[9, 3]
[10]
[11]
[12, 1]
[13, 2]
[13, 1]
[13, 2]
[12, 2]
[12, 2]
[12, 2]
[12, 2]
[13, 3]
[12, 2]
[13, 2]
[12, 2]
[12, 3]
[12, 2]
[12, 2]
[11, 2]
[12, 2]
[12, 2]
[13, 1, 3]
[12, 1, 3]
[12, 2, 3]
[13, 2, 3]
[13, 2, 3]
[13, 3, 3]
[13, 3, 3]
[14, 3, 3]
[14, 2, 3]
[15, 2, 3]
[16, 2, 3]
[16, 2, 3]
[11, 4, 2, 3]
[10, 5, 2, 3]
[11, 5, 2, 4]
[11, 8, 4]
[11, 8, 4]
[12, 9, 5]
[12, 10, 4]
[12, 11, 4]
[12, 13, 4]
[12, 14, 5]
[13, 14, 5]
[13, 13, 5]
