Puzzle number: 138115
width:  40
height:  45
solved_count:  389
AVE_TIME:  '00:24:54'
ave_time_count:  102

top_values
[12, 3, 2]
[1, 12, 4]
[21]
[9, 13, 1]
[6, 10, 2]
[2, 2, 13, 2]
[1, 1, 27]
[35]
[32, 2]
[18, 9, 1]
[9, 7, 7, 1]
[6, 15, 3]
[2, 17, 2]
[20]
[27]
[10, 19]
[10, 17]
[32]
[8, 4, 18]
[1, 15, 9, 3]
[12, 16, 2]
[27, 7]
[19, 5, 5]
[13, 1, 7, 5, 1]
[11, 2, 4, 8]
[6, 4, 2, 2, 2, 7, 3]
[4, 3, 1, 7, 14]
[2, 4, 36]
[1, 4, 15, 5, 2, 2]
[4, 13, 5, 6]
[15, 2, 18]
[4, 8, 23]
[1, 10, 7, 2, 5]
[11, 8, 2, 5]
[10, 19, 6]
[8, 34]
[21, 1, 1, 7]
[20, 4, 3]
[6, 11, 3, 2]
[3, 12, 3, 1]

left_values
[2, 10, 5, 7, 10]
[1, 3, 6, 4, 7, 3, 7]
[1, 3, 5, 5, 6, 4, 7]
[1, 10, 5, 6, 11]
[6, 5, 5, 5, 4, 7]
[5, 5, 5, 5, 2, 1, 7]
[4, 5, 5, 5, 2, 8, 1]
[4, 5, 6, 8, 9, 1]
[4, 5, 5, 8, 7, 4]
[3, 4, 14, 8, 4]
[3, 4, 4, 9, 7, 5]
[3, 10, 7, 7, 5]
[3, 10, 7, 6, 5]
[3, 10, 1, 4, 6, 6]
[3, 12, 4, 5, 7]
[3, 18, 5, 7]
[1, 2, 18, 6, 8]
[25, 14]
[9, 9, 2, 13]
[8, 11, 6, 7]
[8, 11, 2, 2, 6]
[7, 11, 2, 2, 6]
[7, 14, 2, 3, 2, 1]
[1, 6, 8, 4, 1, 3, 2, 1]
[1, 7, 8, 4, 5, 2, 2]
[6, 12, 1, 5, 2, 2]
[6, 11, 7, 2, 2]
[5, 8, 2, 6, 4]
[1, 5, 7, 5, 2, 2, 1]
[1, 5, 6, 4, 2, 2]
[8, 5, 5, 2, 3]
[8, 5, 8, 2]
[2, 4, 4, 5, 3, 1]
[2, 1, 14, 1]
[2, 1, 13, 1]
[1, 3, 2, 3, 1, 1]
[1, 3, 2, 3, 1, 1]
[3, 3, 3, 2]
[1, 1, 3, 7]
[1, 3, 6]
[1, 1, 5]
[1, 1, 5]
[1, 5]
[1, 4]
[1, 4]
