Puzzle number: 138279
width:  45
height:  40
solved_count:  502
AVE_TIME:  '00:10:48'
ave_time_count:  145

top_values
[40]
[7, 20]
[9, 11]
[8]
[8]
[5, 7]
[11, 7]
[4, 8]
[4, 7]
[7, 4, 8]
[5, 4, 8]
[6, 5, 8]
[4, 6, 7]
[6, 3, 7, 6]
[7, 4, 8, 4]
[4, 5, 6, 2]
[8, 4, 5]
[5, 4, 5]
[4, 3, 3]
[4, 2, 2]
[4, 2, 1]
[4, 4]
[4, 3]
[4, 5]
[3, 3]
[3, 2]
[2, 2]
[2]
[3]
[2]
[2]
[1]
[1]
[]
[]
[]
[]
[]
[]
[]
[]
[]
[]
[]
[]

left_values
[2, 2, 1, 1]
[2, 2, 1, 1]
[2, 2, 1, 1]
[3, 2, 1, 2]
[3, 2, 1, 2]
[3, 1, 2, 2]
[3, 1, 2, 1]
[1, 1, 1, 1, 1]
[1, 2, 1, 2, 2]
[1, 2, 2, 2, 2]
[1, 2, 2, 1, 2]
[1, 2, 2, 1, 2]
[1, 2, 2, 2, 1]
[1, 2, 2, 2, 1]
[1, 2, 2, 1, 1]
[1, 2, 2, 2, 1]
[1, 2, 2, 1, 2]
[1, 2, 2, 2, 2]
[1, 2, 2, 1, 1]
[1, 3, 2, 2, 2]
[2, 2, 2, 2, 2]
[2, 3, 2, 1, 2]
[2, 3, 2, 2, 2]
[2, 2, 2, 2, 2]
[2, 3, 2, 1, 2]
[2, 3, 2, 2, 2]
[2, 3, 2, 1, 2]
[2, 3, 2, 1, 2]
[2, 4, 2, 2, 2]
[3, 3, 2, 1, 2]
[3, 4, 2, 2, 2]
[3, 3, 2, 2, 2]
[3, 4, 3, 2, 2]
[3, 4, 2, 1, 2]
[3, 4, 2, 2, 1]
[3, 4, 2, 3, 2]
[3, 4, 2, 2, 2]
[3, 4, 2, 2, 2]
[3, 4, 3, 4, 3]
[3, 3, 4, 4, 5]
