Puzzle number: 138256
width:  45
height:  35
solved_count:  632
AVE_TIME:  '00:07:48'
ave_time_count:  177

top_values
[15, 5]
[14, 5]
[14, 5]
[14, 1, 5]
[14, 1, 5]
[14, 1, 5]
[14, 1, 5]
[13, 2, 5]
[13, 2, 6]
[13, 1, 5]
[12, 2, 5]
[11, 1, 5]
[9, 6]
[7, 6]
[7, 6]
[7, 1, 6]
[7, 1, 6]
[6, 1, 5]
[6, 1, 4]
[6, 2, 3]
[6, 1, 2]
[5, 2, 2]
[5, 1]
[5, 1]
[4, 1]
[4, 1]
[3, 1]
[2]
[2]
[1, 1]
[2]
[2]
[2]
[3]
[2]
[1]
[]
[]
[]
[]
[]
[]
[]
[]
[]

left_values
[30, 3]
[29, 3]
[27, 4]
[26, 3]
[24]
[21]
[17, 2]
[13, 4]
[13, 3]
[12, 5]
[12]
[11]
[10]
[7]
[1, 2]
[4]
[6]
[]
[]
[]
[]
[1]
[3, 2]
[5, 5]
[7, 8]
[9, 11]
[21]
[16]
[10]
[6]
[3]
[]
[]
[]
[]
