Puzzle number: 138433
width:  40
height:  35
solved_count:  1048
AVE_TIME:  '00:08:00'
ave_time_count:  126

top_values
[]
[]
[]
[]
[]
[2]
[4]
[6]
[7]
[9]
[10]
[11]
[12]
[13]
[13]
[13]
[12]
[10]
[10]
[4, 9]
[6, 10]
[17]
[11, 2]
[11, 1, 6]
[12, 3, 9]
[12, 1, 12]
[13, 2, 14]
[13, 1, 17]
[14, 1, 17]
[14, 2, 17]
[14, 16]
[30]
[28]
[24]
[20]
[14, 1]
[13, 2]
[1, 13, 4]
[3, 12, 6]
[4, 28]

left_values
[10, 11, 3]
[11, 12, 2]
[10, 14, 2]
[11, 15, 1]
[10, 16]
[11, 18]
[11, 19]
[31]
[31]
[30]
[29]
[10, 16]
[9, 14]
[7, 2, 12]
[6, 3, 10]
[5, 1, 4, 9]
[3, 1, 9]
[3, 9]
[12, 1]
[12, 1]
[12, 1]
[12, 1]
[12, 1]
[12, 1]
[10, 1]
[10, 1]
[9, 1]
[8, 1]
[8, 1]
[7, 2]
[6, 2]
[5, 3]
[4, 3]
[4, 4]
[3, 4]
