Puzzle number: 138534
width:  40
height:  40
solved_count:  593
AVE_TIME:  '00:10:43'
ave_time_count:  141

top_values
[17, 1]
[19, 1]
[21, 1]
[22, 1]
[13, 8]
[14, 3]
[17, 2]
[16, 2]
[17, 2]
[16, 2]
[2, 7, 2]
[2, 2]
[2, 2]
[5, 2]
[7, 3, 1, 1]
[6, 3, 1, 2]
[6, 5, 4]
[7, 6, 5]
[11, 6]
[6]
[7]
[8]
[8]
[8]
[9]
[10]
[10]
[11]
[12]
[12]
[13]
[14]
[3, 14]
[1, 6, 15]
[5, 14]
[5, 15]
[4, 15]
[5, 15]
[4, 14]
[4, 14]

left_values
[6, 1, 3]
[6, 3]
[2, 3, 5]
[3, 3, 5]
[4, 4, 4]
[4, 3, 4]
[4, 4, 3]
[5, 3, 2]
[5, 2, 3]
[6, 2, 2]
[6, 2, 2]
[7, 2]
[8, 2]
[9, 1]
[8, 1]
[9, 1]
[8, 1]
[9, 2]
[9, 2]
[7, 2]
[7, 2, 1]
[6, 2, 3]
[6, 2, 4]
[5, 1, 5]
[4, 2, 6]
[4, 3, 7]
[5, 2, 9]
[5, 1, 10]
[5, 12]
[5, 13]
[5, 3, 15]
[6, 3, 16]
[13, 19]
[11, 20]
[21]
[21]
[21]
[20]
[19]
[4, 20]
