Puzzle number: 138653
width:  40
height:  40
solved_count:  623
AVE_TIME:  '00:04:07'
ave_time_count:  126

top_values
[5, 18, 1]
[4, 17, 1]
[3, 17, 1]
[3, 18, 1]
[2, 18, 1]
[2, 18, 1]
[2, 17, 1]
[1, 18, 1]
[3, 16]
[3, 16]
[2, 15]
[3, 15]
[3, 15]
[2, 14]
[2, 14]
[2, 13]
[2, 13]
[1, 12]
[2, 12]
[1, 11]
[2, 11]
[1, 10]
[2, 9]
[1, 9]
[5, 2]
[4]
[4]
[5]
[4]
[4]
[3]
[2]
[1]
[]
[]
[]
[]
[]
[]
[]

left_values
[2]
[4]
[6]
[4]
[3]
[2]
[1]
[]
[]
[]
[]
[]
[]
[]
[]
[]
[]
[]
[1]
[6]
[10]
[13]
[15]
[8, 6]
[10, 4]
[13, 3]
[15, 3]
[17, 2]
[19]
[21]
[22]
[24]
[25]
[26]
[28]
[29]
[27]
[17, 5]
[17, 5]
[25, 4]
