Puzzle number: 139162
width:  25
height:  30
solved_count:  2322
AVE_TIME:  '00:14:09'
ave_time_count:  609

top_values
[4]
[1]
[2]
[2, 1]
[3, 6, 2]
[3, 19]
[4, 16]
[1, 18]
[18]
[18]
[8, 8]
[2, 4, 7]
[3, 1, 7]
[1, 1, 6]
[2, 1, 7]
[3, 8]
[2, 8]
[1, 8]
[8]
[8]
[9]
[4, 8]
[2, 1]
[2, 2]
[4]

left_values
[1, 1]
[3]
[2]
[2, 1, 1]
[5, 2]
[4, 9]
[9]
[8]
[5]
[4]
[5]
[5]
[6]
[6]
[7]
[9]
[13]
[18, 1]
[19]
[18]
[18]
[19]
[3, 3, 8]
[1, 3, 7]
[1, 2, 5]
[1, 2, 4]
[1, 1, 2]
[1, 1, 1]
[1, 1, 1]
[1, 1, 1]
