Puzzle number: 139372
width:  45
height:  30
solved_count:  523
AVE_TIME:  '00:12:13'
ave_time_count:  147

top_values
[5, 2, 3, 7]
[2, 4, 4, 6]
[7, 5, 6]
[15, 4]
[16, 2]
[18, 1]
[3, 14, 1]
[3, 13, 1]
[3, 12, 1]
[3, 11, 1]
[4, 12]
[4, 13]
[17]
[17]
[16]
[14]
[11]
[10, 2]
[9, 4]
[10, 5]
[14, 5]
[15, 5]
[16, 3]
[4, 6]
[4, 3]
[4, 4]
[3, 5]
[4, 9]
[5, 3, 3]
[7, 3]
[14]
[9]
[5, 1]
[4]
[5]
[4]
[3]
[1]
[]
[]
[]
[]
[]
[]
[]

left_values
[]
[]
[]
[]
[1]
[1]
[2]
[2]
[1, 6, 4]
[9, 7]
[11, 9]
[5, 4, 9]
[5, 4, 3, 3]
[6, 3, 3, 2]
[1, 6, 3, 4, 3]
[1, 7, 12, 2]
[20, 2]
[21, 2]
[24, 2]
[24, 1]
[24, 1]
[31]
[29]
[1, 29]
[3, 13, 3, 4]
[3, 12, 3, 2, 5]
[4, 10, 4, 1, 6]
[4, 6, 5, 2, 7]
[5, 3, 6, 2, 1, 3]
[10, 1, 6, 2, 2, 4]
