Puzzle number: 139843
width:  50
height:  50
solved_count:  515
AVE_TIME:  '00:13:01'
ave_time_count:  145

top_values
[1, 1, 10]
[1, 1, 10]
[1, 1, 10]
[1, 1, 10]
[1, 1, 10]
[5, 7, 2]
[8, 6, 3]
[2, 1, 5, 3]
[1, 1, 6, 3]
[5, 7, 2]
[1, 1, 10]
[2, 1, 10]
[8, 10]
[5, 10]
[1, 1, 10]
[1, 1, 4, 7, 2]
[1, 1, 4, 6, 3]
[1, 1, 5, 3]
[1, 1, 6, 3]
[5, 7, 2]
[8, 10]
[2, 1, 10]
[1, 1, 12]
[5, 1, 9]
[1, 1, 1, 9]
[2, 1, 9, 2]
[8, 6, 3]
[5, 5, 3]
[1, 1, 2, 6, 3]
[1, 1, 2, 7, 2]
[1, 1, 10]
[1, 1, 10]
[1, 1, 4, 10]
[5, 4, 10]
[8, 9]
[2, 1, 8]
[1, 1, 7]
[5, 6]
[1, 1, 5]
[2, 1, 5]
[8, 4]
[5, 4, 4]
[1, 1, 2, 1, 4]
[1, 1, 1, 1, 1, 2]
[1, 1, 4, 1, 1, 1, 2]
[1, 1, 4, 2, 1, 1, 1]
[1, 1, 4, 1, 1]
[5, 1, 1]
[8, 1]
[2, 1, 1]

left_values
[]
[]
[]
[]
[]
[]
[]
[]
[]
[]
[]
[]
[]
[]
[]
[]
[]
[1, 1, 1, 1, 1, 1, 1]
[2, 2, 2, 2, 2, 2, 2]
[3, 3, 3, 3, 3, 3, 3, 3, 3, 3, 2]
[1, 3, 1, 3, 3, 1, 3, 3, 1, 3, 3]
[2, 1, 2, 2, 1, 2, 2, 1, 2, 2]
[2, 1, 2, 2, 1, 2, 2, 1, 2, 2]
[2, 1, 2, 2, 1, 2, 2, 1, 2, 2]
[50]
[]
[]
[]
[]
[]
[]
[2, 2, 2]
[2, 2, 2]
[2, 2, 2]
[2, 2, 2]
[]
[]
[2, 2]
[1, 1, 2, 2]
[1, 1, 1, 1]
[23, 9, 2, 2]
[35, 1, 1]
[36, 1, 1]
[37, 6]
[38]
[7, 9, 9, 12]
[6, 7, 7, 21]
[5, 3, 5, 3, 5, 3, 13]
[45]
[48]
