Puzzle number: 140386
width:  30
height:  30
solved_count:  2208
AVE_TIME:  '00:06:35'
ave_time_count:  154

top_values
[6, 1, 1, 6, 2, 1]
[7, 1, 1, 6, 2, 1]
[3, 3, 1, 1, 4, 1, 1, 1]
[3, 3, 1, 1, 1, 1, 1, 1, 1]
[2, 3, 1, 2, 2, 1, 2, 2, 1]
[1, 3, 1, 2, 2, 1, 2, 4]
[1, 3, 1, 2, 1, 1, 2, 4]
[1, 2, 1, 2, 2, 1, 2, 3]
[1, 2, 2, 2, 2, 1, 1, 3]
[1, 2, 1, 2, 1, 1, 1, 3]
[1, 2, 1, 4, 1, 2, 3]
[1, 2, 1, 5, 1, 2, 3]
[1, 2, 1, 5, 2, 2, 3]
[1, 3, 1, 5, 2, 2, 3]
[2, 5, 5, 2, 2, 3]
[9, 5, 7, 1, 1]
[15, 7, 3]
[14, 7, 3]
[4, 4, 4, 2, 4, 3]
[4, 3, 7, 4, 4]
[5, 2, 7, 3, 5]
[8, 6, 10]
[7, 7, 10]
[7, 18]
[6, 18]
[5, 18]
[5, 17]
[5, 17]
[5, 16]
[6, 16]

left_values
[18, 1]
[5, 16]
[4, 15]
[2, 15]
[30]
[18, 10]
[6, 6, 4]
[6, 3]
[14]
[9, 5]
[7]
[17]
[26]
[18]
[10, 12]
[5, 11]
[6, 15]
[3, 18]
[18, 8]
[3, 4, 7]
[2, 4, 10, 9]
[30]
[15]
[11]
[9]
[10]
[7, 11]
[2, 26]
[10, 14]
[30]
