Puzzle number: 140321
width:  30
height:  30
solved_count:  1708
AVE_TIME:  '00:09:07'
ave_time_count:  131

top_values
[4, 13, 5]
[22]
[23]
[10, 1, 2, 1, 2]
[11]
[13]
[22]
[19]
[4, 8, 6]
[10, 1, 1, 5]
[10, 5]
[21, 5]
[22, 4]
[23, 2]
[7, 15]
[3, 1, 6, 4]
[2, 8, 5]
[1, 1, 9, 4]
[4, 12, 2]
[18, 4]
[15, 5]
[3, 9, 7]
[5, 5]
[3]
[3]
[3, 9, 3]
[5, 10, 3]
[5, 18]
[4, 18, 1]
[3, 9, 7, 2]

left_values
[10, 3, 5]
[9, 3, 5]
[1, 8, 4, 5]
[1, 7, 4, 3]
[1, 6, 4, 2]
[1, 6, 4]
[3, 6, 4]
[4, 5, 4]
[6, 6, 5, 1]
[6, 6, 5, 3]
[7, 5, 5, 3]
[8, 4, 4, 3]
[8, 4, 4, 4]
[8, 4, 4, 5]
[9, 4, 4, 5]
[10, 4, 4, 5]
[3, 5, 4, 4, 5]
[4, 5, 9, 4]
[3, 4, 8, 4]
[3, 3, 8, 4]
[3, 3, 7, 5]
[4, 3, 6, 5]
[4, 2, 4, 3]
[2, 2, 1, 3]
[3, 3, 1, 4]
[3, 6, 1, 3, 5]
[3, 7, 3, 4, 6]
[3, 7, 3, 7]
[4, 8, 10, 1]
[4, 8, 9, 2]
