Puzzle number: 140345
width:  30
height:  30
solved_count:  1458
AVE_TIME:  '00:12:14'
ave_time_count:  102

top_values
[10, 12]
[10, 11]
[9, 11]
[1, 6, 10, 3]
[3, 7, 6]
[5, 7]
[6, 3, 9]
[8, 1, 2, 9]
[12, 9]
[13, 7, 5]
[23]
[9, 10]
[4, 16]
[2, 14]
[3, 1, 12]
[4, 3, 3, 5]
[5, 7, 6]
[13, 6, 2]
[13, 10, 1]
[5, 1, 3, 13, 1]
[3, 3, 9, 3, 1]
[2, 2, 3, 2, 6]
[4, 1, 2, 7]
[4, 2, 2, 8]
[4, 2, 1, 6, 3]
[3, 5, 6]
[3, 8]
[4, 9]
[2, 7]
[9]

left_values
[4, 5, 8]
[3, 5, 8]
[4, 6, 7, 2]
[4, 6, 5, 4]
[4, 6, 4, 4]
[5, 7, 2, 3]
[5, 7, 2, 2]
[5, 7, 4, 1]
[3, 5, 3, 2]
[2, 5, 8]
[4, 6]
[3, 3, 6]
[4, 2, 1, 5, 2, 1]
[4, 3, 2, 3, 2]
[5, 4, 3, 1]
[6, 5, 3, 2]
[6, 5, 3, 3]
[8, 5, 3, 3]
[8, 6, 4, 2]
[7, 6, 4, 2]
[5, 7, 5, 2]
[4, 3, 6, 5, 1, 1, 1]
[1, 5, 6, 4, 2, 2, 1]
[7, 3, 3, 2, 4]
[7, 3, 1, 6, 5]
[7, 5, 6, 5]
[6, 5, 5, 5]
[6, 8, 9]
[4, 5, 9]
[3, 3, 11]
