Puzzle number: 140340
width:  30
height:  30
solved_count:  1952
AVE_TIME:  '00:07:20'
ave_time_count:  167

top_values
[24]
[25]
[4, 22]
[3, 20]
[4, 1, 16]
[1, 1, 1, 15]
[9, 1, 1, 11]
[15, 2, 7]
[17, 1, 4]
[18, 1, 1]
[20, 1]
[24, 1]
[2, 25, 1]
[1, 2, 1, 22]
[1, 1, 4, 15]
[3, 5, 14]
[13, 2, 6]
[15, 2, 5]
[16, 4, 4]
[18, 1, 4, 4]
[20, 4, 3]
[26, 2]
[25, 2]
[25, 2]
[26, 3]
[28]
[27, 1]
[26]
[25]
[25]

left_values
[14, 1]
[6, 10, 2]
[6, 16]
[12, 14]
[5, 8, 15]
[5, 7, 15]
[3, 1, 8, 15]
[2, 8, 15]
[3, 8, 15]
[4, 9, 14]
[5, 9, 14]
[4, 8, 14]
[4, 9, 14]
[5, 8, 13]
[5, 7, 13]
[7, 7, 12]
[6, 8, 11]
[6, 7, 11]
[7, 7, 10]
[7, 7, 11]
[8, 5, 1, 9]
[8, 5, 12]
[7, 6, 13]
[9, 5, 13]
[8, 5, 11]
[8, 7, 9]
[9, 8, 1, 5]
[10, 9, 3]
[8, 13]
[1, 1, 3, 15]
