Puzzle number: 140486
width:  35
height:  20
solved_count:  2375
AVE_TIME:  '00:02:32'
ave_time_count:  357

top_values
[20]
[4, 5]
[4, 7, 5]
[4, 1, 1, 5]
[4, 7, 5]
[4, 1, 1, 5]
[4, 7, 5]
[4, 1, 1, 5]
[4, 7, 5]
[4, 5]
[4, 7, 5]
[4, 1, 1, 5]
[4, 7, 5]
[4, 1, 1, 5]
[4, 7, 5]
[4, 5]
[4, 5]
[4, 14]
[4, 3, 6]
[4, 2, 6]
[4, 2, 6]
[4, 3, 6]
[4, 14]
[4, 3, 6]
[4, 2, 6]
[4, 2, 6]
[4, 3, 6]
[4, 14]
[4, 3, 2, 1, 1]
[4, 2, 1, 1, 1]
[4, 2, 1, 1, 1]
[4, 3, 1, 1, 1]
[4, 10, 1, 1]
[20]
[4]

left_values
[35]
[35]
[35]
[35]
[1, 1]
[1, 1]
[1, 7, 5, 17]
[1, 1, 1, 1, 1, 1, 1, 1, 17]
[1, 1, 1, 1, 1, 1, 1, 1, 2, 3, 3, 3]
[1, 1, 1, 1, 1, 1, 1, 1, 1, 1, 1, 2]
[1, 1, 1, 1, 1, 1, 1, 1, 1, 1, 1, 2]
[1, 1, 1, 1, 1, 1, 1, 1, 1, 1, 1, 2]
[1, 7, 5, 1, 1, 1, 2]
[1, 1, 1, 1, 2]
[1, 12, 2]
[34]
[28, 1]
[34]
[28, 1]
[34]
