Puzzle number: 140484
width:  40
height:  25
solved_count:  1983
AVE_TIME:  '00:04:43'
ave_time_count:  284

top_values
[25]
[6, 11]
[4, 11]
[3, 11]
[3, 11]
[3, 11]
[3, 11]
[4, 11]
[6, 11]
[25]
[11]
[5, 12]
[1, 1, 12]
[1, 1, 10]
[5, 9]
[1, 1, 7]
[1, 1]
[5, 10]
[1, 5]
[10]
[]
[]
[10]
[1, 1, 1, 1, 1]
[1, 1, 1, 1, 1]
[6, 10]
[1, 1, 1]
[6, 1]
[1, 1, 10]
[6, 1, 1, 1, 1, 1]
[1, 1, 1, 1, 1, 1, 1]
[6, 10]
[]
[25]
[1, 2]
[5]
[1, 2]
[15]
[1, 12]
[5]

left_values
[10, 1]
[10, 1]
[10, 1]
[3, 3, 1]
[2, 2, 1]
[2, 2, 7, 7, 1]
[1, 1, 1, 1, 1, 1, 1, 1, 1, 1]
[1, 1, 1, 1, 1, 1, 1, 1, 1, 1]
[1, 1, 1, 1, 1, 1, 1, 1, 1, 1]
[1, 1, 7, 1, 1, 1, 1, 1]
[1, 1, 7, 7]
[1, 1, 1, 1, 1, 1]
[1, 1, 1, 1, 1, 1]
[1, 1, 2, 7]
[13, 7]
[14, 3, 10, 1, 2]
[15, 1, 1, 1, 1, 1, 1, 1, 2]
[15, 1, 1, 4, 4, 1, 2]
[16, 1, 1, 1, 1, 1, 1, 1, 2]
[16, 1, 1, 4, 4, 1, 2]
[16, 3, 1, 1, 1, 1, 1, 2]
[16, 3, 4, 4, 1, 2]
[16, 3, 1, 1, 1, 1, 1, 2]
[16, 3, 4, 4, 1, 2]
[16, 3, 1, 1, 1, 1, 1, 2]
