Puzzle number: 140559
width:  20
height:  20
solved_count:  1843
AVE_TIME:  '00:15:16'
ave_time_count:  271

top_values
[7, 3]
[1, 3, 2]
[2, 2, 2]
[2, 1, 1]
[2, 4]
[2, 2, 1]
[2, 2, 1]
[2, 1, 1]
[2, 1, 1]
[1, 3, 2]
[1, 1, 1, 2, 2]
[1, 4, 3, 3]
[2, 5, 2, 2]
[1, 3, 3, 1]
[2, 1, 2, 1, 1]
[2, 2, 2, 1]
[2, 6, 1, 3]
[1, 2, 1, 1, 2]
[6, 1, 2, 1, 1]
[2, 5, 6]

left_values
[2, 10, 1]
[1, 7, 3, 1]
[1, 1, 2, 1]
[1, 2, 1]
[1, 1, 3]
[2, 1]
[5, 2, 1, 1, 2]
[2, 1, 3, 1, 2]
[2, 3, 2, 1]
[5, 4, 2, 1]
[2, 2, 1, 1, 2, 2]
[2, 4, 4]
[1, 6, 1]
[1, 3, 2, 2]
[3, 3]
[4, 1]
[1, 2, 2]
[2, 2, 1]
[8]
[2, 1]
