Puzzle number: 140775
width:  35
height:  35
solved_count:  1655
AVE_TIME:  '00:13:39'
ave_time_count:  260

top_values
[1, 3, 2, 3]
[14, 17]
[14, 2, 3]
[15, 2, 3]
[1, 13, 17]
[2, 2, 3, 2, 3]
[1, 2, 1, 1, 3]
[1, 2, 5, 1, 1, 3, 3]
[2, 7, 1, 7]
[3, 7, 1, 7, 10]
[4, 6, 1, 7, 10]
[2, 4, 5, 1, 7, 10]
[4, 6, 1, 7, 10]
[3, 7, 1, 7, 10]
[2, 7, 1, 7]
[1, 2, 5, 1, 1, 3, 3]
[1, 2, 1, 1, 3]
[2, 2, 3, 2, 3]
[1, 13, 17]
[15, 2, 3]
[14, 2, 3]
[14, 17]
[1, 3, 2, 3]
[1, 1]
[2, 1]
[2, 2, 1]
[3, 4, 3, 8]
[7, 9, 8]
[7, 9, 8]
[3, 4, 3, 8]
[2, 2, 1]
[2, 1, 3]
[1, 2, 3]
[1, 17]
[1, 2, 3]

left_values
[3, 1, 3]
[3, 1, 3]
[3, 3]
[23]
[21]
[4, 5, 4]
[4, 3, 4]
[4, 2, 2, 4]
[4, 4, 4, 4, 2]
[4, 9, 4, 2]
[4, 9, 4, 2]
[4, 9, 4, 2]
[4, 9, 4, 4]
[6, 7, 6, 6]
[6, 6, 8]
[25, 4]
[]
[5, 4]
[35]
[6, 7, 6, 6, 3]
[1, 1, 9, 1, 1, 4, 1]
[1, 1, 9, 1, 1, 2, 1]
[1, 1, 9, 1, 1, 2, 1]
[1, 1, 7, 1, 1, 4, 1]
[1, 1, 1, 1, 1, 1, 4, 1]
[1, 1, 5, 1, 1, 6, 1]
[1, 1, 5, 1, 1, 1]
[1, 1, 5, 1, 1, 4, 1]
[1, 1, 5, 1, 1, 4, 1]
[1, 1, 5, 1, 1, 4, 1]
[1, 1, 5, 1, 1, 4, 1]
[1, 1, 5, 1, 1, 4, 1]
[8, 5, 8, 4, 4]
[8, 5, 8, 4, 4]
[8, 5, 8, 4, 4]
