Puzzle number: 140920
width:  40
height:  40
solved_count:  1203
AVE_TIME:  '00:04:40'
ave_time_count:  277

top_values
[]
[]
[]
[]
[18]
[28]
[35]
[40]
[40]
[40]
[40]
[40]
[40]
[40]
[40]
[40]
[40]
[40]
[40]
[40]
[40]
[40]
[40]
[40]
[40]
[40]
[40]
[39]
[37]
[36]
[34]
[32, 2]
[30, 3]
[27, 4]
[25, 5]
[22, 6]
[19, 6]
[16, 7]
[12, 9]
[7, 12]

left_values
[33]
[33]
[33]
[34]
[34]
[34]
[35]
[34]
[34]
[34]
[34]
[35]
[34]
[34]
[34]
[34]
[33]
[33]
[33]
[32]
[32]
[32]
[31]
[31]
[31, 1]
[30, 1]
[30, 1]
[29, 2]
[29, 2]
[28, 3]
[27, 3]
[27, 4]
[26, 5]
[26, 5]
[24, 6]
[24, 6]
[23, 4]
[22, 4]
[21, 4]
[20, 3]
