Puzzle number: 141092
width:  50
height:  50
solved_count:  1159
AVE_TIME:  '00:07:15'
ave_time_count:  177

top_values
[]
[2]
[6]
[8]
[8]
[9]
[10]
[11]
[12]
[13]
[13]
[14]
[15]
[16]
[16]
[16]
[17]
[17]
[18]
[18]
[18]
[18]
[19]
[20]
[20]
[20]
[20]
[21]
[21]
[21]
[21]
[22]
[22]
[4, 22]
[7, 22]
[10, 22]
[11, 21]
[14, 22]
[16, 21]
[16, 21]
[18, 20]
[18, 19]
[19, 19]
[21, 18]
[21, 18, 1]
[21, 17, 1]
[22, 16, 2]
[23, 15, 2]
[24, 14, 3]
[24, 13, 3]

left_values
[4]
[7]
[10]
[12]
[13]
[13]
[14]
[15]
[16]
[16]
[17]
[17]
[17]
[17]
[16]
[15]
[15]
[13]
[12]
[10]
[8]
[7]
[3]
[2]
[]
[]
[]
[4]
[12]
[19]
[26]
[28]
[32]
[34]
[37]
[38]
[39]
[41]
[42]
[43]
[44]
[45]
[47]
[47]
[46]
[45]
[43]
[39, 2]
[37, 4]
[34, 6]
