Puzzle number: 141026
width:  50
height:  50
solved_count:  461
AVE_TIME:  '00:28:24'
ave_time_count:  105

top_values
[2, 15, 11, 1, 1]
[32, 11]
[23, 10, 12]
[11, 1, 9, 13]
[8, 9, 10]
[10, 7]
[18, 8, 5]
[30, 1, 8, 3]
[21, 9, 2]
[11, 9]
[6]
[4]
[3]
[1]
[1]
[2]
[2]
[3]
[28, 2]
[4, 10, 10, 2]
[2, 1]
[27, 2, 1]
[33, 2, 1]
[11, 2, 1]
[5]
[3, 2, 30, 7]
[5, 40, 3]
[8, 36, 1, 1]
[43, 1, 1]
[44, 2, 2]
[29, 9]
[7, 10]
[7, 1, 1, 1, 1, 1, 12]
[12, 1, 1, 2, 1, 2, 1, 13]
[14, 4, 1, 1, 2, 14]
[24, 16]
[16, 18]
[26, 1, 21]
[16, 1, 3, 21]
[17, 2, 1, 2, 3, 7, 7]
[8, 14, 6, 2, 7]
[30, 2, 1, 3, 4]
[28, 2, 1, 2, 1, 3, 4]
[28, 1, 4, 2, 3, 4]
[39, 1, 2]
[27, 8, 2]
[16, 3, 19, 1]
[5, 24]
[26, 13]
[17, 23]

left_values
[3, 3, 2, 2, 2, 3, 2, 1, 2, 8]
[3, 3, 2, 2, 2, 3, 5, 11]
[3, 3, 2, 2, 6, 5, 11]
[3, 3, 2, 2, 7, 5, 11]
[3, 3, 1, 2, 7, 5, 11]
[3, 3, 1, 2, 1, 11, 8, 2]
[3, 3, 1, 2, 21, 2]
[3, 3, 1, 2, 6, 15, 2]
[3, 3, 1, 2, 2, 3, 8, 6, 2]
[3, 3, 1, 2, 5, 15, 2]
[3, 3, 1, 2, 6, 15, 2]
[2, 2, 1, 1, 6, 15, 2]
[3, 1, 2, 2, 1, 6, 13, 2]
[3, 1, 2, 2, 1, 6, 18]
[2, 1, 3, 2, 1, 6, 15]
[3, 1, 3, 2, 1, 6, 16]
[3, 1, 3, 2, 1, 6, 14, 3]
[3, 1, 3, 2, 2, 6, 2, 2, 9]
[3, 1, 3, 2, 2, 6, 3, 12]
[3, 1, 3, 2, 2, 6, 2, 1, 12]
[3, 3, 2, 2, 6, 1, 2, 6, 2]
[3, 2, 2, 2, 6, 3, 9, 2]
[4, 2, 1, 2, 6, 1, 1, 6, 2]
[2, 2, 1, 2, 6, 3, 3, 5, 2]
[3, 2, 1, 2, 6, 2, 1, 1, 7, 2]
[3, 2, 1, 2, 6, 2, 9]
[3, 2, 1, 2, 6, 10]
[4, 2, 1, 2, 6, 8, 2, 1]
[5, 2, 2, 6, 3, 1, 2, 1]
[5, 2, 2, 5, 2, 3, 1, 2, 1]
[4, 1, 2, 5, 1, 3, 4, 2, 1]
[4, 2, 2, 5, 3, 4, 1, 2, 1]
[1, 4, 2, 5, 5, 3, 2, 1]
[1, 4, 1, 5, 4, 2, 2, 1]
[2, 3, 1, 5, 5, 4, 2, 1]
[2, 4, 1, 1, 5, 5, 4, 2, 1]
[3, 3, 1, 1, 5, 6, 4, 1]
[4, 3, 1, 1, 5, 6, 6, 2]
[4, 4, 1, 1, 5, 7, 4, 2]
[4, 4, 1, 1, 5, 7, 2, 2]
[9, 1, 1, 4, 13, 2, 2]
[10, 3, 21, 2]
[5, 4, 3, 18, 2, 2]
[5, 3, 1, 1, 16, 2, 2]
[5, 4, 1, 4, 14, 2]
[1, 5, 3, 3, 17, 2]
[5, 4, 5, 18, 2]
[1, 6, 4, 11, 9, 3, 2]
[10, 5, 3, 10, 2]
[15, 18, 1, 2]
