Puzzle number: 141181
width:  40
height:  50
solved_count:  237
AVE_TIME:  '00:13:35'
ave_time_count:  104

top_values
[]
[]
[]
[]
[]
[]
[]
[]
[]
[4]
[6]
[8]
[11]
[12]
[14]
[16]
[18]
[20]
[22]
[24]
[23]
[21]
[10]
[10, 4]
[10, 15]
[13, 22]
[21, 9]
[14, 8, 3]
[12, 12, 3]
[10, 16, 9]
[7, 20, 8]
[4, 38]
[3, 15, 4, 2]
[1, 13, 4, 11]
[1, 3, 5, 2, 4]
[2, 4, 5, 4, 2]
[6, 10, 6]
[5, 3, 10]
[3, 4, 7]
[4]

left_values
[10]
[4, 4]
[5, 3]
[4, 2]
[3, 3]
[3, 2]
[4, 2, 1]
[3, 3, 2]
[3, 3, 2]
[4, 2, 3]
[3, 3, 3]
[3, 3, 3]
[3, 7, 1]
[4, 7, 1]
[3, 7, 1]
[3, 7, 1]
[3, 5, 1, 1]
[4, 4, 1, 1]
[5, 5, 1, 1]
[5, 5, 3]
[5, 4, 1, 1]
[5, 4, 1, 1]
[5, 4, 2, 1]
[6, 3, 2, 1]
[7, 3, 1, 1]
[7, 3, 1, 1]
[6, 1, 6, 1]
[5, 1, 5, 1]
[5, 2, 5, 1]
[5, 2, 5, 1]
[5, 1, 4, 1]
[5, 1, 4, 1]
[6, 1, 3, 1, 1]
[6, 1, 3, 1, 2]
[7, 1, 2, 1, 2]
[7, 2, 2, 1, 1]
[8, 2, 2, 1, 1]
[8, 2, 2, 1, 1]
[9, 2, 1, 1, 2]
[10, 2, 2, 1, 1]
[10, 2, 1, 1, 1]
[10, 3, 2, 1, 1]
[11, 3, 3, 1]
[11, 3, 3, 1]
[11, 3, 3, 1]
[11, 3, 3, 1]
[12, 4, 3, 1]
[11, 5, 3, 1]
[11, 5, 2, 2]
[11, 5, 2, 1]
