Puzzle number: 141376
width:  46
height:  33
solved_count:  393
AVE_TIME:  '00:10:06'
ave_time_count:  126

top_values
[1, 2, 1]
[1, 4]
[5]
[1, 4, 1]
[5]
[1, 4, 1]
[5]
[5]
[5]
[5]
[5]
[5]
[5]
[1, 4, 1]
[5]
[5, 1, 1, 1, 1, 1]
[1, 4, 1, 1, 3, 1, 2]
[1, 5, 5, 2]
[1, 5, 1, 1, 5, 2]
[1, 6, 1, 6, 2]
[1, 6, 1, 7, 2]
[1, 6, 1, 1, 7, 2]
[1, 6, 1, 8, 2]
[1, 1, 1, 1, 6, 1, 1, 8, 2]
[1, 3, 1, 7, 1, 1, 9, 2]
[5, 1, 15, 1, 3, 1, 2]
[1, 5, 1, 15, 1, 1, 1, 1, 1]
[1, 5, 1, 14, 1]
[1, 5, 1, 13, 1]
[1, 5, 1, 6, 1, 5, 1]
[1, 11]
[1, 10]
[1, 9]
[1, 8]
[1, 7]
[1, 6]
[1, 4, 1]
[1, 2, 1]
[1, 4, 1]
[1, 6, 1]
[8]
[8]
[8]
[8]
[1, 6, 1]
[1, 4, 1]

left_values
[1, 1, 1]
[1, 3, 1]
[5, 1]
[1, 5, 1]
[1, 5, 1, 1, 4, 1]
[1, 5, 1, 1, 6, 1]
[1, 5, 1, 8]
[1, 5, 1, 8]
[1, 5, 1, 8]
[1, 5, 1, 8]
[1, 12, 1, 1, 6, 1]
[1, 14, 1, 1, 4, 1]
[1, 16]
[1, 17]
[1, 17, 1]
[1, 17, 1]
[1, 11, 1]
[1, 6, 1, 1, 5]
[1, 8, 1, 5]
[1, 15, 1, 5]
[1, 16, 1, 1, 5]
[1, 16, 1, 1, 6]
[1, 15, 1, 1, 7, 1]
[13, 1, 1, 8, 1]
[5, 1, 1, 8, 1]
[1, 2, 1, 1, 8, 1]
[1, 10, 1]
[12]
[1, 10, 1]
[1, 8, 1]
[]
[1, 10, 1]
[1, 10, 1]
