Puzzle number: 141680
width:  50
height:  40
solved_count:  206
AVE_TIME:  '00:27:45'
ave_time_count:  101

top_values
[]
[]
[2]
[6]
[7]
[8]
[9]
[8, 1]
[9]
[10, 2]
[9, 3, 2]
[7, 2, 2, 2]
[5, 3, 2, 2]
[3, 3, 3, 2, 2]
[4, 3, 3, 2, 2]
[4, 3, 3, 2, 2]
[4, 2, 2, 5]
[4, 2, 4, 5]
[4, 1, 2, 3, 4]
[4, 1, 6, 2, 1]
[5, 2, 2, 3, 2, 2]
[5, 2, 1, 3, 3, 2]
[4, 2, 1, 3, 3, 2]
[3, 2, 2, 2, 3, 2]
[4, 2, 3, 3, 2, 2]
[5, 2, 3, 3, 2, 2]
[5, 2, 4, 3, 3, 2]
[6, 2, 4, 3, 3, 2]
[7, 2, 4, 3, 2, 3]
[8, 1, 3, 3, 3, 3]
[3, 4, 2, 3, 2, 3, 3]
[3, 4, 3, 2, 5, 3]
[2, 3, 2, 2, 5, 3]
[4, 3, 2, 2, 5, 4]
[6, 2, 2, 3, 3, 2, 4]
[6, 1, 2, 3, 2, 2, 3]
[6, 1, 3, 3, 2, 2, 2]
[7, 2, 3, 3, 3, 2, 3]
[7, 2, 3, 3, 2, 1, 5]
[7, 2, 3, 3, 3, 1, 4]
[8, 2, 3, 3, 3, 1, 4]
[7, 2, 3, 3, 2, 2, 3]
[7, 3, 3, 3, 2, 2, 4]
[8, 2, 3, 4, 3, 2, 3]
[8, 2, 3, 4, 2, 5]
[9, 2, 3, 3, 2, 4]
[8, 2, 2, 3, 3, 3]
[8, 3, 2, 2, 2, 3]
[8, 3, 2, 2, 2, 3]
[9, 3, 3, 2, 2, 3]

left_values
[5]
[7]
[10]
[13]
[16]
[17]
[19]
[21]
[4, 13, 1]
[4, 7]
[4, 7]
[7, 13]
[19, 3]
[15, 1]
[16, 7]
[9, 11, 1]
[7, 17]
[7, 4, 7]
[4, 3]
[3, 10, 10, 1]
[4, 9, 16]
[4, 4, 16]
[3, 3, 4]
[3, 14]
[11, 9]
[3, 7, 7, 4, 1]
[4, 3, 4, 3, 10, 4]
[4, 7, 5, 10]
[3, 13, 3, 4]
[4, 2, 10, 1]
[11, 13, 2]
[12, 19]
[5, 4, 3, 4, 8]
[7, 7, 6, 4]
[17, 10, 4]
[5, 9, 5, 7]
[5, 3, 11]
[4, 4, 15]
[5, 8, 16, 4]
[6, 5, 16, 1]
