Puzzle number: 141772
width:  15
height:  15
solved_count:  2712
AVE_TIME:  '00:01:32'
ave_time_count:  555

top_values
[15]
[1, 1, 1]
[1, 1, 1]
[1, 5, 4, 2]
[1, 1, 1, 1, 2, 1, 2]
[1, 1, 4, 4]
[1, 1, 1, 1, 1, 1]
[1, 5, 1, 1]
[1, 1, 1]
[1, 1, 3, 1]
[1, 3, 3]
[1, 1, 1, 1, 1]
[1, 1, 1]
[1, 1, 1]
[15]

left_values
[15]
[1, 1]
[1, 5, 1]
[1, 1, 1, 1]
[1, 2, 2, 1]
[1, 1, 1, 1]
[1, 5, 1]
[1, 1, 1]
[15]
[1, 3, 1, 1]
[1, 1, 3, 1]
[1, 3, 1, 1]
[1, 1, 3, 1]
[1, 3, 1, 1]
[15]
