Puzzle number: 141701
width:  45
height:  45
solved_count:  280
AVE_TIME:  '00:25:15'
ave_time_count:  105

top_values
[7, 3, 2]
[3, 4, 2]
[2, 4]
[6, 3]
[7, 2]
[6, 2, 1]
[3, 1]
[5, 1]
[10]
[19]
[15]
[7]
[9]
[9]
[10, 1]
[11, 3]
[1, 7, 2, 4]
[3, 7, 2, 3]
[3, 3, 2, 5, 2]
[3, 2, 2, 6, 5]
[3, 3, 4, 6, 6]
[4, 13, 7]
[1, 5, 10, 8]
[1, 7, 7, 9]
[2, 8, 4, 7]
[15, 17]
[5, 25]
[2, 2, 24]
[1, 3, 22]
[1, 4, 21]
[2, 24]
[11, 5, 8]
[10, 4, 6]
[11, 3, 5]
[15, 4, 3]
[24]
[6, 14]
[7, 8]
[1, 5, 3]
[5]
[]
[]
[]
[]
[]

left_values
[2, 9, 5]
[2, 4, 2, 4]
[3, 2, 7]
[11, 7]
[11, 8]
[6, 11]
[5, 7, 3]
[5, 7, 2]
[5, 6, 2]
[14, 1]
[16]
[14]
[2, 6, 6]
[3, 6, 4]
[4, 5, 7, 4]
[1, 2, 10, 7, 3]
[1, 2, 13, 13]
[1, 3, 8, 18]
[1, 3, 8, 16]
[3, 9, 11, 3]
[2, 23, 2]
[2, 7, 5, 7, 2]
[1, 7, 4, 9, 2]
[2, 5, 2, 11]
[2, 8, 10]
[2, 6, 10]
[2, 3, 4, 10]
[2, 7, 9]
[2, 6, 7]
[2, 2, 2, 7]
[2, 6]
[3, 5]
[2, 4]
[2, 2]
[2, 2]
[2, 3]
[3, 3, 3]
[3, 3, 3]
[4, 4, 3]
[8, 3]
[6, 3]
[3]
[2]
[2, 3]
[2, 3, 2]
