Puzzle number: 141769
width:  20
height:  20
solved_count:  2597
AVE_TIME:  '00:02:58'
ave_time_count:  525

top_values
[1]
[1]
[1]
[5, 2]
[1, 1, 1, 1, 1]
[1, 4, 1]
[2, 2, 1, 1, 1]
[5, 2]
[1, 1]
[17]
[2, 4]
[2, 2, 4]
[3, 4]
[3, 3, 4]
[4, 2, 2, 4]
[3, 4]
[3, 4]
[2, 4]
[17]
[1, 1]

left_values
[1]
[5]
[8]
[12]
[1, 1]
[1, 1]
[1, 1, 1]
[1, 2, 1]
[1, 1, 1]
[5, 1, 2, 1]
[1, 2, 1, 1, 1]
[1, 1, 1, 1, 1]
[1, 2, 1, 1, 1]
[5, 1, 1]
[1, 1, 1]
[3, 1, 1]
[1, 10]
[1, 1, 10]
[1, 1, 10]
[20]
