Puzzle number: 142145
width:  35
height:  45
solved_count:  254
AVE_TIME:  '00:30:36'
ave_time_count:  108

top_values
[6]
[8]
[6]
[8, 2]
[1, 9, 4]
[1, 9, 4]
[12, 3, 1]
[13, 3, 2]
[15, 3, 3]
[15, 2, 1]
[9, 6]
[9, 4, 1]
[4, 3, 3, 5, 3]
[4, 2, 2, 9]
[4, 5, 2, 12]
[5, 5, 2, 2, 6]
[5, 5, 2, 5]
[6, 2, 3, 6, 5, 5]
[6, 2, 2, 12, 4]
[7, 2, 1, 8, 4]
[6, 1, 4]
[7, 4]
[6, 4, 5]
[5, 4, 2, 2, 3, 2]
[6, 4, 2, 7, 3, 2]
[5, 4, 2, 7, 3, 1]
[5, 5, 2, 7, 4, 1]
[5, 3, 3, 5, 4, 4]
[6, 2, 2, 4, 4]
[5, 3, 2, 4, 4, 4]
[6, 3, 1, 2, 6, 2]
[6, 2, 1, 3, 2]
[5, 1, 2, 3]
[5, 4, 3]
[4, 3, 4]

left_values
[]
[]
[]
[2]
[4]
[5]
[7]
[7]
[9]
[11]
[12]
[12]
[11]
[10, 3]
[9, 7]
[9, 6]
[8, 4]
[5, 4]
[4, 3, 10]
[4, 6, 3, 3]
[4, 3, 2, 2]
[4, 4, 1, 2, 2]
[5, 6, 2, 3]
[12, 2, 3]
[9, 1, 4]
[7, 2, 4]
[1, 5, 4, 4]
[1, 5, 8, 5]
[11, 3, 4]
[9, 3, 3]
[8, 1, 3, 3, 1]
[8, 3, 2, 2, 2]
[8, 3, 2, 1, 2]
[8, 3, 2, 2]
[6, 3, 3, 3]
[4, 3, 2, 1, 2]
[3, 2, 3, 2, 2, 3]
[3, 3, 4, 1, 3, 3]
[3, 3, 3, 1, 4, 2]
[4, 3, 3, 4, 2]
[3, 2, 4, 3]
[3, 2, 10, 4, 1]
[2, 2, 2, 1, 8, 3, 3]
[2, 2, 2, 1, 9, 8]
[2, 2, 3, 2, 10, 8]
