Puzzle number: 142151
width:  35
height:  40
solved_count:  470
AVE_TIME:  '00:08:52'
ave_time_count:  118

top_values
[]
[]
[]
[]
[]
[]
[]
[]
[]
[]
[]
[]
[]
[1]
[1]
[2]
[3]
[4]
[4]
[3]
[3, 1]
[3, 2]
[2, 2]
[3, 3, 3]
[8, 4, 3]
[12, 3, 3]
[15, 3, 3, 3]
[16, 6, 3, 1]
[11, 4, 8, 3]
[2, 4, 3, 10, 3, 4]
[3, 9, 7, 5]
[3, 8, 4, 4]
[3, 2, 3, 8]
[3, 7, 7, 2]
[4, 10, 4]

left_values
[4]
[4, 1]
[4, 2]
[4, 3]
[4, 3]
[8]
[7]
[7]
[7]
[6]
[5]
[4]
[4]
[4, 2]
[3, 3, 1]
[5, 1]
[4, 1]
[3, 1]
[2]
[3]
[4, 1]
[4, 2]
[5, 2]
[4, 3]
[4, 3]
[4, 3]
[4, 2]
[3, 1]
[6]
[5]
[6]
[7]
[6, 2]
[6, 2]
[7, 3]
[7, 3]
[5, 3, 1]
[4, 4, 3, 1]
[4, 6, 2, 2]
[5, 8, 2, 2]
