Puzzle number: 142270
width:  40
height:  40
solved_count:  284
AVE_TIME:  '00:06:33'
ave_time_count:  118

top_values
[1, 11]
[1, 10]
[1, 10]
[10]
[3, 5]
[3, 5]
[3, 3]
[4, 3]
[3, 3]
[4, 3]
[4, 3]
[3, 3]
[3, 3]
[3, 3]
[4, 3]
[4, 3]
[4, 2]
[6, 2]
[7, 2]
[8, 2]
[4, 4, 2]
[4, 4, 2]
[11, 4, 2]
[12, 4, 2]
[10, 3, 2]
[6, 4, 2]
[4, 2]
[4, 2]
[3, 2]
[3, 2]
[4, 2]
[3, 2]
[3, 2]
[3, 2]
[4, 2]
[3, 2]
[3, 3]
[3, 2]
[3, 2]
[3, 2]

left_values
[3]
[3]
[3]
[3]
[4]
[4]
[3]
[3]
[3]
[3]
[2]
[2]
[2]
[2]
[3]
[2]
[2]
[3]
[3]
[6]
[15]
[21]
[26]
[1, 8, 18]
[1, 6, 15]
[1, 4, 10]
[4, 6]
[6]
[11]
[16]
[21]
[6, 14]
[4, 6]
[3, 5]
[2, 5]
[1, 4]
[1, 5]
[5]
[4]
[1]
