Puzzle number: 142460
width:  45
height:  45
solved_count:  772
AVE_TIME:  '00:31:31'
ave_time_count:  155

top_values
[3]
[4, 2]
[6, 5]
[6, 1, 1]
[1, 3, 1, 3, 1]
[1, 2, 1, 1]
[2, 2, 1, 1]
[5, 5]
[3, 2, 2]
[5, 1, 1, 1, 4]
[7, 2, 2, 3]
[10, 1, 1, 2, 3]
[11, 6, 3]
[12, 6, 3]
[12, 6, 4, 3]
[8, 5, 1, 7, 5, 5]
[8, 3, 1, 1, 14, 6]
[8, 3, 1, 23]
[1, 8, 1, 23]
[2, 8, 2, 7, 14]
[2, 9, 2, 2, 13]
[12, 4, 2, 13]
[13, 5, 2, 13]
[20, 13]
[21, 13]
[23, 13]
[24, 14]
[19, 14]
[20, 15]
[40]
[40]
[39]
[39]
[38]
[29, 7]
[27, 6]
[5, 18, 6]
[4, 16, 6]
[1, 13, 5]
[1, 7, 5]
[1, 6, 4]
[1, 3, 4]
[1, 3, 3]
[1, 3, 2]
[2, 1]

left_values
[1]
[2]
[4, 2]
[9]
[6]
[11]
[16]
[19]
[22]
[24]
[26]
[28]
[5, 29]
[3, 2, 35]
[3, 10, 16, 1]
[4, 8, 13, 2]
[17, 13, 2]
[1, 6, 8, 15, 4]
[1, 7, 22]
[1, 1, 5, 23]
[1, 3, 26]
[2, 1, 1, 1, 20]
[1, 1, 1, 4, 18]
[1, 1, 2, 3, 16]
[1, 1, 4, 6, 12]
[1, 1, 12, 10]
[5, 8, 2, 10]
[8, 1, 10]
[8, 10]
[8, 10]
[8, 11]
[2, 4, 12]
[2, 23]
[2, 24]
[29]
[27]
[25]
[18]
[18]
[22]
[25]
[27]
[29]
[30]
[31]
