Puzzle number: 142471
width:  30
height:  30
solved_count:  1323
AVE_TIME:  '00:10:37'
ave_time_count:  125

top_values
[1, 3, 3]
[4]
[4]
[7]
[1, 4, 4]
[1, 2]
[]
[]
[]
[1, 2]
[8]
[3, 1]
[2]
[1, 1]
[1, 2]
[4, 1]
[4, 1, 1, 2]
[11, 1]
[17]
[20]
[13, 3, 3]
[16]
[16]
[10, 4, 1]
[10, 1]
[6, 1]
[3, 1, 2]
[2, 2]
[2]
[1]

left_values
[15]
[3, 10, 2]
[3, 15]
[2, 15]
[1, 10]
[2, 10]
[1, 11]
[1, 9, 1]
[2, 10]
[1, 8]
[2, 6, 3]
[3, 1, 6, 1]
[5, 8]
[5, 2, 4]
[4, 6]
[3, 5]
[1, 3, 1]
[2, 1]
[1, 2]
[1, 1, 2]
[1, 1, 1]
[1]
[]
[]
[]
[]
[]
[]
[]
[]
