Puzzle number: 142894
width:  20
height:  20
solved_count:  2042
AVE_TIME:  '00:07:43'
ave_time_count:  496

top_values
[3]
[6, 1]
[11]
[4, 2]
[5, 1, 1, 1, 1]
[3, 1, 3, 2]
[6, 2, 1]
[8, 1, 1]
[2, 6, 4]
[2, 6, 1, 2]
[7, 4]
[2, 5, 1, 1]
[2, 6, 2, 1]
[8, 1, 3, 1]
[7, 1, 1, 1, 2]
[5, 1, 1, 1]
[7, 2]
[12]
[7, 1]
[3]

left_values
[5]
[7]
[2, 1, 2]
[9]
[13]
[15]
[17]
[4, 4, 8]
[4, 3, 7]
[2, 3]
[2, 2, 2, 3]
[2, 1, 2]
[3, 2, 2, 3]
[1, 1, 2, 2, 1, 1]
[1, 1, 4, 5, 1, 1]
[2, 2]
[2, 3, 2]
[3, 1, 1, 3]
[10]
[3]
