Puzzle number: 142876
width:  45
height:  50
solved_count:  129
AVE_TIME:  '00:37:33'
ave_time_count:  100

top_values
[3, 13, 2, 4]
[3, 13, 2, 4, 5]
[2, 12, 3, 16]
[2, 12, 3, 12]
[1, 10, 3, 1, 1, 7, 1]
[1, 10, 1]
[11]
[11]
[]
[1]
[1, 1, 1]
[1, 1, 2]
[2, 2, 3]
[1, 2, 4, 1, 3]
[1, 2, 8, 3]
[1, 3, 4, 3, 1, 3]
[9, 4]
[9, 1, 5]
[9, 2, 7, 3]
[5, 2, 3, 14, 1]
[3, 3, 3, 6]
[3, 3, 3]
[3, 2, 3]
[3, 3, 3]
[3, 3, 6]
[4, 2, 8]
[3, 2, 6, 5]
[3, 3, 7, 9, 5]
[3, 3, 8, 16]
[3, 3, 8, 13]
[3, 3, 9, 8]
[3, 2, 8]
[3, 2, 9]
[3, 1, 9]
[3, 10]
[2, 12, 8]
[2, 13, 8, 4]
[2, 26]
[31]
[33]
[22, 5]
[19]
[15]
[24]
[17, 5]

left_values
[6, 3]
[4, 1, 1]
[2, 2, 2]
[2, 3]
[3, 7, 4]
[8, 10, 10]
[8, 19]
[8, 16]
[8, 10]
[8, 5]
[8, 6]
[8, 12]
[7, 13]
[6, 2, 14]
[5, 2, 10]
[4, 2, 4, 5]
[4, 2, 9]
[2, 2, 11]
[13]
[2, 14]
[3, 16]
[5, 3, 17]
[4, 1, 3, 18]
[3, 19]
[3, 21]
[12, 11]
[9, 10]
[8, 9]
[1, 5, 8]
[1, 1, 2, 8]
[2, 1, 2, 8]
[2, 1, 3, 8]
[2, 2, 2, 5, 2]
[2, 1, 2, 2, 5, 2]
[3, 2, 3, 6, 2]
[3, 2, 2, 5, 2]
[3, 2, 2, 5, 2]
[3, 3, 3, 5, 1]
[3, 2, 3, 5, 1]
[3, 2, 3, 5, 2]
[3, 3, 2, 5, 2]
[2, 1, 3, 2, 2, 2, 2]
[2, 4, 3, 1, 2, 1]
[3, 1, 3, 3, 1, 2, 1]
[2, 3, 3, 2, 2]
[3, 3, 4, 2, 3]
[2, 3, 4, 1, 2]
[2, 3, 1, 4, 1, 2]
[1, 3, 1, 4, 1]
[4, 2, 4, 1]
