Puzzle number: 142908
width:  50
height:  40
solved_count:  719
AVE_TIME:  '00:11:11'
ave_time_count:  145

top_values
[2, 22]
[4, 1, 22]
[5, 2, 23]
[3, 28]
[6, 27]
[10, 22]
[31]
[29]
[27]
[26]
[24]
[5, 16]
[1, 5, 3, 12]
[5, 6, 15]
[8, 29]
[40]
[40]
[40]
[40]
[40]
[29, 9]
[40]
[29, 7]
[29, 7]
[1, 8, 4, 6, 2, 5]
[7, 3, 6, 1, 5]
[3, 3, 9, 5]
[2, 3, 3, 6, 1, 5]
[1, 4, 4, 5, 5]
[1, 5, 4, 7, 6]
[3, 4, 4, 15]
[3, 5, 5, 4, 8]
[1, 3, 10, 4, 9]
[3, 2, 10, 4, 10]
[4, 27]
[27]
[27]
[26]
[26]
[25]
[25]
[24]
[29]
[31]
[33]
[35]
[37]
[16, 22]
[12, 25]
[9, 27]

left_values
[2, 10, 3]
[3, 9, 3]
[2, 10, 3]
[2, 1, 10, 2, 4]
[2, 1, 10, 1, 4]
[4, 11, 2, 5]
[3, 11, 1, 5]
[2, 11, 1, 6]
[2, 13, 5, 6]
[3, 21, 6]
[1, 3, 13, 3, 6]
[1, 3, 13, 1, 7]
[2, 3, 12, 4, 6]
[2, 3, 12, 10, 6, 1]
[2, 4, 13, 12, 6, 1]
[2, 4, 14, 14, 8]
[2, 18, 16, 2]
[3, 18, 15, 2]
[25, 22]
[50]
[12, 36]
[11, 36]
[11, 10, 19]
[11, 10, 16]
[13, 14, 16]
[50]
[50]
[12, 37]
[50]
[20, 1, 7, 16]
[20, 1, 1, 2, 17]
[22, 2, 2, 18]
[22, 3, 20]
[25, 20]
[24, 21]
[50]
[50]
[50]
[50]
[50]
