Puzzle number: 142944
width:  20
height:  20
solved_count:  1852
AVE_TIME:  '00:08:12'
ave_time_count:  351

top_values
[3]
[7]
[3, 2]
[3, 2, 2]
[12, 4]
[3, 7, 1]
[2, 2, 2, 2]
[2, 2, 2, 2]
[3, 7, 1]
[12, 4]
[3, 2, 2]
[3, 2]
[7]
[3]
[3]
[2, 2, 1]
[2, 6]
[7, 2]
[2, 6]
[2, 2, 1]

left_values
[4]
[8]
[4, 4]
[4, 4]
[2, 1, 1, 2]
[2, 1, 1, 2]
[2, 1, 1, 2]
[2, 1, 1, 2]
[1, 1, 1, 1, 3]
[2, 1, 1, 2, 5]
[4, 4, 2, 1, 1]
[8, 1, 1]
[6, 2, 1, 1]
[1, 1, 5]
[1, 1, 3]
[8, 1, 1]
[8, 1, 1]
[1, 1, 5]
[6, 3]
[2]
