Puzzle number: 143172
width:  20
height:  20
solved_count:  2204
AVE_TIME:  '00:04:37'
ave_time_count:  425

top_values
[9]
[3, 1]
[1, 1, 1]
[1, 1, 1, 3, 2]
[1, 3, 1, 1, 2]
[2, 2, 1, 4]
[3, 1, 1]
[5, 2, 1, 5]
[2, 2, 1, 1, 1, 1]
[2, 2, 1, 1, 1, 1]
[2, 2, 1, 5]
[2, 2, 1, 1]
[5, 2, 1, 4, 1]
[3, 1, 2]
[2, 1, 4, 1]
[1, 1, 1]
[1, 1, 6]
[1, 1, 1, 2]
[1, 1]
[8]

left_values
[4]
[6]
[1, 1]
[1, 1]
[1, 1]
[5, 5]
[2, 2]
[2, 2]
[2, 2]
[4]
[4, 2]
[2, 2]
[20]
[1, 1]
[1, 3, 2, 1, 1, 2, 1]
[1, 1, 1, 1, 1, 1, 1, 1]
[1, 3, 4, 1, 1, 2, 1]
[1, 1, 1, 1, 1, 1, 1, 1]
[1, 3, 1, 1, 1, 2, 1]
[20]
