Puzzle number: 143158
width:  50
height:  50
solved_count:  509
AVE_TIME:  '00:14:33'
ave_time_count:  128

top_values
[8, 3]
[6, 4]
[1, 4, 1, 4]
[1, 2, 5]
[1, 5]
[3]
[1, 1]
[2, 2]
[2, 4]
[2, 1, 2, 3]
[2, 1, 6, 3]
[2, 10, 1, 1]
[3, 10, 1]
[3, 10, 2]
[3, 5, 3, 2]
[4, 2, 5, 2, 1]
[4, 2, 1, 4]
[4, 2, 1, 1, 2]
[5, 1, 1, 1, 2]
[6, 1, 1, 1]
[7, 1, 4]
[8, 4]
[9, 1]
[13, 2]
[16]
[19]
[22]
[27, 4, 1, 1, 1, 1, 1]
[27, 3, 12, 1]
[38, 11]
[50]
[50]
[50]
[50]
[50]
[50]
[50]
[50]
[50]
[50]
[50]
[50]
[50]
[50]
[50]
[50]
[50]
[50]
[50]
[50]

left_values
[3, 44]
[43]
[38]
[35]
[32]
[31]
[30]
[29]
[28]
[27]
[27]
[27]
[27]
[26]
[26]
[26]
[25]
[25]
[25]
[24]
[24]
[24]
[3, 2, 23]
[8, 2, 23]
[5, 1, 23]
[9, 23]
[1, 6, 2, 23]
[4, 12, 21]
[4, 5, 2, 2, 1, 21]
[3, 4, 4, 2, 23]
[3, 6, 3, 23]
[2, 7, 23]
[2, 5, 21]
[1, 21]
[21]
[21]
[22]
[22]
[2, 20]
[22]
[23]
[22]
[23]
[22]
[1, 1, 22]
[3, 2, 23]
[7, 1, 5, 22]
[6, 3, 22]
[5, 4, 21]
[4, 4, 23]
