Puzzle number: 143633
width:  50
height:  50
solved_count:  345
AVE_TIME:  '00:13:40'
ave_time_count:  100

top_values
[30, 16]
[31, 15]
[32, 15]
[30, 14]
[26, 13]
[27, 12]
[3, 28, 12]
[17, 14, 11]
[16, 14, 11]
[16, 14, 10]
[16, 12, 10]
[10, 4, 11, 10]
[1, 7, 4, 11, 10]
[2, 6, 4, 10, 10]
[2, 3, 4, 2, 1, 1, 10]
[2, 4, 3, 1, 1, 10]
[2, 4, 5, 1, 10]
[3, 4, 9, 10]
[3, 4, 21]
[3, 5, 2, 17]
[3, 5, 1, 1, 11]
[3, 5, 2, 2, 10]
[2, 5, 6, 10]
[2, 5, 20]
[2, 5, 7, 9]
[2, 3, 5, 1, 3, 2]
[2, 4, 5, 2, 1, 2]
[9, 6, 1, 1, 1]
[10, 6, 1]
[24]
[14]
[12]
[10]
[6]
[]
[]
[]
[]
[]
[]
[]
[]
[]
[]
[]
[]
[]
[]
[]
[]

left_values
[3, 18]
[3, 17]
[3, 5, 3]
[4, 2, 3]
[4, 4, 3]
[4, 5, 4]
[4, 5, 5]
[12, 5]
[13, 5]
[13, 3]
[14, 3]
[14, 4]
[14, 5]
[14, 5]
[15, 5]
[12, 2, 5]
[11, 1, 5]
[11, 5]
[12, 4]
[14, 5]
[7, 5, 6]
[8, 6, 7]
[9, 19]
[10, 16]
[10, 14]
[11, 11]
[13, 6]
[14]
[16]
[19]
[13, 9]
[12, 4, 3]
[11, 3, 3]
[15, 4]
[1, 8, 8, 3]
[3, 6, 3, 5]
[4, 11, 2]
[5, 3, 5]
[7, 2, 3]
[9, 3, 1, 2]
[24, 2]
[25]
[25]
[25]
[25]
[25]
[25]
[25]
[26]
[26]
