Puzzle number: 143648
width:  30
height:  25
solved_count:  1435
AVE_TIME:  '00:06:01'
ave_time_count:  182

top_values
[4]
[9]
[13]
[7, 3]
[9, 3]
[11, 2]
[4, 3, 1, 2]
[1, 2, 1, 2]
[1, 1, 2]
[1, 1, 2]
[1, 1, 1, 2]
[1, 1, 1, 2]
[1, 1, 1, 2]
[1, 1, 1, 2]
[1, 1, 1, 1, 2]
[1, 2, 1, 2]
[1, 1, 1, 2]
[1, 1, 1, 2]
[1, 1, 1, 2]
[1, 1, 1, 1, 2]
[1, 1, 1, 1, 2]
[1, 1, 1, 2]
[1, 1, 1, 1, 2]
[1, 1, 1, 2]
[1, 1, 1, 2]
[1, 1, 1, 1, 2]
[1, 1, 1, 2]
[1, 1, 1, 1, 2]
[1, 1, 1, 1, 1, 2]
[1, 1, 1, 1, 1, 2]

left_values
[2]
[2]
[2]
[2]
[2]
[2]
[2]
[3]
[3]
[4, 2]
[6]
[28]
[3]
[3]
[2, 8]
[2]
[3, 9, 2, 3]
[3]
[3, 1]
[3, 9, 5]
[2]
[3, 16]
[3]
[27]
[26]
