Puzzle number: 143700
width:  45
height:  50
solved_count:  771
AVE_TIME:  '00:09:36'
ave_time_count:  184

top_values
[50]
[50]
[50]
[49]
[46]
[45]
[43]
[42]
[1, 1, 41]
[3, 24, 6]
[2, 22, 2]
[1, 1, 1, 4]
[3]
[2]
[3]
[2]
[2]
[3]
[3]
[2]
[2]
[3]
[3]
[4]
[1, 1]
[3]
[2]
[1, 2]
[2]
[2]
[1, 2]
[1, 2]
[1, 2]
[1, 3]
[2, 1, 3]
[2, 1, 3]
[2, 3]
[1, 1, 2]
[1, 1, 2]
[1, 2, 2]
[2, 1, 6]
[2, 1, 7]
[3, 1, 7]
[5, 1, 7]
[4, 1, 8]

left_values
[3, 2]
[4, 2]
[4, 4]
[4]
[5]
[6]
[6, 1]
[7, 1]
[8, 1]
[11]
[12]
[11]
[11]
[12]
[11, 4, 2]
[11, 3, 1, 3]
[11, 5]
[11, 5]
[11, 1]
[12]
[12]
[12]
[13]
[11, 1, 1]
[11, 2, 6]
[11, 2, 8]
[11, 1]
[11, 2]
[10, 2]
[10, 2]
[10, 2]
[10, 2]
[10, 2]
[9, 2]
[9, 2]
[9, 2]
[9, 3]
[9, 3]
[9, 1, 1]
[9, 4]
[9, 4]
[9, 5]
[9, 8, 1]
[9, 13]
[10, 12]
[10, 5]
[10, 5]
[10, 6]
[11, 6]
[11, 4]
