Puzzle number: 144032
width:  25
height:  25
solved_count:  2330
AVE_TIME:  '00:03:08'
ave_time_count:  544

top_values
[3, 4]
[4, 4]
[4, 5]
[4, 5]
[5, 7]
[25]
[25]
[25]
[25]
[4, 18]
[3, 2, 4]
[3, 3, 1, 4]
[3, 11, 3]
[4, 5, 2, 3]
[19, 3]
[13, 1, 4]
[13, 4]
[13, 5]
[12, 6]
[8, 6]
[2, 5, 6]
[5, 6]
[3, 6]
[6]
[6]

left_values
[21]
[21]
[20]
[9, 9]
[5, 9]
[4, 9]
[4, 9]
[5, 9]
[14]
[14]
[5, 8]
[5, 7]
[5, 1, 4]
[5, 1, 1]
[5, 1, 1]
[5, 1, 1]
[5, 1, 1]
[5, 5]
[6, 3]
[6, 7]
[8, 8]
[12, 10]
[25]
[25]
[25]
