Puzzle number: 144288
width:  45
height:  40
solved_count:  714
AVE_TIME:  '00:02:58'
ave_time_count:  139

top_values
[]
[]
[]
[]
[]
[]
[]
[]
[]
[]
[]
[]
[]
[]
[]
[]
[]
[]
[]
[]
[]
[]
[]
[]
[]
[]
[]
[]
[]
[]
[2]
[3]
[4]
[4]
[6]
[6, 4]
[13]
[8, 10]
[9, 8]
[9, 7]
[10, 9]
[11, 12]
[7, 4, 10]
[6, 8, 6]
[5, 8, 8]

left_values
[7]
[9]
[12]
[14]
[15]
[15]
[11]
[6, 2]
[1, 5]
[3, 5]
[4, 4]
[6, 3]
[7, 2]
[5, 2]
[5, 2]
[5, 2]
[8]
[6]
[1, 3, 1]
[5]
[4]
[4]
[4]
[4]
[3]
[1, 1]
[]
[]
[]
[]
[]
[]
[]
[]
[]
[]
[]
[]
[]
[]
