Puzzle number: 144241
width:  20
height:  20
solved_count:  1962
AVE_TIME:  '00:05:07'
ave_time_count:  264

top_values
[2, 2]
[1, 1, 2]
[1, 1, 3]
[7, 5, 4]
[4, 2, 6]
[5, 3, 3]
[4, 4, 1, 2]
[3, 4, 1, 1, 1]
[4, 6, 1, 2, 1]
[5, 2, 1, 2, 1]
[5, 2, 1, 2, 1]
[5, 6, 1, 2, 1]
[4, 4, 1, 1, 1]
[3, 4, 1, 2]
[4, 3, 3]
[4, 2, 6]
[7, 5, 4]
[1, 1, 3]
[1, 1, 2]
[2, 2]

left_values
[10]
[12]
[14]
[4, 5, 3]
[3, 3, 2]
[1, 1]
[14]
[18]
[1, 1, 4, 4, 1, 1]
[1, 3, 3, 1]
[3, 1, 1, 3]
[1, 1, 1, 1]
[1, 1, 1, 1]
[1, 4, 1]
[2, 2]
[1, 8, 1]
[2, 4, 2]
[4, 4]
[7, 7]
[20]
