Puzzle number: 144530
width:  30
height:  25
solved_count:  1528
AVE_TIME:  '00:10:23'
ave_time_count:  304

top_values
[25]
[6, 10]
[2, 5, 3]
[6, 7, 2, 3]
[7, 1, 7, 3]
[2, 3, 9, 5]
[8, 5, 5]
[9, 5, 5]
[5, 6, 2, 3]
[1, 2, 6, 2, 3]
[6, 2, 3]
[5, 8, 3, 3]
[4, 3, 12, 3]
[5, 3, 12, 2]
[10, 11, 2]
[10, 11, 2]
[5, 3, 12, 2]
[4, 3, 12, 3]
[5, 8, 3, 3]
[6, 2, 3]
[2, 6, 2, 3]
[1, 4, 6, 2, 3]
[9, 5, 5]
[7, 5, 5]
[7, 9, 5]
[3, 1, 1, 7, 3]
[6, 7, 2, 3]
[1, 2, 5, 3]
[6, 10]
[25]

left_values
[2, 5, 1, 6, 9]
[8, 8, 5, 2]
[5, 2, 8, 8]
[2, 6, 8, 3, 4]
[2, 6, 1, 4, 1, 6, 2]
[2, 6, 2, 2, 2, 4, 1, 2]
[1, 1, 4, 6, 5, 1]
[1, 1, 4, 6, 3, 1, 1]
[1, 3, 1, 4, 1, 3, 1]
[1, 2, 1, 3, 2, 3, 1, 2, 1]
[1, 4, 5, 5, 4, 1]
[1, 4, 14, 4, 1]
[1, 3, 14, 3, 1]
[1, 3, 16, 3, 1]
[1, 24, 1]
[2, 6, 8, 6, 2]
[2, 5, 8, 5, 2]
[3, 3, 6, 3, 3]
[4, 1, 8, 1, 4]
[4, 14, 4]
[2, 20, 2]
[2, 5, 4, 5, 2]
[2, 10, 10, 2]
[2, 24, 2]
[2, 20, 2]
