Puzzle number: 144641
width:  30
height:  45
solved_count:  441
AVE_TIME:  '00:11:51'
ave_time_count:  123

top_values
[18, 16]
[16, 16]
[14, 9, 7]
[11, 9, 7]
[9, 10, 7]
[1, 5, 10, 8]
[2, 2, 10, 8]
[2, 10, 9]
[3, 11, 9]
[4, 11, 9]
[4, 12, 1, 8]
[5, 12, 2, 1, 7]
[5, 12, 2, 2, 4]
[6, 12, 3, 3]
[7, 13, 3, 3]
[21, 4, 4]
[19, 4, 4]
[17, 5, 3]
[17, 5, 3]
[1, 15, 5, 2]
[1, 13, 4, 2]
[11, 4, 2]
[10, 4]
[9, 3, 4]
[7, 3, 4]
[7, 4, 4]
[4, 5]
[5, 4]
[6, 4]
[8, 4]

left_values
[11, 2]
[1, 11]
[3, 11]
[3, 11]
[4, 10]
[5, 10]
[5, 10]
[6, 11]
[7, 11]
[7, 12]
[6, 13]
[6, 14]
[5, 15]
[5, 16]
[4, 15, 1]
[3, 14, 1]
[2, 14, 2]
[2, 14, 3]
[1, 14, 5]
[13, 7]
[13, 7]
[13, 7]
[13]
[12]
[11, 5]
[9, 9]
[7, 17]
[6, 19]
[5, 13]
[3, 3, 8]
[2, 7, 4]
[3, 5, 9]
[11, 8]
[12, 2]
[12]
[13]
[13]
[13]
[10]
[5]
[]
[]
[]
[]
[]
