Puzzle number: 144957
width:  25
height:  30
solved_count:  948
AVE_TIME:  '00:16:55'
ave_time_count:  152

top_values
[1, 3, 2, 1, 3]
[2, 2, 2, 1, 6]
[1, 3, 2, 13]
[1, 5, 1, 10]
[5, 4, 3]
[4, 3, 1, 4]
[3, 3, 1, 2, 2]
[2, 2, 1, 2, 2]
[3, 2, 1, 2, 10]
[2, 2, 1, 2, 4]
[2, 9, 1, 1, 1]
[2, 1, 1, 1]
[2, 9, 1, 1]
[2, 1, 2, 1, 1, 1]
[1, 2, 1, 2, 2, 5]
[2, 2, 1, 2, 9]
[2, 3, 1, 2, 2]
[3, 5, 11]
[10, 18]
[10, 9]
[2, 2, 3]
[2, 3, 3]
[4, 1, 2]
[5, 3, 1]
[3, 2, 4]

left_values
[2, 2, 4, 1]
[9, 5, 2]
[5, 3, 3]
[3, 2, 2]
[1, 3, 7]
[5, 7]
[4, 3]
[18]
[2, 17]
[3, 3, 4]
[3, 5]
[5, 5, 2]
[4, 1, 1, 1, 2, 3]
[2, 3, 1, 1, 3, 3, 2]
[2, 3, 1, 1, 3, 4, 2]
[2, 1, 1, 5, 1]
[2, 1, 1, 2, 4]
[2, 1, 1, 2]
[3, 1, 1, 2]
[4, 5, 3]
[5, 2, 2, 4]
[3, 2, 1, 5]
[2, 4, 1, 2]
[3, 2, 1, 2]
[3, 1, 1, 1, 1, 2]
[2, 1, 2, 2]
[2, 2, 2]
[8, 2]
[2, 2, 2]
[8, 2]
