Puzzle number: 145448
width:  50
height:  50
solved_count:  276
AVE_TIME:  '00:37:41'
ave_time_count:  116

top_values
[1, 4, 10, 30]
[1, 6, 10, 5]
[1, 5, 11, 3]
[4, 7, 5, 5]
[4, 7, 6, 5]
[3, 1, 7, 5, 6]
[4, 7, 6, 1, 2]
[3, 9, 5, 3, 2]
[2, 6, 3, 1, 6, 6]
[1, 7, 3, 1, 4, 1, 6]
[8, 3, 1, 3, 3, 1, 1]
[9, 4, 2, 3, 3, 6]
[6, 4, 3, 2, 4, 7]
[1, 6, 5, 2, 1, 4, 7]
[1, 6, 3, 2, 5, 1, 6]
[1, 5, 2, 1, 2, 6, 2, 2]
[2, 4, 5, 4, 1, 2, 3, 6]
[2, 4, 6, 6, 1, 5, 6]
[2, 3, 6, 6, 8, 6]
[2, 3, 5, 6, 4, 1, 5]
[2, 3, 6, 6, 3, 3, 2]
[2, 2, 7, 4, 6, 5]
[2, 2, 5, 1, 3, 5, 1, 3]
[4, 2, 3, 2, 2, 4, 2, 3]
[4, 2, 5, 4, 1, 3, 3, 2]
[2, 1, 6, 7, 6, 1]
[1, 2, 6, 8, 6, 1]
[8, 8, 7]
[8, 7, 6]
[8, 1, 5, 4]
[7, 2, 4, 1]
[4, 4, 2]
[4, 2, 4, 1]
[3, 2, 7]
[1, 3, 6]
[1, 4, 5]
[6, 3]
[5, 2, 2]
[5, 3, 1]
[4, 2, 1]
[3, 1, 4]
[2, 2, 4]
[1, 3, 4]
[5, 3]
[4, 3]
[4, 3]
[3, 3]
[6]
[3]
[2]

left_values
[3, 3, 1, 14]
[5, 2, 10]
[8, 6, 2]
[7, 16]
[5, 1, 15, 1]
[4, 1, 14, 7]
[2, 11, 3, 7]
[2, 13, 3, 11]
[1, 10, 2, 3, 9, 6]
[9, 10, 9, 9]
[8, 12, 7, 7, 3]
[15, 6, 8, 8, 6]
[14, 6, 7, 7, 7]
[14, 7, 3, 9]
[3, 2, 6, 2, 3]
[5, 5, 6, 7, 6, 13]
[7, 3, 6, 6, 5, 10]
[9, 3, 6, 6, 6, 7]
[11, 1, 7, 7, 10]
[10, 1, 6, 7, 5]
[2, 20, 9]
[4, 3, 2, 8]
[6, 1, 7]
[7, 10]
[2, 3, 1, 6, 2]
[1, 3, 2, 2, 4]
[1, 2, 4, 7]
[1, 2, 2, 2, 7]
[1, 4, 3, 3, 2]
[1, 3, 4, 2, 4]
[1, 2, 4, 7]
[1, 6, 2, 5]
[1, 4, 3, 5]
[1, 3, 4, 2]
[1, 7, 6]
[1, 5, 1, 6]
[1, 4, 1, 5]
[1, 5, 5]
[1, 4, 4]
[1, 4, 3]
[1, 8]
[1]
[1]
[1]
[1]
[1]
[1]
[1]
[1]
[1]
