Puzzle number: 145547
width:  50
height:  45
solved_count:  708
AVE_TIME:  '00:07:08'
ave_time_count:  122

top_values
[20]
[4, 12]
[3, 2, 7]
[3, 6]
[2, 6]
[2, 3, 2]
[2, 2, 2]
[1]
[1, 2]
[1, 2]
[3, 1, 2]
[5, 1, 2, 1]
[6, 1, 2, 1]
[3, 3, 2, 1, 2]
[2, 5, 1, 2, 1]
[1, 4, 5, 1]
[2, 3, 4, 1]
[1, 1, 2]
[2, 1]
[6, 1]
[6, 2]
[3, 1]
[2]
[2]
[1, 2]
[1]
[2]
[2]
[1]
[2]
[2]
[2]
[1]
[2]
[2]
[1]
[]
[]
[]
[]
[]
[]
[]
[]
[]
[]
[]
[]
[]
[45]

left_values
[9, 1, 1]
[5, 3, 1]
[4, 3, 1]
[2, 1, 2, 1]
[6, 3, 1]
[5, 3, 1]
[4, 3, 1]
[2, 2, 1]
[1]
[3, 1]
[5, 1]
[2, 1]
[2, 1]
[2, 2, 1]
[2, 2, 1]
[3, 1]
[1]
[1]
[1]
[1]
[1]
[1]
[1, 2, 1]
[2, 1, 2, 1]
[7, 3, 1]
[6, 2, 1]
[4, 2, 1]
[1, 3, 1]
[2, 2, 1]
[3, 3, 1]
[3, 2, 1]
[2, 2, 1]
[7, 3, 1]
[7, 4, 1]
[6, 5, 1]
[5, 6, 1]
[11, 1]
[7, 1]
[3, 1]
[2, 1]
[1, 1]
[1, 1]
[1]
[1]
[1]
