Puzzle number: 145643
width:  20
height:  20
solved_count:  1851
AVE_TIME:  '00:04:49'
ave_time_count:  244

top_values
[5]
[8]
[1, 1, 3]
[4, 3, 1, 3]
[9, 1, 3]
[2, 2, 2, 3]
[2, 2, 10]
[1, 1, 3, 4]
[2, 2, 4]
[1, 1, 7]
[2, 3, 1, 3]
[1, 1, 1, 1, 3]
[2, 2, 1, 1, 3]
[5, 1, 3]
[8, 7]
[5, 2, 4]
[1, 1, 4]
[5, 4]
[2, 7]
[8, 1, 3]

left_values
[1, 2, 1, 1]
[1, 2, 3, 1]
[3, 3, 2, 1]
[2, 3, 1, 1]
[3, 2, 1]
[2, 4, 1]
[1, 6, 1]
[1, 3, 2, 2]
[1, 2, 5, 2]
[1, 1, 2, 1]
[2, 2, 1, 1]
[1, 1, 2, 1]
[3, 1, 3]
[1, 2, 6, 2]
[6, 1, 1, 1]
[2, 1, 1, 1, 1]
[2, 4, 5]
[20]
[20]
[20]
