Puzzle number: 145898
width:  20
height:  25
solved_count:  1704
AVE_TIME:  '00:06:43'
ave_time_count:  373

top_values
[25]
[10, 2, 7]
[7, 2, 5]
[5, 1, 2]
[3, 2, 2, 3, 1]
[2, 2, 1, 3, 2, 1]
[2, 1, 2, 1, 3, 1, 1]
[1, 1, 1, 1, 3, 1, 1]
[1, 2, 2, 1, 2, 2, 1, 1]
[1, 1, 2, 2, 1, 1]
[1, 1, 2, 2, 1, 1]
[1, 2, 2, 1, 2, 2, 1, 1]
[1, 1, 2, 1, 3, 1, 1]
[2, 1, 1, 1, 3, 1, 1]
[2, 2, 1, 3, 2, 1]
[3, 2, 2, 3, 1]
[5, 1, 2]
[7, 2, 5]
[10, 2, 7]
[25]

left_values
[20]
[7, 7]
[5, 5]
[4, 2, 2, 4]
[4, 1, 1, 1, 1, 4]
[3, 2, 1, 2, 1, 3]
[3, 2, 2, 2, 3]
[2, 1, 1, 2]
[2, 1, 1, 2]
[2, 2, 2]
[1, 12, 1]
[1, 3, 3, 1]
[3, 3]
[2, 2]
[1, 3, 3, 1]
[1, 5, 5, 1]
[1, 5, 5, 1]
[1, 2, 1]
[2, 1, 4, 1, 2]
[2, 1, 1, 1, 1, 2]
[3, 2, 2, 3]
[3, 10, 3]
[3, 3]
[4, 4]
[20]
