Puzzle number: 145973
width:  30
height:  40
solved_count:  766
AVE_TIME:  '00:11:09'
ave_time_count:  156

top_values
[17, 5, 6]
[17, 5, 6]
[21, 4]
[19, 2, 5]
[17, 9]
[11, 1, 8]
[1, 12, 1, 8]
[11, 7]
[11, 7]
[13, 8]
[15, 1, 7]
[27]
[23, 1]
[10, 11, 9]
[7, 3, 8, 7]
[5, 11, 3]
[5, 11, 3]
[4, 6, 2, 3]
[2, 5, 5]
[1, 1, 2, 2]
[3, 2]
[3, 2]
[2, 2]
[3, 2]
[6]
[7]
[5]
[6]
[7]
[2, 13, 1]

left_values
[5, 1, 11]
[5, 12]
[18]
[18]
[17]
[15]
[15]
[14]
[15]
[15]
[13, 1]
[14]
[7, 8]
[5, 1, 7]
[6, 10]
[5, 1, 8]
[5, 9, 2]
[2, 15]
[2, 15]
[1, 7, 6]
[3, 3, 2, 5]
[2, 5, 3, 6]
[2, 6, 15]
[2, 6, 6, 4]
[2, 7, 1, 2]
[8, 2, 2]
[10, 2, 1]
[8, 3, 1]
[1, 6, 2, 1]
[7, 3, 1]
[7, 1, 1]
[6, 2, 1]
[2, 2, 2, 1]
[2, 2, 2, 1]
[2, 2, 1]
[2, 1]
[1, 1]
[1, 1]
[1]
[1, 1]
