Puzzle number: 145993
width:  45
height:  40
solved_count:  1090
AVE_TIME:  '00:11:57'
ave_time_count:  102

top_values
[]
[]
[]
[]
[]
[]
[]
[]
[]
[]
[]
[]
[]
[]
[]
[]
[]
[]
[]
[1]
[3, 3]
[14]
[18]
[21]
[21]
[20, 1]
[24]
[21]
[19]
[18]
[17]
[17]
[19, 3]
[3, 15]
[12]
[10]
[10]
[10]
[11]
[2, 10]
[16]
[3, 13]
[18]
[3, 13]
[2, 11]

left_values
[1]
[2]
[3]
[4]
[4]
[5]
[6]
[7]
[9]
[10]
[11]
[12]
[13]
[13]
[13]
[12]
[12]
[13]
[13, 1]
[15, 1]
[11, 3, 1]
[11, 7]
[14, 4]
[15, 2]
[17]
[18]
[19]
[2, 14]
[2, 13]
[13]
[12]
[12]
[3, 6]
[2, 5]
[1, 4]
[4]
[4]
[2]
[1]
[]
