Puzzle number: 146004
width:  45
height:  40
solved_count:  1146
AVE_TIME:  '00:05:09'
ave_time_count:  129

top_values
[]
[]
[]
[]
[]
[]
[]
[]
[]
[]
[]
[]
[]
[]
[]
[]
[1]
[3]
[5]
[6]
[7]
[7]
[8]
[8]
[6]
[5]
[5]
[4]
[4]
[4]
[2, 4]
[4, 4]
[6, 5]
[8, 4]
[1, 7, 5]
[2, 7, 5]
[1, 6, 5]
[2, 5, 6]
[2, 5, 6]
[2, 11]
[2, 9]
[1, 8]
[8]
[8]
[24]

left_values
[2]
[2]
[2]
[2]
[3]
[4]
[4]
[5]
[5]
[5]
[5]
[5]
[6]
[6]
[6]
[8]
[7]
[6]
[8]
[11]
[13]
[15]
[20]
[17, 1]
[10, 1]
[8, 1]
[5, 1]
[3, 1]
[3, 1]
[3, 1]
[3, 1]
[3, 1]
[3, 1]
[2, 1]
[3, 1]
[4, 1]
[3, 1]
[4, 1]
[3, 1]
[4, 1]
