Puzzle number: 146165
width:  50
height:  50
solved_count:  262
AVE_TIME:  '00:37:14'
ave_time_count:  102

top_values
[1, 12, 23, 9]
[1, 10, 6, 11, 11]
[9, 6, 13, 8, 2]
[2, 4, 23, 11]
[17, 9, 9, 2]
[14, 13, 15]
[6, 5, 6, 17]
[12, 2, 7, 18]
[16, 4, 11, 12]
[3, 17, 7, 10]
[8, 24, 9, 1]
[12, 2, 13, 1, 12, 2]
[6, 4, 11, 3, 3, 2, 3]
[4, 6, 2, 1, 1, 1, 2, 4, 3, 5]
[9, 3, 4, 2, 3, 2, 8, 6]
[2, 7, 2, 4, 3, 1, 4, 1, 1, 3, 6]
[2, 3, 3, 7, 2, 3, 2, 12]
[3, 2, 2, 3, 5, 4, 2, 9, 1]
[3, 1, 1, 15, 2, 2, 4, 1, 1]
[3, 1, 1, 15, 1, 5, 7]
[2, 2, 9, 2, 1, 3, 7, 3, 5]
[2, 2, 9, 1, 3, 12, 5]
[3, 6, 6, 10, 6]
[4, 11, 5, 5, 1, 2, 3, 4]
[4, 7, 5, 4, 4, 4, 3]
[1, 9, 6, 3, 1, 1, 2, 7]
[2, 9, 11, 2, 2, 3, 1, 3, 3]
[3, 7, 8, 5, 9, 3, 3]
[4, 6, 2, 1, 3, 12, 4]
[22, 3, 8, 4, 3]
[22, 4, 6, 3, 4]
[23, 4, 1, 1, 3, 7]
[24, 4, 10, 7]
[25, 8, 12]
[26, 5, 2, 8, 1, 1]
[28, 3, 11, 1]
[29, 6, 12]
[35, 1, 7]
[34, 2, 3]
[33, 2, 3]
[30, 1, 5]
[28, 2, 2]
[27, 2]
[26]
[25, 3]
[23, 2]
[21]
[19]
[18, 1]
[17, 2]

left_values
[2, 1, 7, 6, 4, 3, 21]
[2, 7, 6, 4, 2, 21]
[3, 8, 2, 3, 2, 1, 21]
[3, 5, 5, 1, 3, 22]
[9, 3, 3, 3, 3, 22]
[9, 3, 3, 2, 3, 22]
[6, 2, 3, 4, 3, 22]
[6, 2, 3, 2, 3, 1, 3, 21]
[3, 2, 3, 5, 1, 3, 21]
[3, 2, 5, 1, 7, 1, 3, 21]
[2, 3, 7, 3, 4, 3, 21]
[2, 3, 7, 1, 9, 21]
[1, 4, 3, 3, 7, 2, 21]
[1, 5, 3, 4, 7, 1, 21]
[3, 1, 4, 2, 8, 21]
[3, 1, 4, 1, 8, 22]
[1, 3, 2, 2, 4, 5, 2, 23]
[1, 4, 6, 3, 4, 2, 23]
[6, 5, 3, 2, 22]
[2, 1, 1, 9, 2, 21]
[2, 1, 2, 5, 1, 2, 21]
[2, 1, 3, 12, 3, 17]
[8, 4, 15, 15]
[8, 5, 5, 8, 13]
[1, 6, 4, 4, 5, 2, 12]
[1, 7, 3, 5, 6, 3, 10, 2]
[6, 2, 5, 1, 1, 8, 3, 8, 1]
[6, 2, 2, 2, 1, 3, 2, 4, 7, 1]
[6, 4, 8, 3, 2, 4, 5, 2]
[6, 4, 4, 1, 3, 3, 4, 4, 1, 2]
[5, 3, 5, 4, 4, 3, 3, 2]
[4, 3, 4, 4, 2, 2, 10]
[4, 7, 2, 4, 1, 4, 3, 4]
[3, 4, 2, 3, 3, 5, 2, 3]
[3, 4, 3, 4, 13]
[2, 4, 2, 1, 6, 4, 1, 3]
[2, 4, 2, 2, 5, 1, 4, 1, 2]
[1, 5, 4, 1, 12, 1, 2]
[1, 11, 1, 21]
[18, 2, 10]
[11, 5, 3, 9]
[12, 5, 2, 3, 2, 5]
[12, 2, 3, 3, 2, 4]
[13, 2, 1, 6, 8]
[10, 2, 4, 2, 6, 10]
[4, 5, 1, 10, 2, 6, 2, 2]
[2, 1, 5, 1, 4, 7, 8, 2, 1]
[2, 6, 5, 15, 5]
[3, 5, 14, 3, 3, 7]
[3, 4, 7, 3, 1, 4, 6]
