Puzzle number: 146503
width:  60
height:  30
solved_count:  420
AVE_TIME:  '00:10:17'
ave_time_count:  112

top_values
[3]
[3]
[30]
[30]
[30]
[3, 3]
[3, 3]
[3, 3]
[3, 3]
[3, 3]
[3, 2, 3]
[3, 4, 3]
[3, 6, 3]
[3, 4, 3]
[3, 2, 3]
[3, 3]
[3, 2, 3]
[3, 3, 3]
[3, 4, 3]
[3, 4, 3]
[3, 3, 3]
[3, 3, 2, 3]
[3, 5, 2, 3]
[3, 6, 2, 3]
[3, 6, 3, 3]
[3, 10, 3]
[3, 9, 3]
[3, 9, 3]
[3, 8, 3]
[3, 10, 3]
[3, 3, 7, 3]
[3, 2, 3, 4, 3]
[3, 2, 3, 3, 3]
[3, 2, 3, 3, 3]
[3, 3, 2, 4, 3]
[3, 2, 3, 4, 3]
[3, 2, 3, 3]
[3, 3, 3]
[3, 2, 3]
[3, 3]
[3, 3]
[3, 3]
[3, 3]
[3, 3]
[3, 3]
[3, 3]
[3, 3]
[3, 3]
[3, 3]
[3, 3]
[3, 3]
[3, 3]
[3, 3]
[3, 3]
[3, 3]
[30]
[30]
[30]
[3]
[3]

left_values
[56]
[56]
[56]
[3, 3]
[3, 3]
[3, 3]
[3, 3]
[3, 3]
[3, 1, 4, 3]
[3, 3, 6, 3]
[3, 5, 7, 5, 3]
[3, 5, 7, 7, 3]
[3, 3, 9, 2, 3]
[3, 1, 7, 3]
[3, 2, 5, 3]
[3, 5, 10, 3]
[3, 20, 3]
[3, 21, 3]
[3, 4, 4, 3]
[3, 4, 2, 3]
[3, 4, 3]
[3, 5, 3]
[3, 5, 3]
[3, 4, 3]
[3, 3, 3]
[3, 2, 3]
[3, 3]
[60]
[60]
[60]
