Puzzle number: 146581
width:  50
height:  40
solved_count:  412
AVE_TIME:  '00:19:40'
ave_time_count:  127

top_values
[]
[]
[5]
[7]
[5]
[3]
[2, 3]
[6, 2, 2]
[7, 3, 2]
[7, 6, 4]
[6, 3, 2, 1, 6]
[2, 1, 4, 13]
[1, 15]
[11, 2, 1, 10, 3]
[13, 4, 9, 1]
[15, 1, 2, 8, 1]
[15, 2, 2, 8, 1]
[7, 1, 2, 2, 8, 1]
[7, 2, 1, 2, 8, 5]
[6, 2, 1, 2, 8, 5]
[6, 1, 6, 9, 4]
[5, 1, 6, 9, 3]
[5, 2, 6, 11]
[4, 2, 6, 14]
[5, 2, 6, 13]
[5, 2, 6, 13]
[4, 1, 8, 13]
[3, 1, 8, 12]
[3, 2, 8, 12]
[3, 2, 9, 11]
[3, 2, 10, 10]
[4, 2, 10, 9]
[4, 2, 11, 8]
[4, 2, 12, 6]
[4, 2, 13, 4]
[4, 2, 15, 1]
[4, 2, 17, 2]
[4, 2, 18, 1, 1]
[4, 2, 17, 1, 1]
[4, 2, 16, 1, 1]
[4, 2, 15, 2, 1, 1]
[4, 2, 15, 1, 3]
[4, 2, 14, 1, 4]
[4, 2, 14, 1, 5]
[4, 2, 13, 1, 5]
[4, 2, 13, 1, 6]
[4, 2, 13, 1, 6]
[4, 2, 11, 1, 6]
[4, 2, 1, 1]
[4, 2, 11, 1]

left_values
[19]
[26]
[30]
[32]
[11]
[11]
[8]
[7]
[6]
[6]
[5]
[4]
[4]
[4]
[2, 4]
[4, 4, 22]
[5, 4, 28]
[4, 4, 8]
[4, 7, 21, 2]
[10, 27, 1]
[4, 32, 1]
[2, 5, 28, 1]
[4, 28, 1]
[4, 34, 1]
[40, 1]
[5, 22, 1]
[3, 12, 19, 1]
[1, 18, 18, 1]
[21, 16, 1]
[3, 19, 15]
[3, 20, 14]
[3, 22, 9, 2]
[2, 22, 7, 3]
[2, 22, 4, 3]
[2, 5, 14, 3, 2, 3]
[3, 4, 5, 12, 1, 2, 5]
[2, 4, 1, 3, 13, 1, 7]
[2, 3, 1, 4, 12, 1, 8]
[2, 3, 1, 4, 12, 1, 7]
[2, 3, 1, 4, 18, 6]
