Puzzle number: 146539
width:  50
height:  50
solved_count:  138
AVE_TIME:  '00:29:27'
ave_time_count:  100

top_values
[3, 11, 10, 9]
[3, 11, 15, 5]
[3, 11, 15, 5]
[3, 11, 2, 8, 5]
[5, 11, 4, 3, 11]
[5, 11, 4, 3, 11]
[3, 10, 9, 4, 1, 7]
[3, 12, 3, 6, 4]
[3, 7, 1, 1, 4, 2, 4]
[3, 7, 1, 1, 4, 2, 4]
[3, 7, 1, 2, 3, 2, 4]
[4, 6, 3, 1, 3, 2, 5]
[4, 6, 3, 1, 3, 2, 5]
[3, 6, 3, 5, 3, 4]
[3, 7, 3, 8, 3]
[3, 7, 3]
[3, 7, 3]
[3, 6]
[3, 6, 1, 1]
[3, 6, 1, 1]
[3, 6, 7, 4]
[3, 6, 1, 4, 1]
[3, 7, 9, 2]
[3, 7, 9, 2]
[3, 7, 7, 4]
[3, 7, 14, 4]
[3, 7, 14, 4]
[3, 7, 3, 3, 2, 4]
[3, 7, 2, 5, 6, 2]
[2, 8, 3, 16]
[2, 8, 3, 16]
[2, 8, 2, 4, 7]
[2, 8, 7, 13, 1]
[2, 10, 7, 13, 1]
[2, 11, 21, 4]
[2, 11, 2, 7, 14]
[3, 11, 3, 3, 10, 1]
[3, 11, 3, 3, 10, 1]
[3, 12, 4, 3, 3, 7, 1]
[1, 14, 11, 2, 4, 1]
[1, 14, 11, 2, 4, 1]
[1, 28, 1, 4, 1]
[1, 38, 3]
[1, 36]
[1, 36]
[3, 36]
[3, 37, 1]
[3, 37, 1]
[2, 37]
[2, 38]

left_values
[18]
[35]
[35]
[12, 12]
[6, 5]
[6, 5]
[1]
[24]
[36]
[36]
[46]
[50]
[50]
[17, 28]
[11, 21]
[8, 4, 17]
[8, 4, 17]
[15, 16]
[8, 3, 12]
[8, 3, 12]
[6, 3, 3, 1, 11]
[3, 4, 3, 1, 3, 3, 11]
[2, 1, 2, 4, 2, 2, 9]
[2, 1, 2, 4, 2, 3, 9]
[1, 3, 1, 2, 2, 1, 3, 1, 9]
[1, 3, 1, 2, 2, 7, 12]
[1, 3, 1, 2, 2, 7, 12]
[7, 2, 1, 2, 2, 7, 11]
[4, 1, 2, 6, 3, 4, 11]
[3, 2, 4, 5, 3, 16]
[3, 2, 4, 5, 3, 16]
[3, 3, 6, 7, 2, 12]
[3, 7, 1, 7, 4, 11]
[3, 7, 1, 7, 4, 11]
[2, 5, 1, 3, 7, 11]
[6, 1, 2, 6, 14]
[5, 6, 12, 8]
[5, 6, 12, 8]
[3, 9, 9]
[5, 4, 12, 8]
[5, 4, 12, 8]
[7, 8, 7, 8]
[1, 3, 10, 18]
[1, 3, 2, 18]
[1, 3, 2, 18]
[7, 3, 1, 12]
[15, 2, 4]
[15, 2, 1, 1]
[15, 2, 1, 1]
[13, 1, 11, 2]
