Puzzle number: 147119
width:  35
height:  45
solved_count:  288
AVE_TIME:  '00:13:04'
ave_time_count:  112

top_values
[2]
[4]
[6]
[8]
[7]
[4]
[4]
[4]
[4]
[6, 5]
[15]
[1, 11]
[13]
[15]
[17]
[22]
[23]
[23]
[11]
[8]
[9]
[6]
[1, 4]
[1, 4]
[1, 5]
[2, 5]
[2, 2, 4]
[2, 2, 4]
[3, 2, 4]
[4, 2, 4]
[1, 5, 4]
[1, 4, 1, 4]
[1, 4, 2, 4]
[1, 5, 3, 4]
[1, 7, 2, 4]

left_values
[4, 3, 2, 10]
[4, 2, 2, 8]
[4, 2, 3, 3, 1]
[4, 2, 3, 6]
[3, 2, 4, 5]
[3, 2, 5, 7]
[3, 8, 8]
[4, 8, 2, 2]
[4, 8, 1, 1]
[13]
[12]
[11]
[10]
[9]
[8, 2]
[8, 3]
[8, 3]
[7]
[7]
[8]
[7]
[6]
[5]
[5]
[5]
[4]
[4]
[4]
[4]
[4]
[4]
[4]
[5]
[5]
[4]
[5]
[5]
[5]
[4]
[2]
[1]
[]
[]
[]
[]
