Puzzle number: 147109
width:  40
height:  50
solved_count:  617
AVE_TIME:  '00:07:21'
ave_time_count:  152

top_values
[5]
[19]
[23]
[29]
[35]
[44]
[47]
[27, 19]
[29, 16]
[30, 14]
[33, 11]
[36, 9]
[38, 7]
[41, 5]
[43, 3]
[45, 2]
[47]
[49]
[42, 5]
[42, 3]
[44, 1]
[45]
[47]
[48]
[49]
[50]
[50]
[9, 35]
[9, 32]
[10, 29]
[11, 27]
[11, 25]
[11, 24]
[12, 24]
[11, 24]
[11, 25]
[10, 25]
[9, 26]
[5, 27]
[4, 28]

left_values
[34]
[35]
[36]
[36]
[36]
[35]
[36]
[37]
[37]
[26, 8]
[26, 6]
[26, 1]
[26]
[27]
[27]
[28]
[28]
[28]
[28]
[28]
[28]
[29]
[29, 1]
[30, 2]
[30, 3]
[31, 5]
[38]
[5, 32]
[5, 32]
[4, 31]
[5, 30]
[5, 30]
[5, 30]
[4, 29]
[5, 29]
[5, 29]
[6, 28]
[5, 28]
[5, 27]
[6, 27]
[6, 27]
[7, 26]
[7, 4, 20]
[8, 3, 20]
[8, 3, 19]
[8, 3, 18]
[8, 3, 18]
[8, 3, 17]
[9, 3, 16]
[8, 3, 15]
