Puzzle number: 147257
width:  35
height:  40
solved_count:  297
AVE_TIME:  '00:14:27'
ave_time_count:  158

top_values
[7, 4, 4]
[6, 4, 4]
[7, 4, 3]
[7, 3, 2]
[7, 3, 3]
[7, 2, 3]
[8, 3, 5]
[8, 3, 5]
[9, 3, 6]
[9, 4, 5]
[9, 5, 4]
[10, 3, 3]
[11, 3]
[13, 2]
[17, 1]
[11]
[2]
[4]
[11]
[20]
[16, 4]
[19, 3]
[3, 20, 2, 2]
[28, 1, 2]
[27, 1, 3]
[27, 2, 2]
[26, 2, 2, 2]
[25, 2, 2, 1]
[25, 2, 2]
[23, 2, 2]
[21, 2, 1, 2]
[18, 2, 4]
[16, 2, 4]
[13, 4]
[10, 2]

left_values
[13]
[13]
[13]
[12]
[12]
[12]
[12]
[12]
[12]
[13]
[12]
[12]
[12]
[12]
[12]
[12]
[12]
[11, 12]
[15, 12]
[15, 12]
[15, 12]
[16, 11]
[16, 11]
[16, 10]
[1, 10, 10]
[8, 8]
[5, 5, 7]
[8, 4, 5]
[10, 3, 5]
[3, 5, 3, 4, 5]
[3, 3, 16]
[2, 2, 5, 5]
[2, 1, 2, 2]
[7, 2, 1, 2, 2]
[9, 1, 1, 2, 7, 1]
[3, 6, 2, 8, 2]
[2, 5, 8, 2]
[7, 5, 1]
[8, 3, 2, 2, 2]
[6, 2, 1, 1, 1]
