Puzzle number: 147369
width:  40
height:  35
solved_count:  384
AVE_TIME:  '00:27:35'
ave_time_count:  156

top_values
[2, 2, 1]
[4, 3, 3]
[6, 1, 4, 1]
[6, 5, 1]
[7, 8, 1]
[7, 8, 2]
[7, 8]
[7, 6]
[7, 7]
[6, 7]
[8, 7]
[8, 2, 7]
[8, 1, 7]
[5, 1, 6]
[4, 1, 6, 1]
[3, 4, 3]
[1, 2, 2]
[1, 1, 2]
[]
[]
[1]
[2, 3]
[2, 7]
[4, 5]
[3, 5, 4]
[13, 3]
[11, 1, 4]
[10, 1, 5]
[10, 6, 1]
[9, 7, 3]
[7, 2, 9, 2]
[3, 7, 2, 12]
[11, 1, 10]
[9, 11]
[5, 11, 1]
[4, 9, 3]
[1, 5, 1]
[1]
[]
[]

left_values
[4]
[1, 7]
[3, 3, 5]
[5, 5, 5]
[5, 5, 3]
[5, 8, 9]
[12, 9]
[12, 10]
[13, 11]
[13, 12]
[11, 13]
[9, 9]
[1, 1, 5]
[2, 1, 1, 3]
[3, 4, 3, 2]
[]
[]
[]
[]
[1]
[3, 3]
[5, 4]
[5, 6]
[7, 5, 8]
[12, 9]
[12, 3, 11]
[14, 16]
[13, 16]
[11, 15]
[9, 2, 8]
[1, 1, 1, 4, 1]
[1, 3, 1, 1, 1]
[4, 4, 3, 3]
[3]
[2]
