Puzzle number: 147418
width:  50
height:  45
solved_count:  767
AVE_TIME:  '00:04:46'
ave_time_count:  149

top_values
[1]
[1]
[1]
[1]
[1]
[1]
[1]
[1]
[]
[]
[]
[]
[]
[1]
[2]
[]
[]
[]
[]
[]
[]
[]
[]
[]
[]
[]
[]
[4, 1]
[21, 3]
[31]
[36]
[38]
[42]
[44]
[45]
[45]
[45]
[45]
[45]
[25, 18]
[16, 3, 1, 18]
[6, 9, 3, 17]
[3, 5, 6, 16]
[1, 11, 15]
[2, 9, 15]
[3, 8, 10]
[3, 7]
[2, 5]
[1, 3]
[]

left_values
[8, 2, 10, 3]
[1, 10, 3]
[10, 3]
[10, 2]
[10]
[10]
[9]
[10]
[10]
[11]
[11]
[12]
[12]
[12]
[14]
[14]
[11, 3]
[11, 3]
[12, 3]
[14, 1]
[13, 3]
[13, 3]
[12, 4]
[17]
[12, 5]
[11, 4]
[11, 3]
[13, 2]
[15, 2]
[16, 1]
[19]
[19]
[17]
[17]
[17]
[18]
[18]
[18]
[19]
[18]
[19]
[19]
[21]
[21]
[22]
