Puzzle number: 147429
width:  50
height:  45
solved_count:  399
AVE_TIME:  '00:39:58'
ave_time_count:  107

top_values
[45]
[34, 10]
[7, 8, 4, 5, 10]
[8, 1, 4, 3, 2, 1, 7, 1, 7]
[6, 3, 3, 2, 3, 6, 10]
[13, 3, 5, 3, 9]
[1, 1, 12, 3, 1, 1, 1, 4, 3]
[2, 5, 7, 3, 1, 1, 1, 8, 2]
[3, 2, 9, 2, 1, 5, 2, 3]
[3, 11, 3, 2, 3, 4]
[6, 1, 2, 2, 6, 4]
[12, 1, 2, 1, 1, 6, 5]
[3, 11, 1, 1, 6, 1, 8]
[26, 4, 8]
[2, 18, 4, 9]
[3, 2, 13, 5, 1, 5, 3]
[1, 4, 14, 1, 4, 1, 4, 3]
[2, 14, 3, 3, 1, 4, 4]
[3, 1, 14, 4, 2, 4, 4]
[3, 3, 1, 1, 2, 4, 2, 1, 1, 4, 3]
[11, 2, 2, 2, 4, 1, 2, 8]
[5, 7, 3, 3, 1, 5, 2]
[6, 4, 4, 2, 1, 7, 5, 2]
[6, 2, 8, 2, 3, 2, 3, 1, 5, 2]
[5, 12, 3, 4, 3, 7]
[18, 1, 3, 1, 7, 1, 5]
[8, 9, 2, 1, 7, 4]
[1, 11, 6, 2, 1, 3, 3, 4]
[3, 8, 7, 1, 6, 9]
[3, 10, 7, 1, 3, 2, 8]
[3, 11, 8, 2, 4, 8]
[4, 6, 2, 7, 2, 4, 7]
[2, 1, 8, 8, 2, 5, 7]
[4, 7, 5, 1, 1, 16]
[3, 1, 2, 2, 10, 2, 1, 15]
[11, 1, 7, 5, 14]
[3, 1, 4, 1, 7, 5, 13]
[1, 3, 7, 3, 3, 5, 12]
[1, 1, 6, 3, 1, 4, 11]
[1, 3, 1, 12, 2, 5, 10]
[2, 4, 8, 2, 1, 6, 12]
[2, 2, 1, 8, 1, 7, 1, 10]
[3, 3, 3, 6, 2, 6, 9]
[4, 1, 3, 5, 2, 8, 9]
[1, 3, 2, 3, 4, 3, 8, 9]
[2, 1, 2, 3, 5, 13, 9]
[7, 3, 1, 1, 5, 2, 8, 9]
[2, 2, 3, 2, 5, 1, 7, 9]
[1, 3, 5, 3, 5, 1, 18]
[5, 2, 3, 3, 6, 18]

left_values
[5, 2, 5, 6, 4, 10, 2]
[5, 2, 6, 6, 7, 4, 2, 1]
[5, 1, 3, 1, 8, 10, 3, 4]
[6, 2, 1, 1, 1, 8, 1, 7, 2, 4]
[6, 1, 1, 1, 2, 8, 5, 3, 1, 1, 3, 2]
[6, 5, 3, 1, 9, 2, 4, 2]
[4, 1, 4, 1, 1, 8, 1, 5, 4]
[2, 4, 1, 4, 1, 2, 8, 3, 2, 2, 2]
[2, 2, 26, 2, 1, 2, 4]
[2, 5, 14, 10, 3, 4, 4]
[3, 10, 24, 8]
[10, 8, 1, 3, 15, 2, 1]
[11, 7, 1, 3, 4, 2, 7, 4]
[7, 2, 16, 6, 6, 3]
[4, 5, 8, 7, 14, 1, 2]
[3, 6, 7, 5, 2, 9, 1]
[4, 6, 6, 9, 2, 8]
[10, 11, 25]
[2, 8, 6, 2, 26]
[3, 3, 9, 2, 16, 5]
[3, 2, 7, 2, 11, 1, 4]
[4, 8, 1, 12, 2, 3]
[9, 3, 1, 1, 1, 5, 4, 6, 2]
[2, 5, 1, 3, 2, 1, 3, 4, 5, 1]
[2, 5, 2, 5, 3, 3, 2, 4]
[2, 1, 4, 5, 5, 4, 1, 1, 1]
[6, 4, 1, 5, 6, 12]
[5, 1, 8, 5, 1, 15]
[5, 9, 11, 16]
[8, 10, 1, 1, 6, 15]
[6, 12, 8, 2, 11]
[2, 8, 8, 3, 10]
[2, 1, 1, 3, 1, 2, 4, 7, 7]
[2, 3, 3, 10, 2, 7]
[1, 3, 2, 4, 10, 1, 1, 2]
[5, 3, 1, 4, 12, 2]
[3, 2, 3, 6, 4, 18]
[3, 5, 12, 4, 17]
[8, 14, 22]
[9, 13, 22]
[9, 5, 6, 22]
[6, 6, 2, 30]
[7, 13, 26]
[50]
[50]
