Puzzle number: 147909
width:  40
height:  45
solved_count:  507
AVE_TIME:  '00:06:17'
ave_time_count:  122

top_values
[6, 7, 3]
[6, 8, 2]
[6, 7, 2]
[6, 8, 2]
[5, 3, 3, 2]
[5, 2, 4, 2]
[4, 2, 3, 2]
[4, 2, 3, 2]
[4, 2, 4, 2]
[4, 2, 3, 1]
[3, 2, 3, 1]
[3, 2, 2, 1]
[2, 2, 2, 2]
[3, 2, 2, 2]
[3, 2, 2, 2]
[4, 1, 3, 2]
[3, 1, 3, 3]
[4, 2, 3, 3]
[4, 2, 3, 3]
[4, 2, 3, 3]
[4, 1, 2, 3]
[5, 1, 3, 3]
[5, 2, 4, 3]
[5, 2, 4, 3]
[5, 2, 3, 4]
[5, 2, 5, 4]
[5, 9, 4]
[5, 8, 4]
[5, 9, 4]
[15, 5]
[13, 5]
[12, 5]
[9, 5]
[7, 6]
[4, 8]
[3, 8]
[1, 11]
[11]
[13]
[16]

left_values
[16]
[4, 19]
[6, 21]
[10, 22]
[34]
[16, 5]
[12, 5]
[5]
[5]
[6]
[8]
[2, 10]
[5, 7, 5]
[20, 4]
[15, 5]
[4, 4]
[4, 6]
[6, 6]
[8, 7]
[8, 9]
[15]
[11]
[]
[]
[]
[]
[]
[]
[]
[1]
[1]
[1]
[2]
[2]
[4]
[4]
[4]
[6]
[6]
[7]
[11]
[16]
[1, 24]
[9, 28]
[40]
