Puzzle number: 147907
width:  30
height:  50
solved_count:  590
AVE_TIME:  '00:02:52'
ave_time_count:  140

top_values
[8]
[9]
[9]
[9]
[7]
[7]
[7]
[6]
[4]
[3]
[2]
[1, 7]
[1, 9]
[11]
[12]
[13]
[21]
[23]
[25]
[1, 29]
[50]
[30, 12]
[22, 18]
[20, 21]
[8, 22]
[5, 30]
[50]
[50]
[50]
[50]

left_values
[12, 11]
[11, 10]
[10, 10]
[9, 10]
[8, 10]
[8, 5, 4]
[7, 5, 4]
[4, 5, 4]
[4, 4, 4]
[4, 4]
[4, 4]
[4, 4]
[4, 4]
[4, 4]
[4, 4]
[4, 4]
[4, 4]
[4, 4]
[4, 4]
[4, 4]
[3, 5]
[4, 5]
[3, 5]
[3, 5]
[3, 5]
[4, 5]
[4, 5]
[5, 5]
[5, 6]
[6, 7]
[5, 7]
[5, 7]
[5, 8]
[6, 8]
[6, 8]
[6, 8]
[7, 8]
[7, 8]
[16]
[17]
[17]
[18]
[18]
[19]
[19]
[19]
[4, 14]
[4, 14]
[3, 14]
[3, 14]
