Puzzle number: 148184
width:  26
height:  34
solved_count:  958
AVE_TIME:  '00:08:17'
ave_time_count:  187

top_values
[7]
[9]
[22]
[13, 7]
[16, 5]
[18, 3]
[3, 10, 9]
[7, 11, 8, 1]
[9, 12, 4, 2]
[10, 17, 3]
[27, 5]
[26, 7]
[12, 11, 7]
[11, 10, 8, 1]
[10, 21]
[9, 15]
[7, 13]
[4, 11]
[8]
[5]
[]
[]
[]
[]
[]
[]

left_values
[4]
[8]
[10]
[10]
[12]
[12]
[12]
[11]
[10]
[8]
[6]
[4, 3]
[10]
[14]
[16]
[18]
[19]
[20]
[20]
[20]
[20]
[5, 13]
[5, 11]
[5, 5, 5]
[6, 3, 5]
[1, 4, 3, 5]
[1, 7, 5]
[2, 5, 6]
[2, 5, 5]
[3, 3, 5]
[3, 2, 5]
[4, 1, 6]
[4, 5, 1]
[4, 5, 2]
