Puzzle number: 148362
width:  35
height:  50
solved_count:  147
AVE_TIME:  '00:18:38'
ave_time_count:  100

top_values
[7, 3, 1, 12]
[8, 2, 1, 9]
[8, 1, 6]
[7, 1, 7]
[7, 9]
[6, 11, 5]
[3, 20]
[21]
[14, 5]
[28, 5]
[40, 1]
[39, 1]
[36, 3]
[35, 4]
[33, 3, 3]
[31, 3, 3, 1]
[27, 1, 6, 3]
[21, 4, 2, 6, 3]
[20, 5, 3, 7, 4]
[20, 13, 6, 2]
[19, 12, 5, 2]
[19, 11, 5, 1]
[18, 10, 4, 2]
[18, 8, 4, 2]
[11, 4, 4, 4, 2]
[10, 5, 1, 4, 2]
[10, 6, 2, 4, 2]
[10, 5, 2, 2, 4, 3]
[9, 5, 2, 2, 4, 3]
[8, 5, 12, 3, 2]
[7, 7, 8, 4, 3]
[6, 9, 9]
[12, 10]
[24]
[17]

left_values
[3, 22]
[4, 22]
[5, 22]
[5, 22]
[6, 22]
[6, 22]
[6, 21]
[6, 20]
[3, 19]
[1, 2, 18]
[2, 15]
[4, 14, 4]
[14, 7]
[24]
[24]
[2, 25]
[18, 4]
[15, 2, 4]
[13, 2, 4]
[11, 2, 4]
[9, 1, 4]
[8, 1, 3]
[11, 2, 3]
[13, 2, 3]
[14, 2, 3]
[15, 2, 2]
[8, 6, 2, 2]
[8, 6, 2, 2]
[8, 6, 2, 2]
[9, 6, 2, 2]
[10, 6, 2, 3]
[9, 5, 2, 3]
[10, 6, 2, 4]
[9, 6, 2, 4]
[10, 5, 5]
[9, 6]
[9, 9]
[10, 1, 11]
[12, 2, 11, 3]
[11, 14, 3]
[10, 10, 4]
[8, 7, 4]
[8, 6, 4]
[2, 2, 5, 5]
[2, 2, 4, 3]
[2, 5, 2, 3]
[2, 5, 2, 3]
[1, 5, 3, 4]
[1, 5, 2, 3]
[1, 9, 4]
