Puzzle number: 148777
width:  45
height:  50
solved_count:  621
AVE_TIME:  '00:03:51'
ave_time_count:  241

top_values
[50]
[6, 30]
[6, 2, 2]
[6, 2, 2]
[6, 2, 2]
[6, 2, 2]
[6, 2, 2]
[6, 2, 2]
[6, 2, 2]
[6, 2, 2]
[6, 2, 2]
[6, 2, 2]
[6, 2, 2]
[6, 2, 2]
[6, 2, 2]
[6, 2, 2]
[6, 2, 2]
[6, 2, 2]
[6, 2, 2]
[6, 2, 2]
[6, 2, 2]
[6, 2, 2]
[6, 2, 2]
[6, 2, 2]
[6, 2, 2]
[7, 2, 2]
[7, 2, 2]
[7, 2, 2]
[7, 2, 2]
[7, 2, 2]
[14, 2, 2]
[19, 2]
[24]
[30]
[41, 1]
[50]
[48]
[1, 46]
[3, 44]
[4, 42]
[5, 40]
[5, 36]
[6, 2, 29]
[8, 2, 23]
[5, 2]

left_values
[36, 2]
[36, 2]
[37, 3]
[37, 2]
[38, 2]
[38, 2]
[1, 14, 2]
[1, 9, 1]
[1, 10, 2]
[1, 10, 2]
[1, 11, 1]
[1, 11, 2]
[1, 11, 2]
[1, 11, 2]
[2, 11, 2]
[2, 11, 2]
[2, 11, 2]
[45]
[45]
[2, 10]
[2, 10]
[45]
[45]
[2, 11]
[2, 10]
[2, 10]
[2, 10]
[2, 11]
[2, 11]
[2, 11]
[2, 10]
[2, 10]
[2, 10]
[2, 10]
[2, 10]
[2, 10]
[2, 10]
[2, 10]
[2, 10]
[2, 10]
[2, 10]
[2, 9]
[2, 9]
[2, 9]
[1, 9]
[1, 9]
[1, 9]
[1, 9]
[1, 9]
[1, 10]
