Puzzle number: 148779
width:  45
height:  50
solved_count:  670
AVE_TIME:  '00:01:34'
ave_time_count:  257

top_values
[]
[]
[4]
[13]
[9]
[6]
[9]
[9]
[6]
[4]
[5]
[6]
[8]
[11]
[13]
[13]
[13]
[13]
[13]
[13]
[13]
[13]
[13]
[13]
[13]
[13]
[14]
[14]
[14]
[14]
[14]
[14]
[14]
[14]
[14]
[22, 14]
[50]
[50]
[50]
[50]
[50]
[50]
[50]
[50]
[50]

left_values
[2, 10]
[2, 10]
[2, 10]
[2, 10]
[1, 10]
[1, 10]
[1, 10]
[1, 10]
[2, 10]
[2, 10]
[2, 10]
[2, 10]
[2, 10]
[1, 10]
[2, 10]
[2, 10]
[2, 10]
[2, 10]
[2, 10]
[2, 10]
[1, 10]
[1, 10]
[2, 9]
[2, 9]
[2, 9]
[2, 9]
[1, 9]
[1, 9]
[2, 9]
[2, 9]
[2, 9]
[1, 9]
[1, 9]
[2, 9]
[1, 9]
[2, 9]
[2, 19]
[35]
[35]
[35]
[34]
[34]
[34]
[33]
[33]
[32]
[32]
[32]
[31]
[31]
