Puzzle number: 148874
width:  50
height:  45
solved_count:  196
AVE_TIME:  '00:34:57'
ave_time_count:  101

top_values
[]
[]
[]
[2]
[4]
[6]
[12]
[8, 6]
[6, 4]
[3, 2]
[1]
[9]
[15]
[18]
[21]
[2, 19]
[2, 20]
[4, 21]
[5, 22]
[6, 6, 5, 4]
[6, 9, 4, 3]
[2, 7, 11, 3, 4]
[3, 1, 2, 5, 3, 5]
[4, 2, 1, 2, 4, 3, 5]
[4, 1, 1, 2, 4, 3, 6]
[3, 1, 5, 2, 4, 2, 6]
[3, 3, 4, 2, 4, 2, 8]
[3, 4, 4, 2, 4, 2, 8]
[2, 9, 2, 4, 1, 9]
[2, 9, 2, 4, 1, 10]
[1, 11, 2, 4, 1, 9]
[1, 4, 1, 2, 4, 4]
[1, 4, 3, 1, 3, 4, 4, 2]
[2, 3, 3, 3, 3, 4, 2]
[3, 3, 4, 3, 3, 4, 2]
[3, 3, 5, 2, 3, 5, 1]
[3, 3, 4, 3, 3, 4, 2]
[4, 9, 2, 4, 3, 2]
[5, 9, 3, 3, 8]
[6, 4, 3, 3, 3, 8]
[2, 9, 6]
[7, 5, 6]
[2, 10, 7]
[7, 27]
[8, 27]
[8, 4, 20]
[7, 3, 13]
[5, 3, 13]
[3, 1, 3, 15]
[4, 2, 5, 20]

left_values
[4, 17, 4, 2]
[3, 8, 7, 5, 2]
[3, 7, 6, 4, 2]
[2, 4, 3, 3, 4, 1]
[3, 10, 2, 5]
[3, 14, 1, 5]
[2, 3, 12, 5]
[2, 3, 4, 4, 4, 1]
[1, 5, 3, 5, 3]
[1, 7, 6, 4, 8]
[3, 8, 6, 8, 9]
[5, 2, 5, 6, 7, 9]
[7, 2, 4, 6, 5, 9]
[7, 5, 3, 3, 5, 5, 1]
[5, 10, 3, 4, 1]
[3, 23, 2, 3]
[26, 4]
[11, 7, 4]
[11, 4, 4, 1]
[11, 2, 3, 1]
[8, 2, 2, 3, 1]
[8, 2, 1, 3, 1]
[8, 3, 2, 3, 2]
[8, 3, 2, 4, 2]
[8, 4, 2, 7]
[7, 16, 2, 7]
[8, 20, 7]
[8, 17, 7]
[8, 8, 4, 7]
[8, 8]
[11, 4, 5, 8]
[4, 8, 18]
[3, 5, 2, 18]
[3, 3, 5, 12]
[3, 5, 4, 12]
[13, 12]
[12, 5, 3]
[12, 4, 1]
[16]
[13]
[8]
[4]
[]
[]
[]
