Puzzle number: 148980
width:  40
height:  45
solved_count:  653
AVE_TIME:  '00:15:32'
ave_time_count:  141

top_values
[13, 1, 2]
[13, 1, 3, 1]
[13]
[4, 8]
[16]
[17]
[18]
[18]
[7, 11]
[7, 10]
[8, 9]
[9, 9]
[7, 8]
[1, 16]
[1, 18]
[21]
[7, 2, 8]
[7, 9]
[11, 9]
[3, 4, 11]
[1, 4, 15, 2]
[26, 1]
[28, 4]
[5, 8, 10, 4]
[6, 7, 9, 3]
[7, 8, 10, 6]
[5, 9, 10, 7]
[16, 1, 11, 7]
[9, 7, 19, 2]
[8, 8, 18, 1]
[1, 8, 2, 8, 18]
[13, 30]
[13, 30]
[13, 30]
[2, 4, 3, 31]
[4, 4, 34]
[7, 33]
[1, 8, 6, 23]
[1, 14, 18]
[17, 11, 2]

left_values
[12, 6, 5, 8, 3]
[12, 4, 10, 5, 1]
[12, 4, 13, 2, 1]
[13, 20, 5]
[3, 30, 4]
[3, 19, 16]
[19, 3, 1, 13]
[8, 6, 1, 2, 14]
[9, 6, 2, 2, 4, 10]
[10, 5, 2, 7, 4, 3]
[11, 3, 10, 4, 3]
[12, 3, 10, 5, 2]
[16, 20]
[13, 12, 5]
[26, 6]
[36]
[19, 13]
[17, 10]
[16, 8]
[14, 1, 8]
[13, 7]
[11, 7]
[11, 8]
[10, 7]
[10, 7]
[17]
[16]
[17]
[15]
[15]
[13]
[13]
[13]
[12]
[12]
[18]
[2, 20]
[1, 18]
[1, 2, 15]
[1, 14]
[1, 14]
[13]
[9]
[1, 1, 9]
[2, 2, 9]
