Puzzle number: 148956
width:  35
height:  40
solved_count:  616
AVE_TIME:  '00:06:16'
ave_time_count:  107

top_values
[9, 2, 1]
[9, 2, 1, 1]
[11, 3, 3, 2]
[11, 4, 4, 2]
[12, 5, 5, 2]
[12, 4, 5, 2]
[12, 1, 5, 2]
[12, 5]
[13, 6]
[17, 4]
[19, 3]
[19]
[19]
[14]
[13]
[14]
[14]
[13]
[14]
[14]
[14]
[13]
[13]
[10, 2]
[10]
[11]
[11]
[11]
[12]
[9]
[9]
[6, 2]
[5, 1]
[4]
[1]

left_values
[32]
[33]
[34]
[34]
[34]
[35]
[31]
[32]
[33]
[27]
[21, 4]
[20, 1]
[16]
[2, 5, 2, 3]
[4, 4]
[4, 4]
[5, 4]
[4, 3]
[3]
[]
[]
[]
[2]
[1]
[]
[3]
[4]
[5]
[5]
[5]
[6]
[5]
[4]
[3]
[]
[]
[]
[]
[5]
[7]
