Puzzle number: 149279
width:  35
height:  35
solved_count:  327
AVE_TIME:  '00:20:40'
ave_time_count:  107

top_values
[]
[]
[]
[2]
[1]
[8, 2]
[12]
[11]
[1, 11]
[19]
[4, 13]
[12]
[2, 3, 10, 2]
[2, 11, 2]
[5, 6, 2]
[3, 2, 1, 7, 2]
[3, 6, 2]
[7, 1, 6, 3]
[1, 4, 2, 6, 3]
[5, 3, 4, 6, 3]
[7, 7, 7, 4]
[3, 21]
[3, 2, 3, 11]
[6, 2, 3, 9]
[3, 3, 2, 9]
[3, 3, 2, 8]
[3, 2, 2, 6]
[2, 4, 2, 2, 7]
[7, 2, 3, 2, 8]
[2, 3, 3, 2, 8]
[3, 3, 3, 8]
[3, 7, 5, 2]
[2, 3, 1, 5, 1, 5]
[5, 1, 6, 5]
[5, 6, 1]

left_values
[1, 2, 2, 1, 3, 1]
[1, 3, 2, 1, 3, 2]
[7, 1, 1, 1]
[6, 1, 2, 1]
[6, 1, 2, 8]
[5, 5, 9]
[5, 1, 18]
[5, 2, 10]
[5, 1, 6, 1]
[6, 1, 1, 3, 1, 1]
[8, 1, 1, 1, 1]
[7, 1, 2, 1]
[4, 2, 2]
[6, 1, 10]
[6, 12]
[6, 6, 5]
[5, 1, 1, 3, 3]
[5, 3, 5]
[6, 16]
[6, 16]
[6, 4, 2]
[6, 1, 3]
[6, 1]
[8, 1]
[8, 1]
[8, 2]
[9, 4]
[18]
[17]
[14]
[12]
[11]
[14, 1]
[14, 5]
[14, 4]
