Puzzle number: 149427
width:  30
height:  25
solved_count:  1259
AVE_TIME:  '00:08:28'
ave_time_count:  177

top_values
[4, 1, 1]
[2, 2, 1, 1]
[2, 1, 2, 1]
[1, 3, 1, 1]
[1, 5, 2, 1]
[2, 7, 1, 1]
[10, 1, 1]
[10, 1, 1]
[7, 2, 2, 1]
[6, 1, 1, 1]
[3, 2, 2, 3, 1]
[2, 1, 2, 2, 1]
[2, 2, 1, 2, 1]
[1, 2, 2, 1, 1]
[2, 1, 2, 1, 1]
[2, 2, 1, 3]
[1, 2, 2, 1]
[2, 1, 2, 1]
[2, 2, 1, 2]
[2, 2, 2, 1]
[2, 1, 2, 1]
[1, 2, 2, 2]
[2, 5, 1]
[2, 2, 1, 1]
[4, 2, 2]
[2, 1, 1]
[2, 2, 1]
[2, 3, 1]
[8]
[5]

left_values
[5]
[2, 3]
[2, 3]
[1, 5]
[1, 8]
[2, 10]
[10, 3]
[7, 2]
[7, 3]
[3, 3, 2]
[2, 2, 2]
[3, 3, 2]
[2, 2, 3]
[3, 3, 2]
[2, 2, 3]
[3, 3, 3, 3]
[3, 2, 2, 1, 2]
[5, 3, 3, 2]
[3, 5, 1]
[1, 3, 2]
[2, 3, 3]
[2, 6]
[4, 4]
[4, 4, 2]
[16, 4, 5]
