Puzzle number: 149428
width:  40
height:  25
solved_count:  603
AVE_TIME:  '00:30:59'
ave_time_count:  123

top_values
[2, 3]
[1, 2, 1]
[1, 1, 1]
[1, 2, 3]
[1, 4, 1, 5]
[1, 4, 1, 2, 1]
[1, 2, 2, 1, 1]
[1, 1, 1, 1, 1]
[1, 1, 3, 1, 1, 5]
[6, 5, 3, 2]
[5, 1]
[2, 2, 3]
[5, 2, 2, 4, 2]
[2, 2, 1, 10]
[1, 1, 1, 10]
[1, 2, 1, 5, 10]
[2, 2, 3, 12]
[2, 8]
[1, 1, 4]
[1, 1, 3]
[1, 1, 2]
[2, 3, 2, 2, 2]
[3, 5, 1, 1, 2]
[3, 1, 5, 3, 1, 2]
[3, 1, 3, 3, 1, 2]
[3, 1, 5, 2, 1, 3]
[2, 3, 2, 5]
[1, 2, 6]
[1, 6]
[2, 6]
[1, 7]
[1, 8]
[2, 11]
[2, 2, 6, 6]
[1, 2, 1, 6]
[2, 1, 1, 6]
[2, 2, 5]
[4, 4]
[4]
[3]

left_values
[2, 2, 2]
[1, 1, 1, 1, 4, 4]
[1, 2, 1, 2, 2, 6, 3]
[9, 1, 13, 2, 2]
[2, 4, 1, 1, 3, 4, 2]
[1, 2, 1, 1, 2, 2, 1]
[1, 1, 4, 2, 3, 1]
[3, 1, 1, 4, 1, 1, 2]
[3, 2, 1, 4]
[1, 3, 2, 4, 1]
[4, 1, 3, 2, 1]
[6, 1, 6, 1]
[2, 2, 1, 6, 1]
[1, 1, 2, 4, 2]
[1, 4, 1, 1, 1, 1]
[1, 1, 6, 1, 2, 2, 1]
[1, 2, 5, 5, 1]
[4, 5, 3, 5]
[1, 7, 7]
[1, 7, 3, 11]
[2, 7, 18]
[10, 13]
[7, 15]
[21, 2]
[20, 1]
