Puzzle number: 149622
width:  25
height:  25
solved_count:  803
AVE_TIME:  '00:04:16'
ave_time_count:  171

top_values
[13, 1]
[15, 1]
[17, 1]
[13, 3, 1]
[13, 3, 1]
[12, 2, 1]
[11, 3, 1]
[12, 3, 1]
[12, 2, 1]
[10, 3, 1]
[9, 3, 1]
[9, 3, 1]
[8, 3, 1]
[8, 3, 1]
[8, 3, 1]
[4, 3, 3, 1]
[2, 3, 4, 1]
[4, 5, 1]
[5, 5, 1]
[6, 6, 1]
[7, 5, 1]
[8, 5, 1]
[8, 5, 1]
[4, 4, 6, 1]
[4, 4, 5, 1]

left_values
[15, 4]
[15, 5]
[15, 6]
[15, 7]
[15, 6]
[25]
[25]
[25]
[12, 2]
[10, 2]
[9, 7]
[6, 2, 10]
[5, 13]
[3, 7, 7]
[11, 7]
[8, 6]
[5, 4]
[3]
[2]
[]
[]
[]
[]
[]
[25]
