Puzzle number: 149610
width:  25
height:  25
solved_count:  834
AVE_TIME:  '00:03:17'
ave_time_count:  192

top_values
[9]
[5, 4]
[1, 4, 5, 2]
[1, 5, 14]
[1, 5, 10]
[1, 5]
[1, 6]
[1, 6]
[1, 7]
[1, 8, 1]
[1, 19]
[1, 19]
[1, 18]
[1, 15]
[1, 11]
[1, 8]
[1, 4]
[1]
[1]
[1, 3]
[1, 6]
[1, 5]
[1, 4]
[1, 3]
[1, 4, 5]

left_values
[25]
[2]
[5]
[7]
[9]
[1, 8]
[1, 9]
[2, 8]
[2, 7]
[2, 7]
[2, 6]
[2, 6]
[2, 6, 1]
[3, 6, 1]
[2, 6, 2]
[2, 7, 3]
[2, 7, 2]
[2, 7, 2]
[2, 7, 2]
[2, 6, 2]
[2, 6, 2, 1]
[2, 5, 2, 1]
[2, 4, 2, 1]
[2, 4, 2, 1]
[2, 4, 2, 1]
