Puzzle number: 149709
width:  25
height:  30
solved_count:  878
AVE_TIME:  '00:16:15'
ave_time_count:  149

top_values
[3]
[3]
[1]
[2]
[3]
[4]
[1, 3]
[1, 3, 1]
[3, 9, 2]
[6, 13, 2]
[8, 1, 12]
[4, 1, 5, 1, 1, 11]
[9, 3, 1, 7]
[10, 6]
[9, 3, 8]
[4, 1, 4, 10]
[8, 1, 12]
[6, 1, 1, 1, 11]
[6, 2, 9, 2]
[6, 9, 2]
[4, 1]
[4, 6]
[3, 1, 1]
[1, 1, 1]
[6]

left_values
[3]
[2, 5]
[8, 5]
[2, 3, 5]
[3, 5]
[3, 3]
[12]
[4, 3, 3]
[3, 3, 4]
[3, 1, 4]
[3, 5]
[4, 7]
[3, 3, 4]
[3, 4, 3]
[1, 1, 3]
[10, 2]
[2, 3, 1, 2]
[2, 1, 3, 1, 1, 1, 1]
[3, 5, 2, 4]
[12, 1, 1]
[12, 1, 1]
[5, 6, 1, 1]
[5, 6, 4]
[5, 5]
[5, 5]
[3, 3]
[3, 3]
[2, 2]
[4, 4]
[5, 5]
