Puzzle number: 14972
width:  45
height:  45
solved_count:  4277
AVE_TIME:  '00:00:17'
ave_time_count:  2729

top_values
[]
[]
[]
[]
[]
[]
[]
[]
[]
[]
[]
[]
[]
[]
[]
[]
[]
[]
[]
[]
[]
[]
[]
[]
[]
[]
[]
[]
[]
[]
[]
[]
[]
[]
[]
[]
[2]
[3]
[4]
[5]
[6]
[7]
[8]
[9]
[10]

left_values
[9]
[9]
[8]
[7]
[6]
[5]
[4]
[3]
[2]
[1]
[]
[]
[]
[]
[]
[]
[]
[]
[]
[]
[]
[]
[]
[]
[]
[]
[]
[]
[]
[]
[]
[]
[]
[]
[]
[]
[]
[]
[]
[]
[]
[]
[]
[]
[]
