Puzzle number: 149873
width:  35
height:  50
solved_count:  413
AVE_TIME:  '00:03:00'
ave_time_count:  173

top_values
[3, 11]
[3, 14]
[3, 15]
[4, 17]
[26]
[32]
[36]
[44]
[50]
[50]
[50]
[50]
[50]
[50]
[50]
[50]
[50]
[50]
[50]
[50]
[50]
[50]
[44]
[43]
[4, 34]
[31]
[13, 10]
[6, 8]
[7]
[5]
[2]
[]
[]
[]
[]

left_values
[14]
[14]
[14]
[1, 14]
[2, 14]
[4, 14]
[3, 16]
[2, 17]
[1, 17]
[18]
[18]
[18]
[18]
[17]
[18]
[18]
[19]
[19]
[20]
[21]
[21]
[22]
[22]
[22]
[23]
[24]
[24]
[24]
[24]
[24]
[24]
[23]
[23]
[24]
[23]
[24]
[25]
[25]
[25]
[26]
[27]
[27]
[28]
[29]
[29]
[30]
[30]
[30]
[31]
[31]
