Puzzle number: 149949
width:  50
height:  50
solved_count:  359
AVE_TIME:  '00:06:44'
ave_time_count:  130

top_values
[7]
[11]
[12]
[12, 3]
[9, 3]
[5, 3]
[11, 4]
[17]
[16]
[16]
[13]
[13]
[6, 10]
[6, 10]
[6, 5, 2]
[8]
[7]
[9]
[9]
[9]
[9]
[9]
[9]
[11]
[10]
[11]
[10]
[10]
[1, 10]
[10]
[10]
[10]
[10]
[10]
[8]
[8]
[8]
[8]
[7]
[7]
[7]
[7]
[7]
[7]
[7]
[7]
[7]
[7]
[7]
[3, 7]

left_values
[]
[]
[]
[]
[]
[]
[]
[]
[]
[]
[]
[]
[]
[]
[]
[]
[]
[]
[]
[]
[]
[]
[1]
[1]
[1]
[]
[]
[]
[]
[]
[14]
[14]
[18]
[19]
[23]
[4, 18]
[5, 6, 11]
[5, 6, 14]
[5, 6, 12]
[4, 6, 14]
[4, 8, 17]
[4, 7, 15]
[2, 8, 18]
[3, 3, 27]
[4, 3, 27]
[4, 3, 26]
[3, 3, 25]
[4, 2, 22]
[3, 3, 22]
[2, 3, 19]
