Puzzle number: 149954
width:  50
height:  45
solved_count:  196
AVE_TIME:  '00:21:38'
ave_time_count:  106

top_values
[3]
[3]
[2, 2]
[2]
[2]
[2]
[3]
[3]
[2]
[3]
[2]
[]
[]
[]
[]
[]
[3, 4]
[6, 10]
[8, 3, 11]
[8, 15]
[11, 19]
[13, 23]
[13, 10, 2]
[34, 2]
[36, 2]
[2, 17, 3, 2]
[4, 20, 4, 2]
[6, 4, 4, 10]
[8, 4, 5, 10]
[2, 3, 3, 4, 7]
[1, 5, 4, 4]
[3, 5, 1, 15, 3]
[13, 18, 5]
[12, 15, 4]
[5, 2, 2, 1, 3, 1]
[2, 4, 8, 14, 1]
[5, 8, 16]
[1, 3, 3, 8, 4]
[2, 7, 2, 2, 4]
[4, 9, 3, 3, 4]
[5, 3, 3, 3, 2]
[6, 2, 2, 2]
[2, 3, 3]
[3, 4, 5]
[3, 2, 2]
[2, 3]
[1, 3]
[1, 4]
[3]
[4]

left_values
[6, 18, 1]
[8, 14, 5]
[5, 9, 3, 5]
[2, 8, 3, 3]
[1, 8, 2, 5]
[2, 8, 3, 6]
[3, 7, 2, 3, 2]
[2, 8, 6, 3]
[6, 4, 5]
[7, 4, 8]
[7, 1, 2, 6]
[6, 1, 3, 3, 3]
[8, 2, 4, 2, 3]
[7, 5, 3]
[7, 5, 3]
[10, 2, 2, 4]
[4, 3, 2, 2, 5]
[4, 3, 2, 2, 4]
[4, 4, 2, 2, 4]
[4, 3, 2, 3, 3]
[4, 3, 2, 1]
[4, 3, 2, 1]
[6, 3, 1]
[6, 3, 1]
[4, 1, 3]
[4, 1, 4]
[5, 1, 6]
[5, 1, 3, 2]
[5, 2, 3, 2]
[5, 2, 7]
[7, 3, 2, 6]
[7, 3, 12]
[4, 2, 2, 6, 5]
[3, 3, 3, 4, 2]
[5, 3, 1, 3, 2]
[5, 5, 3, 6, 2]
[5, 3, 3, 6]
[6, 3, 3, 2, 2]
[6, 3, 2, 3, 1]
[6, 3, 2, 3, 1]
[6, 3, 1, 2]
[5, 3, 6]
[5, 3, 2]
[13, 3]
[12, 3]
