Puzzle number: 149980
width:  40
height:  20
solved_count:  1203
AVE_TIME:  '00:18:54'
ave_time_count:  241

top_values
[2]
[5]
[3, 5]
[1, 2, 6]
[1, 3, 9]
[5, 11]
[16]
[7, 6]
[9, 2]
[9, 1, 3]
[7]
[6]
[8]
[10]
[9]
[8]
[9]
[11]
[8, 1, 2]
[2, 3, 1, 3]
[1, 1, 3]
[2, 1, 6]
[1, 4]
[1, 1]
[1]
[2]
[3]
[2, 3]
[8]
[9]
[7, 2]
[6, 1]
[7, 4]
[1, 3, 4]
[1, 2, 9]
[1, 3, 8]
[2, 2, 6]
[1, 4]
[3, 1]
[2]

left_values
[5]
[3, 3, 9, 9, 1, 2]
[1, 15, 1, 8, 1, 1]
[1, 14, 1, 3, 5, 2]
[19, 9]
[18, 8]
[1, 14, 7]
[3, 14, 4, 1]
[9, 8, 2]
[7, 2, 2, 2, 2]
[8, 1, 1, 3]
[9, 1, 4]
[6, 1, 2, 6]
[4, 1, 7]
[4, 1, 2, 5]
[4, 1, 4, 4]
[3, 1, 6, 3]
[1, 2, 2, 3]
[2, 2]
[1, 1]
