Puzzle number: 150002
width:  40
height:  40
solved_count:  747
AVE_TIME:  '00:02:29'
ave_time_count:  174

top_values
[16]
[19]
[21]
[23]
[26]
[28]
[30]
[31]
[32]
[33]
[34]
[35]
[36]
[36]
[37]
[37]
[38]
[38]
[38]
[39]
[39]
[39]
[39]
[40]
[40]
[40]
[40]
[18, 20]
[18, 19]
[18, 19]
[18, 18]
[19, 15]
[19, 14]
[20, 11]
[20, 9]
[21]
[21]
[22]
[23]
[23]

left_values
[17]
[21]
[24]
[26]
[28]
[29]
[30]
[31]
[32]
[33]
[34]
[34]
[35]
[35]
[36]
[36]
[36]
[37]
[24, 9]
[25, 7]
[26, 5]
[29, 3]
[30, 2]
[30]
[31]
[32]
[33]
[33]
[33]
[34]
[34]
[35]
[35]
[35]
[35]
[35]
[35]
[35]
[35]
[35]
