Puzzle number: 150242
width:  45
height:  38
solved_count:  172
AVE_TIME:  '00:15:57'
ave_time_count:  104

top_values
[2, 5]
[3, 5]
[2, 4]
[2, 3]
[2, 4]
[3, 4]
[3, 4]
[4, 3]
[1, 4, 3]
[1, 4, 6]
[1, 2, 6, 8]
[1, 22]
[25]
[25]
[26]
[4, 18]
[3, 17]
[3, 15]
[3, 14]
[3, 17]
[3, 17]
[4, 18]
[5, 19]
[6, 18]
[6, 18]
[4, 19]
[3, 18]
[3, 18]
[2, 15]
[1, 15]
[1, 17]
[2, 18]
[3, 10, 7]
[16, 7]
[13, 8]
[11, 9]
[9]
[9]
[8]
[6]
[7, 6]
[7, 6]
[6, 7]
[5, 6]
[2, 7]

left_values
[25, 5]
[17, 3, 5]
[16, 3, 4]
[2, 5, 5, 3, 4]
[3, 4, 3, 3, 4]
[4, 5, 2, 3, 3]
[4, 5, 3, 2]
[3, 4, 3]
[4, 4, 3]
[9, 4]
[10, 5]
[9, 6, 1]
[1, 9, 6, 3]
[2, 9, 7, 5]
[3, 9, 7, 6]
[7, 9, 7, 7]
[21, 7, 8]
[21, 7, 9]
[19, 8, 8]
[14, 8, 6]
[30]
[30]
[29]
[28]
[27]
[23]
[21]
[13]
[10]
[9]
[9]
[9]
[8]
[6]
[6]
[4]
[4]
[1]
