Puzzle number: 15052
width:  50
height:  50
solved_count:  1035
AVE_TIME:  '00:55:31'
ave_time_count:  535

top_values
[3, 6, 8, 2, 1, 1, 9, 1]
[2, 1, 9, 4, 2, 2, 11, 1]
[2, 17, 1, 3, 14]
[9, 9, 1, 18]
[8, 5, 2, 21]
[8, 1, 3, 2, 14, 9]
[6, 3, 2, 3, 13, 11]
[6, 6, 4, 25]
[8, 6, 16, 8, 4]
[4, 27, 8, 3]
[3, 26, 1, 8, 3]
[3, 25, 10, 2, 3]
[29, 2, 8, 2, 1]
[28, 1, 2, 3, 1, 1]
[28, 1, 3, 3, 3]
[33, 2, 2, 2]
[23, 8, 3, 2, 2]
[22, 1, 5, 2, 2, 1, 1, 1]
[22, 2, 4, 4, 2, 2, 3]
[25, 4, 3, 1, 2, 2, 3]
[29, 3, 2, 2, 5]
[32, 1, 2, 6]
[28, 4, 2, 2, 6]
[14, 11, 1, 2, 2, 9]
[14, 11, 1, 3, 1, 9]
[13, 12, 4, 11]
[13, 12, 3, 12]
[13, 13, 4, 13]
[11, 8, 2, 17]
[10, 11, 3, 16]
[9, 11, 3, 13]
[8, 11, 1, 2, 12]
[7, 11, 1, 1, 12]
[7, 11, 2, 11]
[6, 12, 2, 12, 3]
[19, 2, 9, 3, 4]
[19, 4, 3, 3, 6]
[19, 2, 4, 3, 7]
[17, 3, 6, 7, 3]
[16, 3, 2, 2, 2, 3, 3]
[15, 3, 1, 6, 11]
[14, 2, 1, 1, 3, 12]
[11, 1, 1, 2, 4, 5, 9]
[11, 1, 4, 6, 11]
[13, 6, 7, 13, 1]
[7, 6, 3, 3, 3, 1, 4, 6]
[6, 6, 4, 2, 3, 6]
[6, 4, 2, 9, 4]
[4, 7, 1, 3, 5, 2, 4]
[4, 8, 1, 3, 6, 3, 4]

left_values
[1, 39]
[3, 43]
[4, 45]
[7, 38]
[6, 1, 38]
[8, 38]
[7, 24, 11, 3]
[5, 24, 11, 2]
[6, 22, 12, 2]
[6, 21, 13, 3]
[5, 21, 19]
[3, 1, 21, 13, 6]
[3, 22, 13, 6]
[3, 19, 15, 2, 1]
[2, 18, 14, 3]
[3, 1, 16, 15, 3]
[8, 30, 3, 2]
[1, 3, 1, 29, 2]
[1, 3, 1, 29, 4]
[33, 5]
[32, 1, 5]
[4, 25, 2, 4]
[2, 1, 9, 9, 3, 2, 2, 2]
[1, 13, 10, 3, 2, 2]
[12, 11, 3, 2, 2]
[2, 12, 10, 3, 4]
[3, 27, 5, 3]
[20, 2, 2, 1, 5]
[9, 7, 2, 2, 1, 5, 1]
[8, 6, 4, 5, 2, 5, 1]
[10, 2, 3, 3, 6, 1, 3]
[9, 2, 3, 8, 7, 1, 3]
[10, 3, 3, 6, 10, 1, 3]
[7, 4, 3, 5, 5, 5, 2, 3]
[6, 3, 3, 11, 5, 2]
[1, 5, 4, 3, 2, 9, 8]
[5, 11, 3, 7, 1, 5]
[4, 9, 3, 2, 8, 2, 8]
[14, 3, 2, 11, 1, 5, 2]
[13, 2, 14, 5, 1]
[13, 2, 8, 10]
[11, 1, 11, 8]
[12, 2, 10, 7]
[9, 2, 3, 9, 2, 5]
[8, 3, 2, 10, 3, 7, 1]
[9, 2, 12, 3, 3, 6]
[9, 3, 11, 3, 2, 5]
[2, 6, 14, 8, 5]
[1, 4, 12, 8, 4]
[3, 5, 13, 8, 3]
