Puzzle number: 15054
width:  50
height:  50
solved_count:  781
AVE_TIME:  '01:08:23'
ave_time_count:  363

top_values
[4, 3, 5, 9, 4]
[3, 3, 4, 10, 3, 1]
[2, 3, 4, 6, 3, 1, 2, 2]
[2, 2, 4, 6, 2, 3, 2, 2]
[1, 2, 4, 5, 2, 2, 3, 6]
[3, 4, 5, 2, 1, 3, 4]
[2, 4, 5, 2, 2, 3, 3]
[3, 4, 4, 2, 6, 15]
[2, 3, 5, 2, 12, 8]
[2, 4, 5, 31]
[2, 5, 38]
[4, 24, 15]
[2, 20, 3, 15]
[2, 1, 13, 5, 4, 9, 3]
[2, 14, 3, 2, 2, 6]
[2, 13, 4, 1, 9, 5]
[16, 3, 8, 14]
[19, 14, 1]
[16, 23, 1]
[41, 2, 1]
[40, 3, 1]
[37, 3, 2]
[4, 2, 2, 2, 2, 3]
[3, 3, 3, 3, 2, 3]
[2, 3, 2, 2, 6]
[1, 2, 6, 2, 3, 3, 5]
[2, 11, 2, 3, 4]
[3, 17, 4, 3, 6]
[46]
[4, 18, 20]
[2, 4, 1, 2, 2, 3, 8]
[1, 3, 5, 3, 4, 4, 3]
[12, 3, 3, 3, 3]
[18, 2, 3, 4, 2, 2]
[19, 3, 3, 8, 2]
[19, 2, 3, 7, 2, 2]
[20, 5, 10, 1]
[22, 4, 4, 1]
[22, 3, 4, 1]
[21, 1, 6, 6, 1]
[21, 2, 3, 2, 4, 2, 1]
[22, 2, 3, 4, 1, 1]
[22, 6, 5, 1]
[14, 6, 5, 7, 3]
[11, 8, 3, 5, 3, 2]
[10, 15, 5, 3, 2]
[16, 9, 6, 3, 3]
[11, 22, 4]
[9, 9, 13, 3]
[16, 14, 2]

left_values
[5, 3, 12, 2, 17]
[4, 4, 12, 3, 17]
[2, 3, 3, 8, 3, 17]
[1, 4, 3, 9, 4, 17]
[3, 3, 9, 5, 17]
[3, 5, 8, 3, 1, 17]
[3, 5, 8, 2, 2, 17]
[3, 6, 11, 2, 17]
[1, 4, 11, 3, 18]
[4, 10, 5, 16, 1]
[4, 11, 5, 13, 2, 1]
[5, 11, 19, 1, 1]
[4, 12, 19, 1, 2]
[3, 13, 5, 13, 5]
[2, 14, 5, 11, 5]
[1, 14, 5, 11, 5]
[9, 1, 3, 18, 2, 2]
[9, 1, 3, 4, 15, 2]
[4, 4, 2, 3, 4, 2, 12, 2]
[5, 5, 2, 3, 4, 2, 13]
[6, 5, 2, 3, 3, 1, 13]
[6, 4, 2, 3, 3, 2, 7, 1]
[5, 8, 4, 5, 2, 7]
[5, 8, 4, 6, 2, 6]
[4, 2, 5, 4, 2, 2, 2, 5]
[3, 3, 5, 4, 1, 2, 8]
[2, 3, 9, 4, 1, 1, 2, 8]
[4, 6, 1, 1, 4, 1, 3, 2, 9]
[3, 6, 1, 1, 4, 3, 3, 5, 3]
[3, 7, 1, 2, 4, 3, 8, 3]
[2, 7, 2, 4, 6, 5, 4]
[2, 8, 2, 4, 2, 3, 6, 5]
[1, 7, 7, 1, 2, 5, 1, 6]
[2, 2, 4, 7, 2, 2, 5, 2, 8]
[2, 2, 3, 2, 8, 6, 9]
[2, 2, 6, 2, 7, 5, 6]
[1, 2, 7, 7, 5, 2, 6]
[4, 7, 6, 4, 9]
[1, 2, 5, 5, 5, 6, 2]
[2, 5, 5, 4, 2, 7, 3]
[3, 5, 4, 4, 2, 7, 3]
[1, 1, 5, 3, 4, 9, 2, 3]
[1, 7, 6, 10, 1, 3]
[1, 7, 7, 8, 1, 1, 2]
[1, 8, 3, 3, 5, 3, 2, 3]
[1, 6, 4, 8, 4, 1, 1]
[1, 6, 3, 7, 2, 2]
[1, 10, 6, 3, 3]
[3, 10, 6, 6, 2]
[3, 19, 11, 1]
