Puzzle number: 150812
width:  30
height:  45
solved_count:  268
AVE_TIME:  '00:08:52'
ave_time_count:  100

top_values
[7, 6, 11]
[6, 5, 10]
[5, 3, 10]
[5, 2, 3, 11]
[6, 3, 10]
[6, 2, 10]
[6, 2, 10]
[2, 10, 2]
[15, 2]
[17, 4]
[16, 4]
[20, 6]
[31, 10]
[45]
[45]
[45]
[13, 22]
[8, 16]
[2, 11]
[7]
[4]
[]
[]
[]
[]
[]
[]
[]
[]
[]

left_values
[7]
[7]
[6]
[1, 6]
[3, 6]
[5, 6]
[5, 6]
[6, 6]
[7, 5]
[2, 4, 5]
[3, 5]
[2, 5]
[2, 3, 6]
[4, 2, 5]
[4, 5]
[3, 2, 5]
[2, 3, 6]
[1, 2, 1, 6]
[1, 7]
[1, 7]
[7]
[9]
[9]
[9]
[9]
[9]
[11]
[11]
[12]
[12]
[15]
[8, 6]
[7, 6]
[9, 7]
[10, 8]
[9, 9]
[7, 9]
[7, 9]
[6, 8]
[6, 9]
[4, 8]
[4, 9]
[4, 8]
[1, 9]
[1, 9]
