Puzzle number: 15086
width:  50
height:  50
solved_count:  1098
AVE_TIME:  '00:20:49'
ave_time_count:  583

top_values
[2, 6, 18]
[2, 5, 20]
[1, 6, 12, 24]
[2, 47]
[2, 47]
[1, 9, 36]
[10, 36]
[9, 2, 1, 32]
[50]
[19, 5, 6, 2, 6]
[29, 4, 4]
[4, 1, 29, 4, 4]
[4, 34, 4]
[19, 28]
[3, 4, 41]
[2, 3, 32]
[14, 1, 33]
[4, 2, 26]
[15, 5, 25]
[1, 45]
[50]
[45]
[12, 19]
[4, 20]
[4, 7, 12]
[3, 7, 12]
[3, 8, 12]
[50]
[50]
[50]
[50]
[6, 16, 23]
[6, 15, 22]
[2, 20, 23]
[1, 47]
[50]
[50]
[50]
[24, 1, 9, 10]
[27, 10, 6]
[50]
[50]
[1, 45]
[3, 30, 12]
[2, 1, 1, 14, 11]
[1, 1, 1, 22, 9]
[2, 2, 1, 16, 1, 6]
[2, 2, 1, 2, 1, 20, 6]
[2, 2, 1, 2, 1, 29]
[2, 27, 5]

left_values
[17, 2, 11, 5]
[2, 2, 11, 1, 1, 7, 3, 3, 1]
[10, 1, 1, 1, 6, 7, 1, 1]
[11, 1, 1, 1, 15, 3]
[9, 2, 1, 1, 1, 15, 3]
[1, 10, 2, 1, 4, 16, 3]
[11, 2, 1, 4, 4, 12]
[11, 2, 1, 4, 4, 11]
[12, 1, 1, 4, 4, 11]
[7, 7, 6, 4, 14]
[2, 3, 15, 17, 4]
[2, 15, 17, 3]
[3, 14, 17, 1]
[3, 7, 1, 4, 23]
[13, 4, 17, 1]
[5, 7, 1, 4, 17, 2]
[5, 7, 3, 17, 4]
[5, 7, 1, 3, 17, 2, 1]
[15, 5, 17, 2, 2]
[7, 3, 3, 5, 21, 1]
[7, 3, 3, 5, 20, 1]
[7, 3, 9, 23]
[7, 13, 23]
[7, 7, 4, 6, 16]
[15, 4, 9, 16]
[29, 16]
[29, 5, 11]
[23, 11, 10]
[22, 12, 10]
[7, 12, 12, 10]
[8, 11, 27]
[9, 39]
[10, 35, 3]
[10, 33, 1, 3]
[10, 33, 1, 3]
[10, 33, 1, 3]
[10, 32, 1, 3]
[9, 12, 16, 1, 2]
[9, 32, 1, 2]
[9, 28, 7, 2]
[39, 5, 3]
[39, 6, 1]
[9, 29, 6, 1]
[9, 26, 6, 1]
[10, 37]
[10, 37]
[50]
[50]
[50]
[32, 15]
