Puzzle number: 15085
width:  50
height:  50
solved_count:  695
AVE_TIME:  '00:56:19'
ave_time_count:  320

top_values
[7, 39]
[6, 38]
[5, 34, 2]
[4, 29, 3]
[33, 3]
[34, 2, 5]
[33, 3, 7]
[21, 21]
[30, 17]
[31, 16]
[1, 29, 15]
[50]
[50]
[7, 35]
[6, 34]
[5, 34]
[4, 3, 26]
[2, 3, 21]
[2, 3, 5, 12]
[3, 14]
[3, 3, 13]
[3, 4, 3, 6]
[3, 6, 6]
[1, 2, 7, 1]
[3, 3, 7, 1]
[3, 2, 6]
[3, 3, 2, 3]
[3, 2, 3, 5, 5]
[3, 2, 9, 4]
[3, 2, 8, 3]
[2, 1, 6, 3]
[2, 1, 3, 3, 2]
[2, 1, 1, 4, 2]
[1, 2, 8, 3]
[1, 3, 8, 3]
[4, 10, 2, 3]
[4, 15, 1, 2, 3]
[3, 10, 1, 2, 2, 5]
[3, 14, 1, 2, 2, 3]
[2, 15, 3, 2, 3]
[2, 4, 8, 1, 3, 2, 3]
[1, 2, 3, 3, 1, 6, 3]
[1, 3, 4, 2, 3]
[3, 7, 1, 4]
[1, 3, 9, 4, 1]
[1, 3, 3, 4, 2, 3]
[3, 3, 4, 4]
[3, 8, 9]
[3, 7, 13]
[1, 6, 4, 16]

left_values
[19, 11, 7, 2]
[10, 8, 9, 6, 1]
[10, 6, 7, 5]
[17, 4]
[3, 12, 4]
[2, 11, 6]
[1, 12, 7]
[11, 8]
[12, 7, 3, 1]
[13, 6, 2, 3]
[13, 5, 2, 6]
[13, 4, 5, 3, 7]
[13, 3, 6, 14]
[13, 3, 8, 9, 3]
[13, 3, 4, 3, 9, 4]
[14, 3, 5, 4, 5, 7]
[19, 10, 4, 5]
[18, 10, 5, 4]
[17, 10, 6, 2]
[16, 3, 2, 6]
[16, 7]
[7, 8, 4, 3]
[7, 8, 4, 3]
[7, 8, 4, 3]
[7, 9, 4, 4]
[7, 9, 4, 3]
[7, 9, 5, 1]
[7, 9, 2]
[7, 10, 2]
[18, 2, 2, 2]
[8, 10, 2, 3, 3]
[8, 9, 2, 1]
[8, 8]
[4, 1, 2, 8, 1]
[4, 3, 8, 3, 1]
[3, 11, 7, 1]
[3, 11, 1, 1, 7, 1]
[3, 14, 2, 8, 2]
[3, 16, 11, 1, 2]
[3, 17, 9, 2, 2]
[2, 16, 4, 9, 2]
[2, 15, 4, 3]
[2, 14, 2, 1, 3]
[2, 15, 5, 3]
[2, 17, 5, 3]
[2, 18, 3, 3]
[1, 19, 4]
[1, 20, 5]
[21, 5]
[2, 12, 6, 6]
