Puzzle number: 150933
width:  40
height:  40
solved_count:  190
AVE_TIME:  '00:22:33'
ave_time_count:  102

top_values
[1, 4, 3, 5, 6]
[1, 5, 2, 1, 4, 5]
[2, 4, 2, 1, 4, 4]
[1, 4, 2, 2, 5, 3, 1]
[1, 1, 4, 2, 2, 5, 6]
[1, 2, 3, 2, 2, 5, 6]
[2, 2, 2, 2, 2, 5, 6]
[2, 7, 2, 7, 4, 1]
[3, 6, 1, 6, 4, 3]
[4, 5, 1, 4, 1, 6]
[4, 4, 3, 10]
[5, 4, 4, 6, 3]
[10, 9, 5]
[7, 2, 20]
[3, 2, 19]
[1, 3, 21]
[35]
[31]
[29]
[26]
[12, 4, 2]
[6, 12, 2]
[6, 19]
[5, 20]
[5, 11, 8]
[4, 7, 7]
[4, 6, 5]
[4, 3, 4, 4]
[3, 2, 5]
[1, 3, 6]
[1, 5, 10]
[2, 17]
[1, 16]
[1, 17]
[1, 9, 3]
[2, 3, 4]
[1, 4, 6]
[2, 10]
[11]
[7]

left_values
[10, 13]
[3, 8, 13, 5]
[4, 6, 16, 3]
[2, 3, 6, 12, 2, 2]
[5, 3, 4, 9, 8, 1]
[6, 3, 11, 13]
[14, 5, 15]
[12, 6, 4, 5, 4]
[1, 14, 4, 5, 3]
[21, 5, 4, 3]
[7, 12, 4, 3]
[12, 4, 4]
[4, 5, 1, 4, 3]
[9, 4, 4, 1, 4, 3]
[5, 4, 4, 4, 3]
[4, 4, 4, 2]
[5, 4, 7]
[10, 7]
[9, 7]
[10, 7]
[1, 19]
[1, 7, 10]
[2, 8, 8]
[4, 9, 5]
[6, 12, 5]
[20, 4]
[17, 6]
[7, 7, 3]
[5, 7]
[3, 7]
[1, 9]
[2, 2, 4]
[1, 2, 4]
[2, 2, 4]
[2, 8, 4]
[8, 2, 4]
[8, 2, 4]
[7, 7]
[3, 3, 7]
[1, 11]
