Puzzle number: 15098
width:  50
height:  50
solved_count:  740
AVE_TIME:  '00:32:48'
ave_time_count:  330

top_values
[2, 2, 2, 1, 5, 3]
[2, 3, 1, 1, 5, 7]
[3, 3, 4, 19]
[8, 3, 23]
[1, 2, 25]
[1, 27]
[28]
[7, 5, 20]
[2, 1, 21]
[1, 2, 24]
[7, 31]
[10, 31]
[9, 32]
[1, 1, 17]
[2, 7]
[5, 3, 4]
[4, 6, 4]
[4, 7, 3]
[7, 7, 3]
[7, 2, 3, 7, 3]
[7, 3, 4, 7, 3]
[6, 3, 4, 5]
[6, 3, 4, 7, 1]
[7, 3, 2, 9]
[6, 3, 8, 1]
[4, 2, 3, 2]
[3, 3, 5, 2]
[5, 5, 5, 2]
[6, 7, 5, 1]
[4, 8, 6, 2]
[5, 18, 2]
[4, 21, 3]
[3, 5, 18, 4]
[12, 12, 3, 8]
[29, 3, 6, 1]
[30, 4]
[31, 5]
[41]
[30, 9]
[32, 11]
[21, 8, 15]
[7, 11, 8, 17]
[7, 18, 19]
[5, 24, 8, 4]
[5, 23, 8, 5]
[5, 36, 4]
[30, 13, 3]
[29, 18]
[28, 19]
[27, 12, 7]

left_values
[1, 1, 3, 11, 10]
[1, 1, 3, 11, 10]
[1, 1, 3, 14, 11]
[1, 1, 3, 11, 2, 11]
[2, 1, 3, 10, 3, 11]
[3, 1, 15, 3, 5, 4]
[2, 1, 3, 2, 3, 1, 2, 6, 5]
[1, 2, 3, 6, 5]
[2, 2, 7, 7]
[3, 3, 7, 7]
[2, 8, 7]
[10, 7]
[17]
[6, 5, 17]
[5, 5, 17]
[2, 4, 17]
[17]
[17]
[1, 1, 18]
[3, 2, 18]
[1, 3, 2, 19]
[1, 5, 4, 9, 8]
[2, 7, 5, 1, 10, 8]
[1, 3, 3, 5, 1, 2, 6, 9]
[4, 3, 3, 5, 16]
[4, 3, 6, 17]
[1, 4, 4, 24]
[5, 4, 4, 23]
[5, 4, 5, 21]
[5, 5, 5, 18, 1]
[2, 10, 6, 13, 3, 1]
[1, 11, 6, 12, 2, 1, 2]
[12, 6, 10, 1, 1, 3]
[12, 5, 11, 2, 6]
[1, 12, 10, 9]
[13, 9, 10]
[14, 12, 10]
[14, 7, 3, 10]
[14, 11, 13]
[14, 7, 5, 13]
[1, 12, 7, 4, 13]
[12, 3, 1, 7, 4]
[12, 3, 3, 6, 3]
[14, 4, 11, 5]
[14, 4, 10, 6]
[14, 4, 10, 6]
[21, 1, 6, 7, 3]
[27, 4, 1, 6, 4]
[21, 3, 5, 6, 4]
[17, 8, 4, 4]
