Puzzle number: 151093
width:  50
height:  30
solved_count:  254
AVE_TIME:  '00:18:19'
ave_time_count:  151

top_values
[]
[]
[]
[]
[]
[]
[]
[7]
[4, 5]
[2, 3]
[2, 2]
[1, 2, 4, 2]
[1, 2, 5, 2]
[2, 2, 2, 5, 2]
[2, 2, 2, 5, 1]
[2, 3, 1, 5, 1]
[2, 4, 1, 5, 1]
[3, 4, 1, 5, 1]
[3, 5, 1, 5, 1]
[3, 1, 3, 1, 5, 2]
[3, 2, 2, 1, 5, 2]
[2, 2, 2, 2, 5, 2]
[2, 1, 3, 2, 7]
[2, 2, 3, 1, 8]
[2, 2, 2, 8]
[2, 3, 1, 8, 2]
[2, 3, 2, 8, 2]
[2, 3, 1, 7, 3]
[2, 3, 2, 8, 3]
[2, 3, 2, 9, 4]
[2, 4, 3, 8, 4]
[1, 3, 2, 9, 5]
[7, 9, 5]
[7, 10, 6]
[6, 10, 6]
[6, 10, 7]
[5, 12, 7]
[5, 12, 8]
[4, 11, 9]
[1, 11, 9]
[12, 9]
[15, 10]
[4, 9, 10]
[10, 11]
[3, 7, 12]
[3, 7, 12]
[3, 8, 13]
[1, 8, 14]
[9, 14]
[9, 15]

left_values
[10, 2, 2, 1, 2, 1]
[11, 2, 2, 1, 2, 2]
[7, 2, 3, 2, 2, 2]
[2, 4, 2, 2, 3]
[3, 5, 1, 1, 4]
[3, 6, 1, 2, 4]
[2, 7, 2, 1, 5]
[3, 7, 10]
[2, 9, 13]
[3, 6, 3, 13]
[3, 7, 2, 12]
[14, 3, 12]
[11, 3, 12]
[5, 3, 12, 1]
[3, 3, 12, 2]
[5, 3, 12, 3]
[2, 4, 4, 13, 4]
[2, 10, 13, 6]
[1, 15, 7]
[1, 2, 15, 9]
[2, 26, 10]
[2, 24, 12]
[2, 23, 13]
[2, 20, 15]
[2, 17, 17]
[3, 5, 19]
[4, 6, 21]
[10, 23]
[23]
[15]
