Puzzle number: 15117
width:  50
height:  50
solved_count:  773
AVE_TIME:  '00:33:11'
ave_time_count:  358

top_values
[10, 2, 16]
[14, 15]
[11, 15, 1]
[8, 1, 13, 1]
[9, 14, 1, 3]
[8, 17, 3]
[8, 20, 3]
[7, 5, 13, 3]
[7, 4, 13, 4]
[6, 5, 13, 2]
[6, 3, 13, 3, 3]
[6, 2, 14, 3, 4]
[5, 2, 15, 3, 5]
[5, 2, 15, 10]
[5, 6, 10, 9]
[5, 4, 10, 10]
[4, 14, 12]
[4, 2, 2, 6, 12]
[4, 2, 1, 6, 4]
[3, 4, 6, 4, 1]
[3, 5, 10, 1, 3]
[3, 8, 8, 7]
[3, 6, 8, 8]
[3, 7, 7, 10]
[3, 2, 6, 8, 12]
[3, 18, 13]
[3, 20, 14]
[3, 19, 15]
[3, 19, 16]
[3, 3, 4, 6, 16]
[2, 2, 4, 7, 17]
[2, 1, 4, 7, 18]
[12, 17, 1]
[12, 17, 1]
[12, 17, 1]
[2, 9, 16, 3]
[9, 16, 4]
[8, 17, 4]
[8, 17, 6]
[9, 23]
[9, 15, 6]
[10, 15, 6]
[10, 18, 2]
[29, 3]
[3, 24, 1, 3]
[3, 24, 2, 2]
[3, 13, 7, 1]
[3, 11, 8, 2]
[2, 1, 9, 8, 1]
[4, 17, 12]

left_values
[3, 27]
[3, 28, 1]
[30, 1]
[19, 1]
[16, 1]
[12]
[9]
[7, 1, 1]
[5, 5, 1]
[5, 8, 4]
[2, 6, 5]
[2, 7, 4, 1]
[2, 8, 2, 2]
[1, 6, 16, 3, 2, 1]
[28, 3, 5]
[1, 5, 21, 11]
[3, 6, 4, 16, 12]
[10, 5, 6, 4, 18]
[8, 5, 2, 1, 5, 18]
[8, 5, 3, 2, 5, 20]
[7, 9, 3, 28]
[50]
[50]
[42, 5, 1]
[38, 4]
[32, 2, 5]
[18, 4, 3, 8, 1]
[17, 3, 8, 2]
[16, 2, 9, 3]
[15, 17]
[3, 9, 18]
[1, 5, 2, 18]
[5, 19]
[2, 20]
[1, 22]
[21, 1]
[20, 1]
[21, 3]
[2, 21, 2]
[2, 20, 1]
[1, 3, 23]
[6, 1, 17, 2]
[10, 18, 2]
[10, 17, 3, 3]
[2, 7, 21, 3]
[1, 7, 14, 7]
[2, 7, 12, 7]
[14, 12, 7]
[5, 8, 12, 6]
[7, 8, 20]
