Puzzle number: 15112
width:  50
height:  50
solved_count:  1190
AVE_TIME:  '00:24:15'
ave_time_count:  655

top_values
[50]
[50]
[50]
[50]
[50]
[50]
[]
[]
[]
[]
[]
[]
[]
[]
[50]
[50]
[50]
[2, 7, 5, 21]
[5, 6, 18, 1, 4]
[10, 9, 16, 2, 3]
[3, 8, 15, 2, 4]
[5, 7, 16, 4]
[7, 11, 17, 2]
[4, 9, 19, 4]
[8, 9, 14, 10]
[5, 32, 1, 5]
[44, 3]
[3, 21, 10, 7]
[39, 4]
[18, 11, 3, 6]
[8, 20, 9]
[8, 2, 7, 7, 9]
[6, 3, 9, 7, 8]
[4, 3, 3, 6, 17]
[4, 6, 5, 2, 5, 10]
[4, 13, 3, 16]
[6, 2, 15, 2, 16]
[7, 1, 6, 28]
[8, 6, 26]
[16, 3, 24]
[13, 24, 10]
[12, 16, 10]
[13, 17, 7, 2]
[29, 9, 2]
[27, 10, 5, 1]
[22, 8, 10]
[18, 11, 12]
[31, 15, 1]
[28, 12, 1, 1]
[42]

left_values
[6, 5, 1, 5, 9, 8]
[6, 5, 1, 5, 18]
[6, 3, 4, 5, 18]
[6, 3, 2, 1, 4, 1, 18]
[6, 3, 2, 2, 3, 1, 2, 14]
[6, 3, 1, 2, 1, 1, 1, 2, 14]
[6, 3, 1, 2, 1, 3, 1, 13]
[6, 3, 1, 1, 1, 4, 1, 1, 12]
[6, 3, 1, 1, 5, 1, 2, 11]
[6, 4, 1, 1, 11, 11]
[6, 4, 1, 1, 11, 1, 11]
[6, 4, 1, 8, 3, 12]
[6, 4, 1, 6, 16]
[6, 7, 2, 7, 1, 3, 7]
[6, 10, 7, 6, 8]
[6, 17, 6, 8]
[6, 3, 14, 5, 1, 8]
[6, 3, 12, 1, 4, 1, 8]
[6, 3, 12, 1, 4, 2, 4, 3]
[6, 3, 11, 6, 7, 3]
[6, 3, 1, 16, 7, 3]
[6, 4, 1, 11, 2, 6, 3]
[6, 4, 1, 9, 2, 5, 3]
[6, 4, 1, 7, 2, 2, 5, 3]
[6, 5, 1, 6, 2, 3, 5, 4]
[6, 5, 1, 6, 1, 2, 3, 5, 4]
[6, 3, 4, 6, 1, 2, 10, 4]
[6, 3, 9, 16, 4]
[6, 3, 9, 4, 11, 3, 1]
[6, 13, 4, 6, 3, 1]
[6, 18, 1, 7, 4, 1]
[6, 19, 1, 6, 3, 2]
[6, 19, 1, 5, 4, 2]
[6, 22, 5, 7]
[6, 17, 10, 7]
[6, 17, 2, 6, 3, 3]
[6, 17, 2, 6, 3, 3]
[6, 20, 6, 3, 3]
[6, 15, 2, 1, 5, 3, 4]
[6, 6, 3, 4, 2, 1, 5, 4, 4]
[6, 6, 4, 1, 2, 13, 5]
[6, 6, 4, 1, 15, 5]
[6, 4, 3, 1, 14, 4]
[6, 4, 2, 6, 12, 4]
[6, 7, 1, 1, 13, 4]
[6, 4, 2, 1, 13, 5]
[6, 5, 2, 3, 4, 16]
[6, 8, 8, 16]
[6, 17, 9, 2]
[6, 17, 2, 5, 5]
