Puzzle number: 151401
width:  38
height:  44
solved_count:  3
AVE_TIME:  '00:15:06'
ave_time_count:  3

top_values
[7, 3, 4, 4]
[8, 4, 4]
[8, 4, 4]
[8, 4, 4]
[6, 3, 4]
[2, 4, 4]
[4, 4]
[2, 4, 2, 4]
[3, 4, 4, 4]
[3, 3, 5, 4]
[7, 5, 4]
[2, 4, 5, 3]
[1, 2, 4, 5, 3]
[4, 2, 4, 5, 4]
[6, 3, 4, 4]
[9, 3, 5, 4]
[10, 3, 5, 3]
[13, 4, 3]
[15, 4, 4]
[22, 4]
[2, 27]
[4, 22]
[4, 17]
[6, 10]
[6, 5, 3]
[6, 4, 3]
[5, 3, 3]
[5, 3, 4]
[2, 5, 3, 4]
[13, 3, 3]
[12, 6]
[15, 6]
[16, 5]
[17, 6]
[27]
[21]
[15]
[7]

left_values
[1, 4, 4]
[2, 3, 4]
[2, 4, 3]
[2, 4, 4]
[3, 4, 4]
[3, 4, 4]
[4, 3, 5]
[3, 3, 5]
[4, 4, 11]
[3, 3, 14]
[1, 3, 7, 3, 14]
[1, 4, 7, 4, 14]
[1, 3, 3, 3, 9, 4]
[2, 10, 3, 4]
[16, 4]
[21, 3]
[14, 4, 4]
[9, 3, 4]
[4, 3, 4]
[3, 4, 3]
[4, 4, 3]
[4, 4, 4]
[4, 4, 4]
[4, 3, 3]
[4, 4, 3]
[5, 4, 3]
[5, 4, 3]
[6, 4, 4]
[10, 4]
[8, 4]
[9, 4]
[8, 4]
[11, 5]
[18]
[17]
[4, 7]
[4, 9]
[15]
[14]
[16]
[23]
[20]
[16]
[11]
