Puzzle number: 151402
width:  45
height:  50
solved_count:  315
AVE_TIME:  '00:08:04'
ave_time_count:  109

top_values
[6]
[8]
[9]
[10]
[21]
[24]
[26]
[28]
[29]
[31]
[32]
[8, 19]
[7, 14]
[6, 12]
[6, 12]
[6, 11]
[7, 10]
[7, 9]
[7, 4]
[8, 2]
[9, 1]
[9, 2]
[10, 7]
[10, 10]
[10, 12]
[9, 13]
[9, 13]
[9, 14]
[10, 14]
[8, 14]
[8, 14]
[8, 14]
[7, 14]
[7, 14]
[7, 14]
[7, 14]
[7, 14]
[7, 14]
[7, 13]
[8, 12]
[9, 8]
[8, 3]
[8, 3]
[7, 1]
[7, 2]

left_values
[]
[]
[]
[]
[]
[13]
[22]
[23]
[25]
[26]
[28]
[29]
[16, 6]
[13, 3]
[14]
[11]
[10]
[5]
[6]
[7]
[6]
[6]
[6]
[6]
[6]
[6]
[6]
[6]
[6]
[7]
[7]
[8]
[8]
[8]
[8]
[8]
[9, 11]
[9, 14]
[11, 16]
[12, 17]
[14, 19]
[16, 21]
[44]
[19, 22, 1]
[19, 19]
[19, 19]
[18, 19]
[18, 18]
[18, 17]
[18, 16]
