Puzzle number: 151581
width:  50
height:  35
solved_count:  387
AVE_TIME:  '00:07:10'
ave_time_count:  107

top_values
[10]
[14]
[2, 18]
[23]
[26]
[28]
[25, 4]
[24, 4]
[17, 4]
[17, 3]
[17, 2]
[17, 1]
[17]
[18]
[19]
[20]
[22]
[23]
[24]
[26]
[28]
[29]
[31]
[32]
[33]
[27]
[27]
[33]
[35]
[35]
[35]
[26]
[24]
[18]
[1, 16]
[2, 15]
[2, 13]
[2, 12]
[2, 12]
[3, 11]
[3, 10]
[3, 9]
[4, 8]
[4, 8]
[4, 7]
[3, 7]
[3, 7]
[2, 7]
[2, 1, 7]
[2, 2, 4]

left_values
[23, 3]
[23, 3]
[22, 4]
[23, 4, 7]
[23, 4, 10]
[24, 4, 8]
[25, 4, 9]
[25, 4, 8]
[31]
[32]
[32]
[33]
[33]
[33, 2]
[33, 1]
[33]
[32]
[7, 21]
[7, 20]
[6, 20]
[6, 20]
[5, 20]
[5, 20]
[4, 21]
[3, 21]
[2, 22]
[2, 22]
[2, 24]
[2, 29]
[2, 28]
[1, 28]
[2, 27]
[2, 25]
[3, 24]
[4, 24]
