Puzzle number: 151579
width:  50
height:  40
solved_count:  278
AVE_TIME:  '00:10:35'
ave_time_count:  115

top_values
[2, 3]
[2, 5]
[1, 5]
[1, 2, 2]
[2, 2]
[4]
[2]
[3]
[4]
[4]
[]
[]
[]
[2]
[2]
[1]
[]
[]
[]
[]
[1]
[6]
[10, 9]
[40]
[40]
[27, 6]
[25, 5]
[23, 6]
[19, 5]
[19, 5]
[18, 5]
[17, 4]
[17, 5, 4]
[14, 5, 5]
[12, 7, 6]
[8, 9, 6]
[16, 11]
[7, 9]
[6, 9]
[4, 8]
[6]
[5]
[6]
[7]
[8]
[8]
[10]
[10]
[10]
[3, 5]

left_values
[13]
[12]
[12]
[4, 13]
[2, 2, 13]
[3, 13]
[12]
[2, 13]
[5, 13]
[9, 13]
[2, 5, 12]
[2, 1, 3, 15]
[4, 2, 16]
[2, 1, 17]
[17]
[17]
[17]
[8, 5]
[7, 3]
[5, 1]
[5, 1]
[5, 1]
[5, 1]
[4, 2]
[4, 3]
[3, 3]
[3, 3]
[2, 2]
[2, 4, 3]
[2, 7, 6]
[3, 8, 7]
[3, 3, 6, 8]
[3, 4, 13]
[3, 5, 15]
[4, 5, 16]
[9, 17]
[9, 18]
[8, 8, 4]
[6, 5]
[5, 3]
