Puzzle number: 151583
width:  50
height:  35
solved_count:  310
AVE_TIME:  '00:10:12'
ave_time_count:  140

top_values
[13]
[11]
[11]
[10]
[8]
[5, 8]
[7, 7]
[10, 4]
[10, 3]
[11, 1]
[2, 5]
[2, 5]
[2, 6]
[1, 5]
[5]
[5]
[5]
[4]
[4]
[3]
[3]
[3]
[2]
[2]
[3]
[3]
[1, 3]
[1, 3]
[1, 7]
[2, 17]
[2, 19]
[25]
[25, 1]
[26, 1]
[25]
[15]
[10, 1]
[9, 2]
[9, 2]
[7, 3]
[7, 5]
[7, 6]
[7, 3]
[7, 4]
[7, 5]
[7, 5]
[7, 6]
[8, 8]
[8, 8]
[8, 7]

left_values
[]
[]
[1]
[3]
[5]
[5]
[8, 8]
[9, 8]
[5, 8]
[4, 8]
[6, 14]
[12, 22]
[42]
[41]
[13, 26]
[5, 22]
[22]
[8, 6]
[7, 3]
[7]
[7]
[7]
[1, 6]
[1, 6]
[3, 6, 1]
[4, 6, 2]
[4, 6, 2]
[6, 6, 3]
[7, 5, 3]
[7, 4, 1, 4]
[7, 4, 2, 6]
[8, 2, 2, 6]
[9, 10]
[9, 11]
[10, 2, 12]
