Puzzle number: 152044
width:  45
height:  45
solved_count:  4
AVE_TIME:  '00:37:40'
ave_time_count:  4

top_values
[11]
[16]
[18]
[20]
[22]
[23]
[15]
[25]
[27]
[28]
[23]
[19]
[17]
[16]
[15]
[14, 4]
[13, 5]
[13, 4, 2]
[13, 3, 3]
[12, 3, 3]
[12, 3, 3]
[11, 2, 3]
[9, 1, 7, 2, 2]
[9, 13, 3, 2]
[9, 6, 7, 3, 3]
[14, 5, 3, 3]
[12, 8, 7, 3]
[11, 13, 7, 3]
[11, 16, 3, 3, 3]
[8, 18, 3, 3, 2]
[7, 22, 3, 2, 1]
[7, 23, 3, 3]
[33, 3, 3]
[33, 3, 3]
[35, 2, 3]
[35, 3, 2]
[34, 3, 2]
[33, 3, 1]
[31, 6, 1]
[30, 7, 1]
[30, 3, 2, 1]
[29, 3, 1, 1]
[7, 21, 3, 1]
[6, 5, 16, 3, 1]
[5, 4, 18, 4, 2]

left_values
[8]
[11]
[14]
[17]
[19]
[20]
[21]
[21, 2]
[25]
[13, 13]
[13, 13]
[13, 13]
[15, 13, 1]
[16, 15]
[12, 3, 15]
[11, 2, 16]
[13, 2, 17]
[13, 3, 18]
[13, 3, 18]
[13, 2, 18]
[13, 3, 19]
[13, 3, 19]
[13, 2, 19]
[13, 2, 19]
[12, 2, 19]
[13, 3, 19]
[12, 3, 19]
[12, 2, 19]
[12, 2, 18]
[12, 3, 14, 1]
[12, 2, 11]
[11, 3, 10, 5]
[11, 3, 9, 6]
[12, 4, 7, 7]
[11, 5, 4, 5, 2, 1]
[11, 13, 2, 2]
[6, 4, 3, 5, 5, 2]
[6, 4, 3, 4, 12]
[6, 4, 3, 3, 9]
[6, 3, 2, 5, 4, 3]
[6, 3, 2, 7, 4]
[6, 3, 2, 3, 4, 3]
[6, 3, 2, 3, 3, 3]
[6, 3, 1, 3, 3, 4, 1]
[5, 3, 1, 2, 3, 11]
