Puzzle number: 152258
width:  45
height:  45
solved_count:  310
AVE_TIME:  '00:25:04'
ave_time_count:  129

top_values
[9, 5, 2, 1, 3, 5]
[9, 6, 3, 1, 8]
[14, 5, 1, 1, 10]
[11, 5, 2, 10]
[11, 6, 3, 10]
[16, 1, 9]
[13, 2, 9]
[11, 1, 8]
[1, 9, 3, 7]
[3, 4, 1, 10, 4, 8]
[4, 6, 13, 2, 8]
[28, 2, 8]
[28, 4, 8]
[34, 8]
[34, 7]
[34, 7]
[14, 19, 7]
[14, 18, 7]
[5, 8, 6, 8, 7]
[6, 8, 4, 8, 7]
[15, 4, 7]
[16, 3, 1, 8]
[17, 3, 1, 8]
[17, 1, 9]
[19, 2, 10]
[22, 1, 2, 11]
[21, 1, 1, 11]
[21, 2, 12]
[18, 1, 13]
[15, 14]
[14, 14]
[6, 7, 14]
[13, 1, 13]
[5, 6, 1, 12]
[5, 6, 2, 2, 10]
[3, 6, 1, 4, 9]
[1, 7, 2, 2, 4, 8]
[8, 1, 1, 2, 12]
[3, 2, 2, 2, 3, 6]
[3, 2, 1, 10]
[6, 8]
[6]
[4]
[3]
[3]

left_values
[28]
[27]
[1, 27]
[2, 25, 2]
[2, 24, 3]
[3, 7, 14, 4]
[3, 8, 11, 6]
[4, 29]
[5, 29]
[5, 29]
[6, 29]
[6, 25]
[5, 23]
[6, 21]
[15, 11]
[8, 7, 8]
[18, 7]
[19, 5]
[3, 16, 4]
[2, 15, 3]
[16, 3]
[18, 1, 1]
[17, 2]
[18, 3, 2, 1]
[6, 10, 3, 3, 2]
[5, 12, 3]
[11, 3, 1]
[3, 9, 2, 3]
[2, 7, 3, 1, 2]
[3, 7, 3, 2]
[3, 2, 8, 1, 2, 1]
[4, 8, 3, 3, 2, 1]
[11, 5, 3, 3]
[9, 7, 3, 1]
[1, 9, 4, 1]
[1, 3, 11, 4]
[1, 5, 13, 3]
[7, 5, 17, 2]
[37, 2]
[41]
[42]
[43]
[45]
[45]
[45]
