Puzzle number: 152508
width:  50
height:  35
solved_count:  711
AVE_TIME:  '00:09:15'
ave_time_count:  148

top_values
[]
[]
[]
[26]
[2]
[2]
[3]
[3, 21]
[4, 1, 1]
[4, 1, 7, 9, 1]
[5, 1, 1, 1, 1, 1, 1, 1, 1, 1, 1, 1]
[5, 1, 7, 9, 1]
[6, 1, 1]
[6, 21]
[7, 2, 1, 1, 1]
[7, 2, 1, 1, 1]
[8, 2, 1, 1, 1]
[8, 2, 1, 1, 1]
[9, 2, 1, 1, 1]
[9, 21]
[10, 1, 1]
[10, 1, 7, 9, 1]
[10, 1, 1, 1, 1, 1, 1, 1, 1, 1, 1, 1]
[10, 1, 7, 9, 1]
[10, 1, 1]
[9, 21]
[9, 1, 1]
[8, 1, 7, 9, 1]
[8, 1, 1, 1, 1, 1, 1, 1, 1, 1, 1, 1]
[7, 1, 7, 9, 1]
[7, 1, 1]
[6, 21]
[6]
[5]
[4]
[29]
[4]
[2, 2]
[2, 2]
[3, 2]
[4, 2, 4]
[5, 18]
[7, 1]
[7, 1]
[7, 1]
[7, 1]
[7, 1]
[7, 1]
[7, 1]
[7, 12]

left_values
[5]
[9]
[13]
[17]
[21]
[24]
[28]
[32]
[46]
[34, 12]
[1, 3, 11]
[1, 1, 2, 10]
[1, 1, 2, 9]
[1, 1, 2, 8]
[1, 25, 1, 10]
[1, 1, 7, 1, 1, 1, 1]
[1, 1, 3, 1, 1, 3, 1, 3, 1, 1, 1]
[1, 1, 1, 1, 1, 1, 1, 1, 1, 1, 1, 1, 1, 1]
[1, 1, 3, 1, 1, 3, 1, 3, 1, 1, 1]
[1, 1, 1, 1, 7, 1, 1, 1, 1, 1, 1, 1, 1]
[1, 1, 3, 1, 1, 3, 1, 3, 1, 1, 1, 1]
[1, 1, 1, 1, 1, 1, 1, 1, 1, 1, 1, 1, 1, 1, 1]
[1, 1, 3, 7, 3, 1, 3, 1, 1, 1, 1]
[1, 1, 1, 1, 1, 1, 1, 1, 1]
[1, 1, 3, 1, 1, 3, 1, 3, 1, 1, 1, 1]
[1, 1, 1, 1, 1, 1, 1, 1, 1, 1, 1, 1, 1, 1, 1]
[1, 1, 3, 1, 1, 3, 1, 3, 1, 1, 1, 1]
[1, 1, 1, 1, 1, 1, 1, 1, 1, 1, 1, 1, 1, 1, 1]
[1, 1, 3, 1, 1, 3, 1, 3, 1, 1, 1, 1]
[1, 1, 1, 1, 1, 1, 1, 1, 1, 1, 1, 1, 1, 1, 1]
[1, 1, 3, 1, 1, 3, 1, 3, 1, 1, 1, 1]
[1, 1, 1, 1, 1, 1, 1, 1, 1, 1, 1, 1, 1, 10]
[1, 1, 3, 1, 1, 3, 1, 3, 1, 1, 1]
[1, 1, 1, 1, 1, 1, 1, 1]
[1, 25, 1, 1]
