Puzzle number: 152975
width:  25
height:  33
solved_count:  1131
AVE_TIME:  '00:06:31'
ave_time_count:  165

top_values
[26]
[26]
[2, 2]
[2, 2]
[4, 2, 1, 2, 2, 1, 2, 2]
[1, 2, 2, 2, 1, 2, 2, 1, 2, 2]
[1, 2, 2, 2, 1, 2, 2, 1, 2, 2]
[5, 2, 1, 2, 2, 1, 2, 2]
[5, 2, 1, 2, 2, 1, 2, 2]
[2, 2, 1, 2, 2, 1, 2, 2]
[4, 2, 1, 2, 2, 1, 2, 2]
[4, 2, 1, 2, 2, 1, 2, 2]
[1, 2, 2, 2, 1, 2, 2, 1, 2, 2]
[1, 2, 2, 2, 1, 2, 2, 1, 2, 2]
[6, 2, 1, 2, 2, 1, 2, 2]
[2, 2, 1, 2, 2, 1, 2, 2]
[2, 2, 1, 2, 2, 1, 2, 2]
[4, 2, 1, 2, 2, 1, 2, 2]
[4, 2, 1, 2, 2, 1, 2, 2]
[1, 2, 2, 2, 1, 2, 2, 1, 2, 2]
[5, 2, 1, 2, 2, 1, 2, 2]
[5, 2, 1, 2, 2, 1, 2, 2]
[2, 2]
[2, 2]
[26]

left_values
[2, 3, 1]
[1, 2, 2, 1, 2, 2]
[1, 2, 2, 1, 2, 2]
[22]
[22]
[2, 2, 1, 2, 1]
[2, 2, 2, 1, 1]
[2, 2, 2, 1, 1]
[2, 1]
[2, 1]
[2, 1]
[2, 18, 1]
[2, 18, 1]
[2, 1]
[2, 1]
[2, 18, 1]
[2, 1]
[2, 1]
[2, 18, 1]
[2, 18, 1]
[2, 1]
[2, 18, 1]
[2, 18, 1]
[2, 1]
[2, 1]
[2, 18, 1]
[2, 1]
[2, 1]
[2, 18, 1]
[2, 18, 1]
[2, 1]
[22]
[22]
