Puzzle number: 152978
width:  35
height:  30
solved_count:  1129
AVE_TIME:  '00:10:27'
ave_time_count:  230

top_values
[5]
[9]
[13]
[13]
[13]
[12]
[11]
[5, 18]
[5, 20]
[4, 8, 3]
[11, 3, 3]
[10, 3, 2]
[9, 2]
[9, 2]
[9, 1, 2]
[8, 2, 2]
[8, 2, 2]
[6, 2, 2]
[8, 2, 2]
[8, 2, 2]
[9, 1, 2]
[9, 1, 2]
[10, 2]
[13, 3, 2]
[13, 3, 2]
[5, 8, 2]
[5, 20]
[5, 19]
[11]
[13]
[13]
[13]
[9]
[9]
[6]

left_values
[5, 6]
[8, 9]
[8, 9]
[9, 9]
[11, 12]
[7, 15, 6]
[7, 17, 7]
[7, 17, 7]
[35]
[35]
[34]
[5, 10, 10, 6]
[4, 10, 10, 5]
[2, 8, 8, 1]
[2, 2]
[2, 2]
[2, 2]
[2, 2]
[2, 2, 2, 2]
[2, 2, 2, 2]
[2, 2, 2, 2]
[2, 2]
[2, 2]
[2, 1, 2, 2]
[2, 5, 2]
[2, 5, 2]
[2, 3]
[3, 3]
[16]
[14]
