Puzzle number: 15316
width:  50
height:  38
solved_count:  628
AVE_TIME:  '00:24:52'
ave_time_count:  238

top_values
[]
[]
[2]
[4, 2]
[6, 3]
[13, 3]
[13, 5]
[11, 6]
[10, 4]
[3, 3]
[2, 13]
[14]
[14]
[13]
[12, 2]
[19]
[20]
[15, 3]
[13, 2]
[11, 2]
[11, 4]
[10, 3]
[11]
[11]
[11, 2]
[11, 2]
[12, 2]
[12, 3]
[12, 2]
[14, 2]
[22]
[22]
[17]
[18]
[19]
[20]
[22]
[23]
[17, 3]
[11, 3]
[9, 5]
[8, 7]
[3, 4, 5]
[5]
[6]
[4]
[4]
[3]
[]
[]

left_values
[]
[1]
[3]
[6]
[9]
[7, 2]
[13]
[15]
[16]
[10, 1, 4]
[12, 1]
[6, 11]
[2, 28]
[33]
[4, 28]
[4, 29]
[4, 29]
[4, 29]
[4, 29]
[4, 29]
[4, 28]
[4, 28]
[5, 9, 16]
[4, 9, 12]
[3, 4, 3, 3, 5]
[4, 4, 3, 2, 4]
[9, 2, 2, 3]
[3, 4, 3, 2, 2]
[1, 2, 3, 2, 1]
[3, 3, 2, 2]
[2, 2, 2, 2]
[2, 2, 2, 1]
[2, 2, 3, 2]
[3, 2, 2, 2]
[2, 2, 4, 2]
[3, 2, 3, 2]
[2, 2, 1]
[]
