Puzzle number: 15334
width:  50
height:  50
solved_count:  500
AVE_TIME:  '01:22:58'
ave_time_count:  184

top_values
[2, 2]
[44]
[2, 2, 1, 2, 1]
[2, 1, 2, 1, 1]
[2, 10, 1, 2, 9, 1, 1]
[2, 1, 1, 1, 1, 11, 1, 1]
[2, 1, 1, 1, 1, 2, 2, 1]
[2, 1, 1, 1, 4, 2, 1]
[2, 1, 1, 1, 1, 1, 2, 1]
[2, 1, 1, 1, 1, 1, 2, 1, 1]
[2, 1, 1, 1, 1, 1, 1, 1, 2, 1, 2]
[2, 1, 1, 1, 1, 1, 1, 1, 1, 2, 1, 2]
[2, 1, 1, 1, 1, 1, 1, 1, 1, 2, 1, 2]
[2, 1, 1, 1, 1, 1, 1, 1, 2, 1, 3]
[2, 1, 1, 1, 1, 1, 1, 2, 1, 2]
[2, 1, 1, 1, 1, 1, 1, 2, 1, 2]
[2, 1, 1, 1, 1, 1, 2, 4]
[2, 1, 1, 1, 3, 6]
[2, 1, 1, 10, 1, 1, 3]
[2, 1, 1, 1, 1, 3, 1]
[2, 1, 1, 1, 8, 1, 3, 1]
[2, 1, 1, 1, 10, 1, 3, 5]
[2, 1, 1, 1, 3, 4, 5]
[2, 1, 1, 1, 3, 2, 3]
[2, 1, 1, 1, 3, 2, 3]
[2, 1, 1, 1, 3, 2, 1]
[2, 1, 1, 1, 3, 2]
[2, 1, 1, 1, 1, 1, 1, 1, 2]
[2, 1, 1, 1, 1, 1, 1, 2]
[2, 1, 1, 1, 1, 1, 1, 1, 3]
[2, 1, 1, 1, 1, 1, 1, 1, 3]
[2, 1, 1, 1, 1, 1, 3]
[2, 1, 1, 1, 3, 3]
[2, 1, 1, 1, 1, 2, 2]
[2, 1, 1, 1, 1, 1, 2]
[2, 10, 1, 1, 2, 1]
[2, 9, 1, 1, 7]
[2, 8, 1, 1, 1, 2, 1, 3]
[2, 2, 10, 1, 17]
[11, 19, 8]
[22, 2, 8]
[1, 1, 1, 3, 3]
[1, 1, 3, 3, 2]
[2, 4, 2, 4, 3, 2, 1]
[1, 6, 1, 6, 11]
[3, 2, 3, 2, 6, 3]
[3, 1, 4, 1, 3]
[3, 2, 4, 3, 4]
[2, 1, 2, 2, 2, 2, 4]
[1, 7, 9, 2]

left_values
[3, 2]
[3, 3]
[2, 4]
[7, 2]
[2, 1]
[2, 1, 1]
[41, 1, 2]
[41, 1, 1]
[1, 2, 5, 1]
[1, 32, 3, 3, 3]
[1, 1, 6, 2, 2]
[1, 1, 4, 1, 1, 1]
[1, 1, 6]
[1, 1, 3, 2, 2, 6]
[1, 1, 6]
[1, 1, 6, 2]
[1, 1, 5, 6, 2]
[1, 1, 6, 3]
[1, 33, 3, 4]
[1, 7, 2]
[18, 20, 1, 1]
[2, 1, 2, 2, 1, 1]
[1, 1, 2, 1, 1, 2]
[1, 1, 2, 1, 1, 3]
[1, 1, 2, 1, 5, 1]
[1, 1, 2, 1, 1, 3, 3]
[1, 1, 2, 1, 2, 2]
[1, 4, 1, 2, 3, 1, 1]
[1, 1, 2, 3]
[18, 21]
[1, 2, 1, 1, 5, 1, 2, 1]
[1, 31, 2, 1]
[1, 4, 1, 4, 2]
[1, 2, 1, 1, 1]
[1, 2, 4, 3, 2]
[1, 2, 1, 1, 1]
[1, 2, 2, 4, 1, 1, 2]
[1, 2, 5, 1, 1, 2]
[1, 2, 17, 2]
[1, 2, 6, 2, 3, 2]
[1, 19, 4, 2]
[1, 18, 5, 2]
[2, 6, 7]
[17, 8]
[1, 2, 2, 3]
[1, 5, 2, 2, 3]
[1, 4, 2, 2, 3]
[2, 3, 5, 2, 2]
[2, 3, 4, 2, 3]
[5, 2, 6, 2, 2]
