Puzzle number: 15336
width:  50
height:  50
solved_count:  512
AVE_TIME:  '00:57:59'
ave_time_count:  203

top_values
[]
[6]
[1, 1]
[1, 6]
[12, 6]
[2, 8, 1, 1]
[2, 1, 6, 2]
[3, 6, 1, 2]
[4, 2, 3]
[1, 1, 2, 3]
[1, 1, 3, 10]
[2, 5, 11]
[2, 3, 1, 3, 1, 3, 1]
[2, 3, 1, 3, 2, 3]
[1, 1, 1, 3, 2, 2]
[2, 1, 2, 1, 3, 2]
[2, 1, 2, 1, 4]
[1, 1, 2, 3, 1]
[2, 5, 2, 1, 2]
[1, 6, 2, 1, 2]
[2, 3, 2, 3, 1, 2]
[2, 1, 2, 3, 1, 3]
[2, 2, 2, 1, 4]
[2, 2, 2, 1, 4]
[2, 3, 2, 8]
[2, 8, 3, 2]
[2, 12, 2]
[2, 2, 2]
[2, 8, 2]
[2, 8, 1, 2]
[3, 3, 2]
[2, 3, 1, 3]
[2, 10, 5]
[1, 1, 9, 8]
[8, 3, 4]
[1, 1, 6, 2, 2]
[4, 1, 4, 2, 2]
[6, 1, 14, 1]
[7, 12, 1]
[7, 3, 2, 2, 1]
[7, 4, 3, 2, 1, 1]
[2, 6, 2, 9, 2]
[2, 6, 2]
[1, 1, 5, 7]
[10, 4, 7]
[10, 5, 2, 2]
[1, 2, 5, 2, 2]
[1, 1, 1, 4, 2, 2]
[6, 1, 6, 1, 1, 2]
[3, 2, 4, 2, 2, 3]

left_values
[2, 3, 2]
[3, 1, 1, 2, 1]
[3, 2, 1]
[3, 3, 2]
[2, 1, 2, 1, 2]
[3, 2, 6]
[4, 1, 2, 5]
[3, 5, 2]
[3, 3, 2]
[4, 3, 2]
[4, 2, 2]
[6, 3, 2, 1]
[10, 3, 6]
[5, 2, 2, 3]
[1, 2, 2, 2, 4]
[1, 7, 3, 2, 2]
[1, 3, 1, 1, 1, 2, 3, 2]
[1, 4, 3, 2, 1, 2, 3, 2]
[1, 2, 3, 2, 2, 4, 2, 3]
[1, 10, 3, 2, 4, 7]
[1, 2, 5, 2, 3, 4, 2]
[1, 9, 1, 1, 3, 4, 2]
[1, 4, 2, 1, 3, 2, 1, 2]
[5, 2, 1, 3, 2, 2]
[1, 1, 1, 4, 3, 2, 1]
[1, 5, 3, 3, 2, 2]
[1, 5, 2, 1, 2, 2]
[1, 5, 2, 2, 1]
[1, 5, 2, 2, 2]
[1, 5, 2, 4, 2]
[5, 3, 2, 2, 2]
[3, 2, 1, 2]
[3, 2, 2, 1]
[5, 2, 1, 2]
[4, 1, 1, 2]
[4, 1, 1, 2]
[8, 1, 1, 1]
[10, 1, 1]
[2, 1, 2, 1, 1]
[2, 2, 2, 1, 3]
[2, 2, 1, 2, 2]
[2, 4, 3, 2, 2]
[15, 5, 2]
[2, 1, 2, 1]
[2, 1, 2, 2]
[4, 1, 1, 1, 2, 1]
[2, 2, 3, 2, 2, 2, 1]
[2, 2, 4, 3, 4, 1]
[1, 3, 3, 15, 1, 5, 2]
[3, 4, 12, 1, 5, 1]
