Puzzle number: 153303
width:  49
height:  49
solved_count:  166
AVE_TIME:  '00:35:17'
ave_time_count:  100

top_values
[11]
[1]
[1]
[1, 9]
[1, 9]
[1, 9]
[1, 8]
[1, 6]
[2, 3]
[1, 1, 3]
[3, 5]
[1, 6]
[1, 1, 4]
[1, 3, 3]
[1, 4, 2]
[1, 6, 1]
[1, 7]
[1, 8]
[1, 6, 2]
[1, 4, 2]
[1, 3, 3]
[1, 2, 4]
[3, 5]
[1, 6]
[2, 7]
[2, 2, 4]
[1, 3, 3]
[1, 4, 2]
[1, 6, 1]
[1, 7]
[1, 6, 1]
[1, 5, 1]
[1, 3, 2]
[2, 2, 3]
[1, 1, 4]
[3, 5]
[2, 6]
[2, 2, 4]
[9, 9, 9, 2, 2, 3]
[1, 5, 3, 2, 4, 4, 2]
[1, 2, 3, 2, 6, 1]
[1, 5, 10, 9, 10]
[1, 7, 10, 10, 10]
[1, 8, 8, 1, 7, 2, 8, 1]
[1, 5, 2, 6, 2, 5, 2, 6, 2]
[1, 5, 4, 4, 4, 3, 4, 4, 3]
[1, 4, 5, 2, 6, 1, 6, 2, 4]
[1, 4, 8, 8, 1, 8, 1, 5]
[1, 4, 7, 10, 10, 6]

left_values
[11]
[1]
[1]
[1, 8]
[1, 8]
[1, 8]
[1, 8]
[1, 5]
[2, 2]
[1, 2, 4]
[2, 6]
[3, 5]
[2, 2, 4]
[1, 3, 3]
[1, 4, 2]
[1, 5, 2]
[1, 7]
[1, 6]
[1, 5, 1]
[1, 4, 2]
[2, 3, 3]
[1, 1, 4]
[2, 6]
[1, 5]
[3, 4]
[2, 2, 3]
[1, 3, 2]
[1, 4, 1]
[1, 5, 1]
[1, 6]
[1, 5]
[1, 4, 1]
[1, 3, 2]
[2, 1, 3]
[1, 2, 4]
[2, 6]
[4, 5]
[2, 2, 4]
[9, 8, 9, 2, 3, 3]
[1, 5, 2, 2, 4, 5, 2]
[1, 3, 1, 4, 3, 4, 1, 7, 1]
[1, 8, 10, 11, 10]
[1, 6, 10, 10, 10]
[1, 6, 1, 8, 2, 7, 2, 7, 1]
[1, 5, 2, 6, 3, 5, 2, 5, 2]
[1, 5, 3, 4, 5, 3, 4, 3, 3]
[1, 5, 5, 2, 7, 1, 6, 1, 4]
[1, 4, 6, 11, 1, 8, 6]
[1, 4, 7, 11, 10, 5]
