Puzzle number: 153453
width:  50
height:  40
solved_count:  402
AVE_TIME:  '00:02:53'
ave_time_count:  134

top_values
[]
[]
[]
[]
[]
[]
[8]
[6, 1]
[5]
[4]
[2]
[1]
[1]
[]
[]
[]
[]
[]
[]
[]
[]
[]
[]
[]
[]
[]
[1]
[2]
[3]
[3]
[4]
[5]
[5]
[6]
[7]
[3, 8]
[4, 9]
[1, 9]
[3, 10]
[3, 11]
[5, 12]
[3, 13]
[2, 13]
[1, 15]
[2, 15]
[5, 16]
[9, 17]
[12, 19]
[14, 21]
[38]

left_values
[2]
[2, 3]
[2, 3, 1]
[5, 2]
[2, 3]
[2, 4]
[2, 4]
[8]
[6]
[5]
[5]
[5]
[4]
[4]
[3]
[3]
[2]
[1]
[1]
[2]
[2]
[3]
[3]
[4]
[5]
[7]
[7]
[9]
[10]
[11]
[12]
[14]
[2, 15]
[2, 16]
[3, 17]
[3, 19]
[4, 20]
[4, 22]
[1, 3, 23]
[2, 4, 24]
