Puzzle number: 153480
width:  35
height:  50
solved_count:  164
AVE_TIME:  '00:09:50'
ave_time_count:  101

top_values
[2]
[2, 2]
[3, 4]
[3, 6]
[3, 6]
[3, 6]
[3]
[2]
[2]
[2]
[3]
[2]
[3]
[5]
[6]
[7]
[8]
[11]
[11]
[12]
[16, 4]
[33]
[15, 27]
[14, 25]
[5, 24]
[3, 20]
[3, 14]
[3, 9]
[2]
[1]
[1]
[1]
[]
[]
[]

left_values
[5]
[3]
[3]
[3]
[3]
[2]
[3]
[3]
[2]
[2]
[2]
[2]
[2]
[5, 2]
[11, 2]
[13, 2]
[5, 2]
[5, 3]
[5, 2]
[6, 3]
[10]
[8]
[7]
[8]
[7]
[7]
[8]
[8]
[8]
[8]
[7]
[7]
[7]
[7]
[8]
[7]
[7]
[7]
[7]
[1, 7]
[1, 7]
[2, 7]
[2, 7]
[2, 6]
[3, 6]
[2, 6]
[3, 6]
[2, 6]
[3, 6]
[3, 5]
