Puzzle number: 15354
width:  50
height:  35
solved_count:  1335
AVE_TIME:  '00:12:15'
ave_time_count:  584

top_values
[2]
[2]
[1]
[2]
[2]
[2]
[2]
[3]
[2]
[2]
[2]
[2]
[2]
[2]
[1]
[2]
[2]
[2]
[2]
[2]
[3]
[2]
[2]
[2]
[1, 2]
[2, 3]
[3, 2]
[4, 2]
[6, 2]
[5, 2]
[2]
[9]
[14]
[3, 5]
[5, 2, 1, 2, 2]
[5, 2, 2, 1, 1]
[2, 3, 2]
[3, 2, 2]
[2, 2, 2]
[1, 3, 1, 2]
[3, 3, 1, 2]
[10, 2, 2]
[8, 1, 2]
[3, 2, 2]
[3, 2, 2]
[2, 2, 2]
[1, 2, 2, 2]
[2, 2, 2, 2]
[2, 2, 2, 2]
[6, 2, 2]

left_values
[2, 2, 2, 1]
[2, 2, 2, 1]
[2, 2, 3, 2]
[3, 2, 2, 2]
[3, 2, 2, 1]
[2, 2, 1]
[2, 2, 1]
[2, 1, 10]
[3, 11]
[8]
[4]
[3]
[2]
[2]
[2]
[2]
[2]
[2]
[2]
[2]
[2]
[2]
[3]
[8]
[2, 10, 2]
[8, 11, 2, 1]
[18, 5]
[7, 7, 1, 7]
[1, 14]
[2]
[5, 1]
[1, 14]
[10]
[]
[]
