Puzzle number: 153605
width:  45
height:  40
solved_count:  5
AVE_TIME:  '00:18:36'
ave_time_count:  5

top_values
[3]
[3, 1]
[2, 3]
[3, 4]
[7, 2]
[13]
[14]
[6, 7]
[5, 8]
[4, 4, 3]
[3, 5, 3]
[4, 5, 3]
[14, 5, 4]
[16, 5, 4]
[17, 5, 5]
[5, 3, 6, 6]
[3, 3, 6, 5]
[3, 3, 6, 3]
[2, 3, 7, 3, 1]
[3, 2, 7, 4, 2]
[3, 3, 7, 7]
[2, 3, 15]
[2, 3, 13]
[2, 3, 3, 8, 1]
[2, 3, 3, 7, 2]
[2, 3, 3, 7, 2]
[2, 3, 3, 8]
[2, 3, 3, 7]
[2, 3, 3, 6]
[1, 4, 4, 6]
[1, 3, 3, 5]
[1, 5, 3, 2, 3]
[1, 9, 3, 2, 3]
[1, 15, 3, 3, 3]
[1, 14, 3, 3, 3]
[1, 11, 3, 3, 3]
[1, 7, 2, 3, 3]
[1, 4, 3, 3, 3]
[1, 3, 3, 3, 3]
[1, 3, 2, 2, 3]
[1, 3, 3, 1, 3]
[1, 4, 3, 3]
[1, 3, 3, 4]
[1, 3, 4, 4]
[2, 3, 4, 5]

left_values
[26]
[12, 1]
[6, 6]
[4, 11]
[4, 12]
[3, 5, 4]
[4, 4]
[3, 4]
[3, 4]
[3, 3]
[3, 4]
[3, 4]
[3, 4]
[3, 4]
[3, 3]
[3, 4]
[4, 4]
[8, 5]
[25]
[24]
[3, 10]
[3]
[2]
[3, 1]
[3, 2]
[3, 7, 3]
[3, 14, 5]
[3, 20, 7]
[3, 34]
[20, 13]
[25, 7]
[12, 10]
[2, 5, 9]
[1, 11, 21]
[11, 23]
[12, 13, 6, 1]
[4, 5, 15, 3]
[3, 4, 4, 19]
[2, 3, 4, 3, 14]
[3, 7, 3, 12]
