Puzzle number: 153603
width:  50
height:  40
solved_count:  186
AVE_TIME:  '00:08:29'
ave_time_count:  100

top_values
[]
[]
[]
[]
[]
[]
[]
[]
[]
[]
[]
[]
[2]
[4]
[4]
[4]
[2]
[3]
[3]
[3]
[3]
[1, 4]
[1, 5]
[6]
[4]
[2]
[3]
[3, 12]
[3, 18]
[3, 7, 5]
[3, 5, 10, 4]
[6, 16, 3]
[3, 8, 4, 3]
[11, 3, 2]
[10, 3, 3]
[8, 3, 2]
[7, 3, 2]
[7, 3, 3]
[6, 1, 2, 3]
[6, 3, 3, 2]
[6, 3, 4, 3]
[6, 3, 3, 3]
[9, 4, 4]
[7, 4, 3]
[6, 4, 4]
[5, 5, 5]
[5, 6, 4, 2]
[4, 5, 3, 2]
[4, 6, 2, 2]
[11, 3]

left_values
[2, 29]
[2, 27]
[2, 3, 24]
[3, 3, 1, 17]
[2, 3, 2, 14, 1]
[4, 3, 15, 1]
[8, 2, 6, 2, 1]
[5, 7, 2, 2]
[3, 6, 3, 2]
[2, 4, 2, 2]
[2, 3, 2, 3]
[5, 1, 3]
[5, 2, 3]
[2, 2, 2]
[2, 2, 3]
[2, 2, 2]
[2, 2, 3]
[2, 2, 2]
[2, 2, 3]
[2, 2, 3, 1]
[2, 3, 2, 2]
[2, 2, 4, 2]
[2, 3, 4, 2]
[3, 10, 2]
[3, 8, 3]
[3, 4, 4, 1]
[4, 9]
[4, 10]
[5, 6]
[9]
[5]
[]
[]
[]
[]
[]
[]
[]
[]
[]
