Puzzle number: 153809
width:  35
height:  50
solved_count:  600
AVE_TIME:  '00:04:09'
ave_time_count:  166

top_values
[5]
[8]
[11]
[13]
[10, 4]
[12, 3]
[15, 3]
[18, 3]
[24, 4]
[49]
[49]
[48]
[47]
[44]
[42]
[39]
[37]
[34]
[31]
[28]
[25]
[20]
[12]
[]
[]
[]
[]
[]
[]
[]
[]
[]
[]
[]
[]

left_values
[14]
[14]
[14]
[14]
[14]
[14]
[14]
[14]
[14]
[14]
[14]
[14]
[13]
[13]
[13]
[13]
[13]
[13]
[13]
[14]
[13]
[13]
[13]
[13]
[14]
[13]
[13]
[14]
[13]
[13]
[14]
[13]
[13]
[14]
[13]
[13]
[14]
[13]
[14]
[13]
[14]
[14]
[5, 6]
[4, 5]
[4, 4]
[4, 4]
[5, 5]
[11]
[9]
[5]
