Puzzle number: 15397
width:  50
height:  50
solved_count:  217
AVE_TIME:  '01:06:48'
ave_time_count:  100

top_values
[9, 3, 1, 1, 1]
[9, 3, 3, 5, 2, 3]
[8, 4, 8, 6, 1, 3]
[9, 3, 11, 6, 2, 2]
[10, 3, 11, 6, 2]
[10, 18, 5, 2]
[28, 7]
[29, 7]
[30, 6]
[29, 6]
[14, 13, 5]
[11, 12, 4]
[10, 8, 4]
[7, 7, 4]
[7, 8, 4]
[5, 7, 8, 3]
[3, 7, 6, 10, 3]
[3, 1, 4, 5, 7, 11, 2]
[3, 4, 1, 1, 7, 1, 8, 2]
[7, 2, 6, 1, 5, 1, 3]
[6, 6, 2, 1, 6, 6, 2]
[3, 16, 5, 7, 2]
[3, 1, 23, 3, 3, 2]
[3, 29, 2, 3, 2]
[15, 5, 4, 2, 4, 1]
[15, 17, 1, 5, 1]
[8, 16, 1, 5, 2]
[1, 4, 17, 1, 2, 3, 1]
[5, 4, 5, 4, 4, 1]
[7, 6, 5, 5, 1, 1, 4, 2]
[8, 11, 5, 1, 5, 2]
[13, 10, 5, 5, 1]
[9, 3, 4, 4, 5, 6, 1]
[9, 6, 1, 5, 5, 1, 1, 2]
[8, 2, 2, 5, 5, 1, 1, 3]
[5, 3, 3, 2, 5, 5, 1, 1, 3]
[3, 5, 2, 5, 6, 1, 4]
[3, 1, 1, 4, 5, 1, 4]
[2, 1, 7, 6, 6]
[2, 5, 17, 5]
[1, 2, 1, 1, 4, 18, 5]
[1, 2, 3, 4, 17, 5]
[1, 2, 2, 1, 2, 5, 6, 2, 2]
[4, 5, 2, 3, 10, 6, 1, 2]
[4, 5, 3, 18, 1, 2]
[3, 8, 4, 5, 2]
[3, 9, 5, 5, 2]
[4, 12, 2, 5, 5, 2]
[5, 21, 5, 2]
[36, 5, 1]

left_values
[2, 10, 3, 2, 5]
[2, 10, 6, 6]
[4, 11, 6, 8]
[6, 1, 2, 2, 5, 9]
[8, 1, 3, 3, 7, 2, 3]
[9, 1, 3, 3, 6, 2, 2]
[10, 3, 1, 1, 3, 6, 2, 1]
[11, 1, 7, 10, 1]
[11, 3, 2, 4, 9, 1]
[10, 3, 8, 3, 3, 1, 1]
[10, 3, 7, 3, 1, 1, 1, 1]
[9, 3, 7, 4, 1, 1, 1, 1]
[3, 10, 1, 10, 3, 1, 3, 3]
[4, 8, 2, 10, 4, 5, 3]
[14, 1, 10, 3, 1, 4]
[12, 1, 3, 5, 1, 6]
[10, 1, 3, 7, 7]
[9, 9, 4, 3, 9]
[9, 9, 3, 7, 5]
[8, 13, 11]
[1, 6, 1, 10, 11]
[7, 2, 1, 13, 4, 7]
[7, 4, 2, 12, 2, 5]
[8, 5, 2, 3, 10, 3]
[8, 6, 2, 3, 10, 2]
[8, 7, 2, 3, 10, 3]
[9, 10, 3, 10, 3]
[10, 9, 3, 9, 2]
[13, 7, 3, 11]
[12, 10, 11]
[13, 9, 3, 7]
[14, 9, 3, 2, 4]
[1, 13, 10, 3, 2, 3]
[2, 10, 10, 3, 2, 1]
[3, 10, 10, 3, 2, 1]
[3, 13, 13, 2, 1]
[3, 2, 12, 11, 1, 1]
[3, 2, 15, 10, 1, 1]
[4, 2, 7, 2, 10]
[5, 1, 13, 10]
[6, 3, 11, 10]
[8, 2, 6, 10]
[14, 2, 12, 8]
[2, 11, 8, 7]
[16, 12, 4]
[20, 5, 7, 2]
[3, 5, 13]
[2, 5, 10]
[2, 5, 15]
[4, 14]
