Puzzle number: 154086
width:  45
height:  50
solved_count:  119
AVE_TIME:  '00:18:40'
ave_time_count:  100

top_values
[1, 6, 3, 3, 3]
[1, 6, 2, 3, 3]
[1, 5, 2, 3, 3]
[2, 5, 2, 2, 3]
[2, 5, 3, 2, 3]
[2, 6, 2, 2, 3]
[2, 6, 6, 3]
[2, 3, 3, 6, 3]
[2, 3, 4, 5, 3]
[2, 3, 4, 5, 3, 3]
[2, 3, 5, 5, 3, 4]
[2, 3, 13, 3, 5]
[2, 3, 8, 3, 3, 6]
[1, 3, 7, 2, 3, 7]
[1, 3, 8, 2, 8, 1]
[1, 3, 6, 2, 7]
[3, 8, 6]
[3, 6, 5]
[3, 6, 5, 1]
[3, 5, 5, 2]
[4, 5, 6, 3]
[3, 2, 3, 12]
[3, 3, 12]
[3, 3, 11]
[3, 11]
[3, 10]
[4, 9, 10]
[21, 9]
[12, 6, 10]
[10, 6, 11]
[2, 22]
[3, 20]
[3, 18]
[3, 5, 3, 11]
[8, 11]
[4, 11]
[3, 12]
[2, 13]
[2, 16]
[2, 21]
[3, 23]
[3, 24]
[5, 27]
[35]
[28, 1]

left_values
[16, 5]
[10, 8]
[10]
[4, 4]
[4, 3]
[5, 3]
[2, 7, 3]
[15, 3]
[13, 3]
[10, 3]
[7, 3]
[9, 3]
[5, 4]
[4, 7, 8]
[4, 2, 17]
[3, 2, 2, 6, 4]
[5, 2, 3, 3]
[5, 2, 1, 3]
[5, 3, 2, 3]
[1, 5, 3, 2, 2]
[5, 5, 3, 2, 2]
[8, 2, 3, 3, 1, 2]
[9, 2, 3, 1, 2]
[3, 7, 3, 3, 3]
[12, 3, 2, 3]
[13, 4, 3, 3]
[16, 4, 4]
[11, 3, 5]
[5, 2, 3, 5]
[6, 4, 6]
[2, 1, 4, 7]
[1, 4, 9]
[3, 10]
[15]
[16]
[17]
[19]
[21]
[24]
[45]
[45]
[45]
[31]
[22, 8]
[5, 12, 6]
[5, 6, 6]
[5, 5, 5]
[5, 5, 5]
[5, 5, 5]
[6, 5, 6]
