Puzzle number: 154367
width:  45
height:  35
solved_count:  617
AVE_TIME:  '00:02:03'
ave_time_count:  173

top_values
[20]
[20]
[23]
[20]
[20]
[19]
[19]
[18]
[2, 2, 16]
[35]
[35]
[35]
[2, 2, 15]
[14]
[12]
[10]
[9]
[9]
[8]
[7]
[6]
[5]
[5]
[4]
[4]
[3]
[2]
[2]
[1]
[1]
[]
[]
[]
[]
[1]
[2]
[3]
[3]
[4]
[5]
[6]
[6]
[30]
[3, 29]
[4, 29]

left_values
[3]
[3, 1]
[3, 2]
[3, 2]
[5, 2]
[5, 1]
[3, 3]
[3, 3]
[3, 3]
[5, 3]
[5, 3]
[3, 3]
[1, 3, 3]
[1, 3, 3]
[1, 3, 3]
[5, 3, 3]
[7, 3, 3]
[8, 3, 3]
[8, 3, 3]
[12, 3]
[13, 3]
[14, 3]
[14, 3]
[15, 3]
[15, 3]
[16, 3]
[18, 3]
[19, 3]
[20, 3]
[21, 5]
[23, 6]
[25, 7]
[26, 9]
[28, 10]
[30, 11]
