Puzzle number: 154557
width:  30
height:  20
solved_count:  1549
AVE_TIME:  '00:03:52'
ave_time_count:  504

top_values
[3, 4, 4, 3]
[3, 4, 4, 3]
[3, 4, 4, 3]
[3, 4, 4, 3]
[3, 4, 4, 3]
[2, 2, 2, 2, 2, 2, 2]
[]
[]
[17]
[1, 6]
[1, 1, 2]
[1, 1, 2, 4]
[1, 1, 2, 2]
[7, 2, 1]
[7, 2, 1]
[2, 2, 2, 1]
[2, 2, 2, 1]
[2, 2, 2, 1]
[2, 2, 2, 1]
[2, 2, 2, 1]
[2, 2, 2, 1]
[2, 2, 2, 1]
[2, 2, 2, 1]
[7, 2, 1]
[7, 2, 1]
[1, 1, 2, 2]
[1, 1, 2, 4]
[1, 1, 2]
[1, 6]
[17]

left_values
[6]
[6]
[5]
[1, 22]
[1, 1, 12, 1]
[5, 1, 2, 2, 1]
[6, 1, 2, 2, 1]
[6, 1, 2, 2, 1]
[5, 1, 12, 1]
[1, 22]
[1, 2, 2]
[5, 2, 2]
[6, 22]
[6, 22]
[5, 2, 2]
[1, 1, 14, 1]
[1, 1, 2, 2, 1]
[5, 1, 1, 1, 1]
[6, 1, 1, 1, 1]
[6, 1, 1, 1, 1]
