Puzzle number: 154606
width:  45
height:  45
solved_count:  308
AVE_TIME:  '00:02:47'
ave_time_count:  154

top_values
[21, 2]
[21, 3]
[21, 3]
[20, 3]
[19, 3]
[18, 3]
[17, 4]
[16, 4]
[14, 4]
[13, 5]
[9, 8, 5]
[7, 13, 5]
[23, 6]
[23, 11]
[22, 16]
[21, 20]
[20, 23]
[20, 24]
[45]
[45]
[45]
[45]
[45]
[45]
[45]
[44]
[44]
[43]
[42]
[41]
[39]
[38]
[37]
[36]
[35]
[34]
[32]
[32]
[31]
[30]
[27]
[26]
[24]
[23]
[21]

left_values
[25]
[27]
[28]
[29]
[30]
[30]
[31]
[11, 20]
[11, 21]
[10, 22]
[10, 24]
[10, 25]
[10, 25]
[9, 27]
[8, 28]
[8, 30]
[7, 30]
[6, 30]
[5, 31]
[4, 32]
[3, 6, 24]
[5, 26]
[4, 28]
[28]
[29]
[30]
[30]
[30]
[30]
[31]
[31]
[31]
[31]
[31]
[32]
[32]
[32]
[32]
[32]
[33]
[36]
[39]
[44]
[45]
[45]
