Puzzle number: 154769
width:  45
height:  40
solved_count:  175
AVE_TIME:  '00:17:41'
ave_time_count:  102

top_values
[3, 2, 1, 1, 12, 2]
[10, 2, 1, 18]
[6, 1, 1, 14]
[2, 1, 14]
[2, 2, 1, 16]
[14, 2, 1, 1, 17]
[11, 2, 1, 19]
[5, 4, 1, 18]
[7, 4, 1, 18]
[1, 3, 4, 16]
[2, 4, 15]
[9, 3, 2, 2, 13]
[2, 4, 1, 2, 13]
[6, 4, 2, 12]
[3, 16, 3, 11]
[3, 14, 3, 11]
[3, 4, 1, 9]
[8, 1, 6, 2, 8]
[6, 3, 2, 5]
[1, 7, 5, 2]
[6, 12, 8]
[9, 16]
[26]
[15]
[]
[5]
[8]
[12]
[14]
[16]
[18, 2]
[20, 3]
[21, 3]
[23, 3]
[26, 3]
[26, 6]
[27, 3]
[27, 5]
[27, 8]
[27]
[27, 4, 1]
[27, 9]
[27, 7]
[27, 10]
[27, 10]

left_values
[1, 1, 2, 2, 2, 9]
[1, 1, 2, 3, 1, 11]
[1, 1, 2, 3, 2, 11]
[1, 4, 3, 2, 12]
[1, 4, 1, 2, 2, 12]
[1, 2, 1, 1, 1, 2, 3, 13]
[1, 2, 1, 1, 1, 2, 2, 14]
[3, 2, 1, 1, 2, 2, 14]
[3, 2, 1, 2, 2, 2, 15]
[3, 2, 1, 2, 2, 2, 15]
[2, 2, 1, 2, 2, 3, 16]
[7, 1, 2, 3, 2, 16]
[3, 3, 1, 1, 2, 3, 2, 17]
[4, 1, 2, 1, 2, 17]
[3, 2, 1, 2, 18]
[7, 1, 2, 2, 2, 18]
[11, 2, 1, 2, 2, 18]
[2, 2, 2, 2, 2, 18]
[6, 1, 1, 2, 19]
[6, 3, 1, 1, 2, 19]
[1, 3, 5, 4, 19]
[3, 10, 4, 20]
[3, 4, 8, 20]
[2, 4, 10, 20]
[10, 5, 5, 20]
[23, 20]
[11, 6, 11]
[13, 2]
[14, 2]
[16, 2]
[16, 2, 2]
[17, 1, 2, 2]
[18, 2, 1, 2, 2]
[18, 2, 2, 5]
[17, 2, 2, 2, 5]
[19, 2, 2, 2, 4]
[19, 1, 2, 2, 4]
[18, 1, 3, 4, 4]
[1, 17, 4, 2, 1, 4]
[1, 17, 4, 2, 1, 5]
