Puzzle number: 154773
width:  35
height:  40
solved_count:  252
AVE_TIME:  '00:11:07'
ave_time_count:  107

top_values
[2, 3, 2, 2, 13]
[6, 2, 1, 2, 12]
[3, 9, 5, 3, 12]
[3, 3, 1, 1, 10]
[4, 4, 1, 8]
[18, 2, 7]
[6, 1, 2, 2, 4]
[8, 5, 1]
[4, 13, 5]
[10, 14]
[23]
[9]
[5]
[8]
[9]
[13]
[15]
[17, 1]
[20, 2]
[22, 3]
[23, 4]
[24, 3]
[25, 3]
[26, 6]
[27, 3]
[27, 8]
[27, 5]
[27]
[27, 4]
[27, 9]
[27, 7]
[27, 10]
[27, 7]
[27, 9]
[26, 8]

left_values
[2, 1, 11]
[3, 1, 12]
[2, 2, 13]
[3, 2, 14]
[1, 2, 1, 15]
[1, 2, 1, 16]
[1, 2, 2, 16]
[1, 2, 2, 17]
[1, 2, 2, 17]
[1, 2, 2, 17]
[1, 2, 2, 18]
[1, 3, 2, 18]
[1, 3, 1, 19]
[1, 3, 2, 19]
[1, 1, 2, 2, 20]
[1, 2, 2, 20]
[1, 1, 2, 2, 20]
[1, 1, 1, 2, 2, 20]
[3, 1, 2, 2, 21]
[3, 1, 1, 2, 22]
[1, 5, 4, 22]
[6, 4, 22]
[7, 23]
[9, 23]
[3, 4, 23]
[11, 23]
[6, 22]
[1, 2]
[3, 2]
[3, 1, 1]
[4, 1, 1, 2]
[4, 1, 2, 1, 2]
[5, 1, 1, 2, 1, 2]
[6, 1, 2, 7]
[6, 5, 7]
[6, 1, 5, 6]
[7, 1, 1, 2, 2, 6]
[7, 1, 3, 1, 2, 5]
[7, 1, 4, 1, 2, 5]
[9, 5, 1, 1, 4]
