Puzzle number: 154853
width:  40
height:  50
solved_count:  333
AVE_TIME:  '00:12:52'
ave_time_count:  121

top_values
[]
[]
[]
[]
[]
[7]
[13]
[22]
[29]
[6, 25]
[5, 1, 21]
[1, 5, 1, 2, 2, 10]
[8, 1, 1, 2, 2]
[11, 1, 3]
[10, 4]
[13, 1]
[11, 2]
[1, 11, 2]
[16]
[14, 1]
[1, 14, 3]
[21]
[1, 21, 1]
[1, 21, 1]
[25]
[24]
[26, 1]
[1, 24, 1]
[24, 1]
[25, 1]
[27, 1]
[2, 24]
[1, 24]
[2, 24]
[1, 25]
[1, 25]
[1, 25]
[1, 24]
[26]
[25]

left_values
[2, 6]
[2, 4, 1]
[3, 1, 2, 6]
[16]
[20]
[2, 19]
[22]
[22]
[23]
[28]
[29]
[28]
[28]
[28]
[29]
[29]
[29]
[3, 27]
[4, 27]
[3, 2, 2, 22]
[4, 1, 2, 19]
[4, 2, 1, 20]
[3, 2, 1, 21]
[2, 2, 3, 20]
[5, 2, 19]
[4, 1, 16]
[4, 2, 15, 1]
[5, 1]
[5, 1]
[7]
[6]
[6]
[6]
[6]
[5]
[5]
[5]
[5]
[4]
[4]
[5]
[5]
[5]
[4]
[4]
[4]
[4]
[3]
[4]
[3, 5]
