Puzzle number: 155047
width:  36
height:  50
solved_count:  177
AVE_TIME:  '00:18:09'
ave_time_count:  101

top_values
[14, 6]
[14, 8]
[14, 7]
[14, 7]
[15, 1, 6]
[13, 1, 4]
[15, 2]
[14, 1, 1]
[17]
[17]
[15, 2]
[11, 7]
[8, 3, 2, 3]
[8, 4, 2, 3]
[8, 4, 2, 4]
[6, 9, 2, 3]
[7, 1, 3, 3, 2, 4]
[8, 1, 4, 7, 4]
[15, 6, 5]
[3, 3, 7, 8, 4]
[9, 9, 4, 3]
[9, 2, 5, 3, 4, 3]
[20, 2, 2, 6]
[11, 9, 2, 1, 3, 11]
[11, 6, 2, 2, 2, 3, 10]
[22, 3, 2, 9]
[2, 8, 4, 4, 2, 4, 5]
[12, 7, 2, 2, 4]
[2, 10, 4, 1, 3, 7]
[3, 5, 3, 12, 10]
[10, 3, 21]
[8, 5, 16]
[8, 4, 5]
[9, 5, 8]
[26]
[22]

left_values
[19]
[21]
[22]
[23]
[19, 4]
[19, 5]
[15, 10]
[16, 10]
[12, 2, 10]
[12, 2, 2, 6, 2]
[12, 4, 2, 8]
[11, 9, 6, 1]
[31]
[5, 8, 1, 14]
[3, 4, 6, 7, 1]
[3, 2, 2, 4, 7]
[6, 2, 5, 7]
[2, 2, 1, 4, 7]
[2, 2, 9, 5]
[2, 1, 9, 6]
[3, 4, 4, 1, 3]
[2, 4, 4, 5]
[2, 3, 5, 1, 3]
[3, 2, 1, 4, 1, 3]
[3, 3, 1, 3, 1, 3]
[5, 3, 1, 3]
[3, 2, 12]
[6, 2, 3, 1, 3]
[2, 3, 3, 1, 3]
[4, 2, 5, 3]
[2, 1, 4, 3, 3]
[3, 2, 2, 1, 2]
[1, 1, 2, 2, 1, 2]
[2, 1, 2, 2, 1, 2]
[4, 1, 7]
[2, 2, 4, 3]
[3, 1, 3, 3]
[1, 2, 1, 3, 3]
[1, 2, 2, 2, 3]
[1, 2, 1, 2, 2]
[4, 4, 2]
[5, 3, 2]
[2, 1, 5, 3, 3]
[4, 3, 5, 3]
[5, 3, 5, 3]
[5, 4, 8]
[6, 2, 1, 8]
[6, 2, 1, 8]
[6, 2, 1, 7]
[7, 2, 1, 7]
