Puzzle number: 155066
width:  48
height:  38
solved_count:  641
AVE_TIME:  '00:05:32'
ave_time_count:  153

top_values
[36]
[35]
[34]
[33]
[]
[]
[38]
[38]
[38]
[38]
[38]
[38]
[14]
[14]
[14]
[]
[14]
[14]
[14]
[15]
[37]
[37]
[36]
[35]
[34]
[32]
[]
[]
[29]
[32]
[34]
[36]
[36]
[38]
[15]
[14]
[14]
[]
[]
[14]
[14]
[15]
[38]
[36]
[36]
[34]
[32]
[28]

left_values
[6, 1, 1]
[6, 2, 3, 3]
[1, 6, 3, 4, 4]
[2, 6, 4, 5, 5]
[3, 6, 5, 5, 5]
[4, 6, 5, 6, 6]
[4, 6, 6, 6, 6]
[4, 6, 6, 6, 6]
[4, 6, 6, 6, 6]
[4, 6, 6, 6, 6]
[4, 6, 6, 6, 6]
[4, 6, 6, 6, 6]
[4, 6, 6, 6, 6]
[4, 6, 6, 6, 6]
[4, 6, 6, 6, 6]
[4, 6, 6, 6, 6]
[4, 6, 6, 6, 6]
[4, 6, 6, 6, 6]
[4, 6, 6, 6, 6]
[4, 6, 6, 6, 6]
[4, 6, 6, 6, 6]
[4, 6, 6, 6, 6]
[4, 6, 6, 6, 6]
[4, 6, 7, 7, 7]
[4, 9, 10, 9, 9]
[4, 9, 10, 9, 9]
[4, 9, 10, 9, 9]
[4, 9, 10, 9, 9]
[4, 9, 10, 9, 9]
[4, 9, 10, 9, 9]
[4, 9, 10, 9, 9]
[4, 9, 10, 9, 9]
[4, 9, 10, 9, 9]
[4, 9, 10, 9, 8]
[4, 9, 10, 8, 8]
[4, 9, 10, 7, 7]
[4, 9, 10, 6, 6]
[4, 9, 10, 4, 4]
