Puzzle number: 155224
width:  40
height:  40
solved_count:  456
AVE_TIME:  '00:00:56'
ave_time_count:  128

top_values
[5, 10]
[6]
[16]
[15]
[14]
[11]
[11]
[9]
[7]
[3]
[]
[]
[]
[]
[]
[]
[]
[]
[]
[]
[]
[]
[]
[]
[]
[]
[]
[]
[]
[]
[]
[]
[]
[]
[]
[]
[]
[]
[]
[]

left_values
[]
[]
[]
[]
[]
[]
[]
[]
[]
[]
[]
[]
[]
[]
[]
[]
[]
[]
[]
[]
[]
[1]
[1]
[2]
[3]
[4]
[4]
[4]
[5]
[5]
[1, 5]
[1, 6]
[1, 6]
[1, 7]
[1, 7]
[1, 7]
[1, 7]
[1, 8]
[1, 8]
[1, 3, 4]
