Puzzle number: 155253
width:  45
height:  50
solved_count:  7
AVE_TIME:  '00:53:39'
ave_time_count:  7

top_values
[16, 12, 11]
[15, 9, 12]
[13, 5, 5, 14]
[10, 7, 3, 16]
[9, 11, 2, 17]
[8, 11, 18]
[7, 14, 19]
[7, 16, 20]
[5, 17, 1, 12]
[5, 15, 6]
[4, 13, 4, 5]
[3, 11, 11, 2]
[11, 15, 1]
[11, 1, 17]
[12, 5, 19]
[11, 7, 21]
[10, 9, 22]
[9, 3, 3, 16]
[10, 1, 5, 13]
[9, 1, 8, 12]
[8, 11, 10]
[8, 11, 9]
[8, 11, 5, 8]
[8, 10, 8, 7]
[19, 10, 7]
[17, 12, 6]
[16, 10, 2, 6]
[15, 5, 2, 5]
[14, 5, 2, 4, 5]
[12, 4, 5, 5, 5]
[12, 3, 5, 7, 5]
[11, 1, 5, 7, 5]
[10, 6, 7, 3]
[9, 6, 8, 4]
[1, 6, 1, 5, 8, 1]
[3, 6, 2, 4, 8]
[4, 5, 3, 4, 6]
[4, 5, 3, 4, 2, 5, 1]
[5, 6, 4, 3, 4, 3, 2]
[5, 6, 4, 3, 3, 4, 2]
[5, 6, 5, 2, 1, 6, 4]
[6, 6, 4, 3, 6, 5]
[6, 6, 6, 7, 8, 6]
[6, 7, 3, 9, 8, 7]
[6, 7, 8, 8, 7]

left_values
[12, 10]
[12, 10]
[12, 10]
[11, 11, 9]
[10, 17, 7]
[8, 19, 4]
[8, 22]
[6, 22]
[5, 25]
[4, 34]
[3, 35]
[3, 11, 21]
[3, 11, 23]
[2, 10, 1, 23]
[2, 9, 1, 14, 7]
[1, 9, 1, 11, 2]
[9, 2, 10, 3]
[7, 12, 7]
[8, 2, 9, 8]
[7, 2, 8, 2, 10]
[7, 3, 7, 4, 4]
[8, 3, 7, 4, 4, 2]
[9, 4, 4, 5, 6, 1]
[8, 4, 3, 5, 7]
[8, 5, 2, 5, 8, 2]
[1, 8, 5, 6, 2, 2]
[1, 7, 4, 5, 3, 3]
[2, 6, 5, 4, 6, 3, 3]
[2, 5, 6, 5, 3, 2, 3]
[4, 6, 5, 1, 4]
[5, 1, 6, 5, 6, 4]
[5, 2, 6, 5, 9, 4]
[3, 3, 7, 4, 11, 2]
[3, 4, 7, 15]
[2, 5, 8, 15, 2]
[2, 6, 8, 11, 3]
[1, 6, 7, 8, 3]
[6, 8, 3, 4]
[8, 9, 5]
[9, 8, 5]
[9, 9, 6]
[9, 10, 7]
[9, 10, 6]
[9, 12, 3, 2]
[10, 13, 3]
[11, 18, 1, 4]
[11, 19, 5]
[11, 19, 7]
[12, 19, 7]
[13, 15, 5]
