Puzzle number: 155391
width:  75
height:  75
solved_count:  140
AVE_TIME:  '01:53:09'
ave_time_count:  101

top_values
[15, 44]
[9, 42]
[6, 6, 40]
[1, 6, 5, 4, 38]
[2, 8, 4, 10, 36]
[3, 9, 18, 35]
[4, 8, 19, 33]
[5, 8, 20, 32]
[6, 7, 5, 16, 31]
[6, 7, 16, 30]
[8, 8, 16, 29]
[8, 11, 17, 3, 22]
[9, 12, 18, 2, 20]
[9, 11, 18, 1, 18]
[9, 12, 18, 2, 16]
[10, 4, 31, 13]
[9, 3, 32, 10]
[9, 3, 32, 8]
[8, 3, 33, 6]
[8, 3, 34, 5]
[8, 3, 34, 4]
[8, 4, 34, 2]
[7, 4, 34, 2]
[6, 5, 12, 22, 2]
[6, 5, 12, 23, 1]
[6, 5, 13, 23]
[5, 4, 12, 7, 16]
[1, 5, 13, 7, 17]
[1, 6, 15, 7, 18]
[2, 1, 23, 6, 19, 1]
[2, 1, 23, 7, 21, 2, 2]
[2, 3, 23, 6, 23, 2, 3]
[2, 1, 1, 21, 6, 19, 9]
[2, 2, 2, 21, 6, 18, 10]
[2, 2, 2, 8, 10, 6, 18, 16]
[2, 2, 11, 10, 5, 36]
[2, 2, 10, 10, 5, 36]
[1, 1, 10, 10, 5, 5, 32]
[2, 2, 10, 9, 5, 4, 16, 13]
[5, 9, 9, 5, 4, 11, 8]
[4, 5, 3, 9, 5, 4, 10, 4, 2, 6]
[4, 4, 4, 8, 4, 3, 9, 9, 2, 5]
[3, 3, 4, 7, 4, 3, 8, 12, 3, 4]
[3, 4, 5, 7, 4, 3, 7, 14, 2, 3]
[3, 3, 5, 6, 3, 3, 6, 17, 1, 2, 2]
[2, 3, 5, 6, 3, 2, 6, 3, 12, 3]
[2, 3, 5, 6, 3, 2, 5, 9, 4]
[2, 6, 5, 3, 2, 6, 10, 13]
[2, 5, 5, 2, 2, 5, 9, 11]
[2, 5, 6, 2, 2, 5, 6, 9]
[2, 5, 5, 2, 1, 5, 4, 7]
[1, 5, 5, 2, 2, 5, 4, 4]
[1, 5, 5, 2, 2, 5, 3]
[2, 5, 5, 1, 2, 5, 2]
[3, 4, 6, 8, 3]
[3, 3, 6, 9, 2]
[4, 3, 7, 9, 2]
[4, 2, 7, 9, 2]
[4, 2, 7, 9, 1]
[3, 1, 16]
[2, 1, 15, 1, 5]
[14, 8]
[14, 6]
[2, 3, 10, 3]
[5, 9]
[5, 8, 4, 2]
[5, 7, 2, 3]
[5, 1, 6, 5]
[4, 1, 5, 6]
[4, 2, 5, 4]
[4, 2, 4, 1]
[3, 2, 2]
[2, 3, 2]
[2, 7]
[8]

left_values
[6, 7]
[7, 11]
[1, 9, 3, 3]
[1, 10, 4, 3]
[2, 11, 13]
[3, 14, 3, 7]
[4, 17, 4, 5]
[4, 19, 6, 3]
[1, 4, 22, 7, 1]
[1, 5, 23, 9]
[1, 5, 35]
[1, 6, 35]
[1, 7, 8, 13, 8]
[2, 8, 2, 11, 6]
[]
