Puzzle number: 155376
width:  44
height:  50
solved_count:  515
AVE_TIME:  '00:04:00'
ave_time_count:  129

top_values
[40]
[39]
[38]
[37]
[36]
[35]
[35]
[34]
[34]
[33]
[6, 33]
[10, 33]
[13, 33]
[50]
[50]
[15, 28]
[15, 5, 28]
[15, 5, 28]
[15, 28]
[15, 5, 28]
[15, 5, 28]
[15, 28]
[15, 28]
[15, 28]
[15, 28]
[15, 28]
[15, 28]
[15, 28]
[15, 28]
[15, 28]
[13, 28]
[13, 28]
[13, 28]
[13, 28]
[13, 28]
[14, 28]
[15, 28]
[15, 6, 20]
[8, 6, 6, 19]
[7, 6, 6, 17]
[5, 6, 6, 16]
[4, 6, 6, 15]
[4, 6, 6, 14]
[3, 6, 6, 13]

left_values
[17, 8]
[17, 9]
[31]
[31]
[29]
[29]
[29]
[28]
[28]
[34]
[1, 34]
[2, 34]
[3, 34]
[4, 34]
[5, 33]
[7, 3]
[9, 2, 2, 2]
[15, 2, 2]
[15, 2, 2]
[15, 2, 2]
[15, 2, 2]
[15]
[44]
[44]
[44]
[44]
[44]
[44]
[37]
[37]
[38]
[39]
[39]
[40]
[41]
[42]
[43]
[44]
[44]
[44]
[44]
[44]
[44]
[44]
[44]
[44]
[44]
[44]
[44]
[44]
