Puzzle number: 155321
width:  50
height:  40
solved_count:  168
AVE_TIME:  '00:19:47'
ave_time_count:  102

top_values
[22, 1]
[4, 20]
[3, 1, 18]
[6, 22]
[29]
[28]
[24]
[3, 17, 2]
[25, 2]
[1, 1, 14, 3, 2]
[17, 10]
[1, 18]
[1, 16]
[3, 19, 8]
[3, 19, 10]
[3, 30]
[4, 29]
[3, 15, 4, 2]
[3, 2, 1, 13]
[3, 18]
[3, 2, 19, 1]
[2, 4, 21]
[2, 4, 21]
[7, 21]
[7, 22]
[7, 15, 6]
[7, 15, 7]
[23, 3]
[24]
[20]
[2, 16, 8]
[15, 5]
[24, 3]
[24, 2]
[25, 2]
[30]
[30]
[22]
[7, 21]
[26]
[26]
[22]
[23]
[20]
[17]
[11]
[7]
[]
[]
[]

left_values
[5, 2, 2, 11, 5, 1, 2]
[5, 2, 4, 13, 5, 3, 3]
[5, 3, 1, 4, 3, 8, 5, 3, 3]
[1, 3, 2, 2, 1, 9, 5, 8]
[4, 1, 1, 1, 11, 5, 8]
[4, 1, 2, 2, 2, 17, 9]
[3, 1, 2, 2, 2, 16, 9]
[5, 1, 2, 2, 4, 10, 8]
[6, 6, 28]
[6, 7, 28]
[6, 7, 29]
[17, 28]
[45]
[46]
[45]
[45]
[45]
[45]
[44]
[44]
[29, 11]
[29, 11]
[10, 17, 11]
[10, 13, 1, 10]
[10, 10, 8]
[7, 3, 5, 6]
[7, 4, 6, 6]
[10, 4, 7, 1, 4]
[5, 4, 5, 8, 8]
[2, 2, 5, 4, 8]
[2, 1, 5, 2, 3]
[1, 1, 5, 2, 2]
[1, 1, 4, 1, 1]
[1, 1, 4, 1]
[1, 1, 3, 1]
[1, 3, 1]
[1, 3, 1]
[2, 3]
[1]
[1]
