Puzzle number: 155327
width:  50
height:  50
solved_count:  149
AVE_TIME:  '00:09:54'
ave_time_count:  101

top_values
[27, 15]
[27, 15]
[26, 15]
[25, 9]
[23, 7]
[19, 5]
[15, 3]
[7]
[]
[16, 24]
[17, 24]
[17, 24]
[4, 12, 25]
[2, 10, 25]
[1, 5, 9, 24]
[3, 3, 8, 10, 3, 4]
[2, 2, 8, 10, 3, 4]
[1, 1, 8, 10, 2, 4]
[1, 1, 8, 10, 2, 4]
[2, 2, 8, 25]
[3, 3, 8, 25]
[7, 8, 4, 2, 10]
[1, 4, 8, 4, 2, 10]
[1, 4, 8, 4, 3, 10]
[4, 1, 8, 4, 3, 9]
[4, 1, 8, 4, 3, 9]
[1, 4, 8, 25]
[1, 4, 8, 25]
[4, 1, 8, 4, 10, 1]
[4, 1, 9, 4, 10, 1]
[1, 4, 9, 5, 9, 1]
[1, 4, 9, 5, 9, 1]
[4, 1, 9, 4, 10, 1]
[4, 1, 9, 24]
[1, 4, 9, 24]
[1, 4, 9, 24]
[7, 9, 12, 7]
[3, 3, 9, 12, 6]
[2, 2, 10, 11, 6]
[1, 1, 10, 12, 6]
[1, 1, 10, 12, 6]
[2, 2, 10, 12, 6]
[3, 3, 10, 23]
[1, 5, 11, 23]
[2, 12, 22]
[4, 14, 22]
[19, 22]
[19, 22]
[20, 22]
[20, 22]

left_values
[4, 6, 7]
[4, 5, 28, 6]
[5, 4, 3, 3, 2, 2, 2, 3, 3, 5]
[5, 4, 2, 2, 2, 2, 2, 2, 2, 5]
[5, 3, 1, 16, 1, 4]
[6, 4, 2, 4, 2, 2, 4, 2, 5]
[6, 4, 3, 5, 2, 2, 5, 3, 5]
[6, 5, 28, 6]
[7, 6, 7]
[7, 41]
[7, 41]
[7, 41]
[7, 41]
[7, 41]
[8, 41]
[8, 41]
[8, 40]
[8, 21]
[8, 12]
[8, 2]
[8]
[7]
[7]
[6, 5]
[5, 11]
[3, 23]
[2, 29]
[35]
[41]
[12, 2, 20]
[12, 2, 17]
[12, 2, 17]
[12, 2, 17]
[3, 19, 17]
[3, 6, 11, 17]
[3, 6, 2, 27]
[3, 6, 2, 24]
[3, 6, 2, 24]
[3, 8, 2, 10, 11]
[4, 12, 10, 8]
[4, 15, 10, 8]
[5, 6, 17, 8]
[5, 6, 17, 8]
[6, 6, 18, 8]
[6, 6, 9, 18]
[7, 19, 17]
[7, 19, 17]
[7, 16, 17]
[13, 17]
[30]
