Puzzle number: 155349
width:  50
height:  50
solved_count:  8
AVE_TIME:  '00:20:08'
ave_time_count:  8

top_values
[8, 4]
[7, 4]
[7, 4]
[8, 4]
[8, 4]
[7, 4, 1]
[12, 4, 1]
[12, 4, 1]
[12, 4]
[12, 4]
[12, 4]
[12, 4]
[12, 4]
[12, 4]
[12, 4]
[12, 4]
[12, 4]
[4]
[4]
[4]
[4]
[4]
[3, 4]
[5, 4]
[7, 4]
[10, 4]
[11, 4]
[12, 4]
[10, 4, 1]
[11, 4, 1]
[13, 4, 1]
[20, 4]
[23, 4]
[12, 11, 4]
[3, 7, 10, 4]
[2, 5, 10, 4]
[5, 10, 4]
[5, 9, 4]
[5, 9, 4]
[5, 11, 4]
[4, 11, 4]
[12, 4]
[3, 12, 4]
[3, 13, 4]
[7, 13, 4]
[9, 2, 13, 4]
[9, 5, 3, 4]
[10, 6, 4, 12, 4]
[5, 3, 7, 4, 12, 4]
[3, 5, 8, 4, 12, 4]

left_values
[]
[2]
[3]
[4]
[4]
[4]
[4]
[4, 1]
[4, 1]
[6]
[8]
[8]
[4]
[2, 4]
[3, 5]
[3, 5]
[2, 1, 4]
[3, 2, 4]
[4, 3, 3]
[10, 2]
[9, 1]
[9]
[8]
[8]
[6, 3]
[7, 5]
[6, 6]
[7, 7]
[8, 4]
[9, 5]
[11, 10, 6, 3]
[11, 11, 7, 3]
[14, 12, 7, 3]
[17, 22, 3]
[17, 22, 3]
[17, 5, 16, 3]
[17, 5, 15, 3]
[17, 5, 14, 3]
[17, 4, 12, 3]
[5, 11, 3, 10, 3]
[1, 11, 7, 3]
[11, 4, 3]
[]
[50]
[50]
[50]
[50]
[]
[]
[3, 3]
