Puzzle number: 155387
width:  75
height:  75
solved_count:  170
AVE_TIME:  '01:21:22'
ave_time_count:  100

top_values
[38, 6]
[1, 7, 9]
[1, 4, 4, 13]
[1, 6, 3, 17]
[1, 9, 2, 20]
[1, 4, 5, 2, 25]
[1, 5, 4, 1, 28]
[1, 5, 3, 1, 29]
[1, 5, 4, 31]
[1, 5, 2, 32]
[1, 6, 3, 21]
[1, 4, 6, 5, 20]
[1, 2, 7, 5, 19, 1]
[1, 2, 4, 6, 18, 1]
[1, 4, 6, 17, 1]
[1, 4, 4, 4, 12, 4, 1]
[1, 1, 6, 2, 16, 1]
[1, 5, 5, 2, 3, 15, 1]
[1, 5, 4, 3, 3, 14, 1]
[1, 6, 3, 3, 4, 12, 1]
[1, 1, 3, 1, 4, 5, 11, 1]
[1, 3, 5, 3, 3, 1, 8, 1]
[1, 5, 6, 2, 2, 3, 5, 1]
[1, 6, 4, 1, 5, 4, 1, 1]
[1, 1, 5, 3, 4, 4, 6, 1]
[1, 2, 3, 1, 5, 4, 5, 1]
[1, 4, 4, 4, 3, 1, 1, 1]
[1, 2, 3, 4, 3, 2, 6, 1]
[1, 1, 4, 5, 5, 5, 1]
[1, 1, 4, 4, 3, 4, 6, 1]
[1, 2, 4, 3, 4, 3, 1, 4, 1, 1]
[1, 2, 3, 1, 1, 4, 3, 1, 2, 1]
[1, 3, 6, 3, 3, 4, 4, 1]
[1, 2, 3, 6, 4, 3, 5, 1]
[1, 1, 4, 5, 3, 5, 8, 1]
[1, 1, 4, 4, 4, 2, 4, 4, 1]
[1, 7, 7, 5, 4, 1]
[1, 1, 4, 3, 4, 1, 6, 4, 1]
[1, 2, 2, 5, 2, 2, 8, 4, 1]
[1, 3, 6, 2, 9, 3, 1]
[1, 7, 4, 5, 4, 10, 3, 1]
[1, 5, 14, 4, 4, 14, 1]
[9, 10, 5, 3, 4, 14, 1]
[12, 9, 7, 5, 5, 4, 1]
[13, 8, 1, 4, 3, 4, 2, 1]
[14, 8, 2, 2, 5, 2, 1]
[1, 10, 3, 1, 1, 1, 5, 1, 1]
[10, 1, 4, 4, 2, 1]
[10, 7, 4, 2, 1]
[10, 1, 6, 3, 1]
[11, 1, 5, 4, 2, 1]
[12, 3, 3, 6, 1, 1]
[13, 3, 1, 1, 5, 1, 1]
[14, 1, 1, 4, 4, 2, 1]
[23, 12, 1]
[16, 4, 1, 5, 1, 1, 1]
[17, 3, 2, 4, 1]
[15, 3, 5, 1, 2, 1]
[9, 2, 7, 2, 3, 1]
[3, 7, 3, 2, 3, 1]
[14, 2, 3, 1]
[13, 2, 3, 1]
[14, 2, 3, 1]
[14, 2, 3, 1]
[14, 5, 1]
[13, 5, 1]
[13, 3, 1]
[13, 2, 1]
[12, 1]
[1, 12, 1]
[2, 11, 1]
[3, 11, 1]
[15, 1]
[14, 1]
[12, 61]

left_values
[42, 4, 5]
[1, 4, 5]
[1, 4, 4]
[1, 5, 3]
[1, 5, 3]
[1, 6, 4]
[1, 8, 6]
[1, 14, 9]
[1, 15, 11]
[1, 16, 12]
[1, 16, 13]
[1, 16, 13]
[1, 16, 14]
[1, 29]
[1, 27, 1]
[1, 12, 12, 1]
[]
