Puzzle number: 155348
width:  50
height:  50
solved_count:  9
AVE_TIME:  '00:21:01'
ave_time_count:  9

top_values
[]
[]
[]
[]
[]
[]
[]
[]
[]
[]
[]
[]
[4]
[6]
[9]
[11]
[14]
[16]
[19]
[21]
[24]
[25]
[26]
[27]
[27]
[28]
[28]
[28]
[26]
[2, 23]
[3, 6, 21]
[6, 8, 17]
[7, 9, 15]
[8, 8, 13]
[2, 7, 9, 12]
[1, 8, 9, 13, 2]
[2, 8, 9, 12, 3]
[2, 9, 9, 12, 4]
[2, 9, 9, 11, 5]
[2, 10, 8, 11, 4]
[2, 9, 7, 10, 4]
[3, 9, 7, 10, 3]
[2, 8, 5, 10, 3]
[3, 7, 5, 9, 4]
[5, 4, 4, 9, 4]
[13, 2, 8, 4]
[12, 8, 4]
[11, 8, 4]
[10, 8, 4]
[3, 8, 4]

left_values
[]
[]
[6]
[11]
[2, 5]
[2, 5, 4]
[11, 4]
[12, 4]
[13, 4]
[15, 4]
[15, 4]
[13, 4]
[15]
[3, 12]
[6, 10]
[9, 7]
[12, 5]
[15, 2]
[16]
[15]
[14]
[12]
[4, 8]
[8, 4]
[11]
[13]
[16]
[17]
[18]
[20]
[21]
[23]
[25]
[32]
[33]
[33]
[34]
[34]
[17, 15]
[17, 13]
[17, 11]
[17, 4]
[17]
[17, 7]
[17, 10]
[17, 12]
[17, 13]
[17, 5]
[16, 5]
[16, 4]
