Puzzle number: 155596
width:  45
height:  35
solved_count:  129
AVE_TIME:  '00:13:46'
ave_time_count:  100

top_values
[4]
[5]
[5]
[5]
[5]
[5, 4]
[5, 6]
[5, 8]
[5, 3, 4]
[5, 2, 5]
[6, 3, 2, 3]
[5, 2, 1, 4]
[6, 2, 1, 5]
[5, 3, 1, 4]
[5, 3, 4]
[5, 6, 4]
[5, 9, 4]
[5, 11, 4]
[6, 13, 4]
[6, 7, 1, 4]
[5, 6, 2, 4]
[3, 6, 1, 5]
[2, 5, 2, 5]
[5, 2, 4]
[4, 8]
[4, 6]
[4, 6]
[4, 7]
[4, 7]
[5, 7]
[5, 7]
[5, 7]
[5, 7]
[5, 6]
[6, 6]
[6, 6]
[6, 5]
[7, 4]
[10, 4]
[3, 5]
[2, 4]
[5]
[5]
[5]
[7]

left_values
[4, 3, 2]
[5, 7, 3]
[5, 14]
[5, 14]
[6, 15]
[8, 5, 7]
[9, 4, 5]
[10, 4, 4]
[16, 3, 2]
[15, 4, 1]
[13, 4, 1]
[11, 4]
[6, 4]
[4]
[4]
[4]
[4]
[3]
[4]
[4]
[4]
[6]
[9]
[13, 1]
[4, 3, 1]
[3, 2, 2]
[3, 2, 3]
[3, 4, 4, 4]
[6, 9, 6]
[5, 21]
[7, 22]
[35]
[31]
[14, 10]
[11, 8]
