Puzzle number: 155725
width:  45
height:  50
solved_count:  698
AVE_TIME:  '00:01:08'
ave_time_count:  190

top_values
[]
[]
[]
[]
[]
[]
[]
[]
[]
[]
[]
[]
[]
[]
[]
[]
[]
[]
[]
[]
[]
[2]
[3]
[3]
[3]
[4]
[6]
[6]
[7]
[7]
[7]
[7]
[6]
[5]
[5]
[5]
[5]
[5]
[5, 2]
[4, 6]
[3, 8]
[3, 8]
[3, 8]
[2, 8]
[8]

left_values
[]
[]
[]
[]
[]
[]
[]
[]
[]
[]
[4]
[7]
[13]
[15]
[21]
[23]
[23]
[]
[]
[]
[]
[]
[]
[]
[]
[]
[]
[]
[]
[]
[5]
[6]
[6]
[7]
[7]
[6]
[6]
[5]
[]
[]
[]
[]
[]
[]
[]
[]
[]
[]
[]
[]
