Puzzle number: 15577
width:  33
height:  35
solved_count:  1850
AVE_TIME:  '00:09:15'
ave_time_count:  1084

top_values
[5, 15]
[5, 19]
[33]
[7, 21]
[6, 23]
[6, 23]
[6, 22]
[4, 22]
[1, 13, 1]
[1, 13, 1]
[2, 11, 1]
[1, 11, 1]
[1, 7, 2, 1]
[1, 2, 2, 1]
[1, 6, 1]
[1, 7, 2, 2, 1]
[1, 7, 2, 1]
[2, 11, 1]
[1, 11, 1]
[1, 13, 1]
[4, 21]
[4, 22]
[5, 23]
[5, 22]
[7, 22]
[33]
[5, 19]
[5, 17]
[15]
[]
[]
[]
[]

left_values
[]
[]
[6, 8, 6]
[9, 9]
[8, 8]
[8, 8]
[7, 6]
[7, 4]
[4, 4]
[1, 1]
[1, 1]
[1, 6, 6, 1]
[1, 8, 6, 1]
[1, 9, 11]
[11, 11]
[11, 11]
[12, 12]
[12, 12]
[12, 13]
[12, 13]
[12, 12]
[12, 12]
[10, 10]
[10, 3, 10]
[8, 3, 9]
[8, 1, 9]
[8, 1, 9]
[8, 5, 9]
[8, 5, 9]
[8, 9]
[11, 12]
[8, 6, 9]
[8, 8]
[6, 7]
[6, 6]
