Puzzle number: 155811
width:  45
height:  45
solved_count:  238
AVE_TIME:  '00:11:31'
ave_time_count:  102

top_values
[3, 1, 1]
[10, 2]
[3, 7]
[2, 2, 3]
[1, 2]
[2]
[1]
[1]
[1]
[2, 1]
[3, 1]
[3, 1]
[5, 1]
[3, 8]
[3, 4]
[2]
[2]
[3]
[4]
[2]
[3]
[3]
[3, 7]
[4, 4, 2]
[5, 2]
[4, 1]
[3, 1, 1]
[6]
[2, 3]
[2, 2]
[2, 1]
[1]
[2]
[1]
[3]
[5, 1, 1]
[1, 8, 2, 1]
[11, 1]
[2, 2, 1, 1]
[2, 2, 1]
[1, 3]
[1, 2]
[6, 2]
[5, 2]
[3, 6, 2]

left_values
[1]
[]
[]
[]
[]
[]
[]
[]
[]
[]
[]
[]
[]
[]
[]
[]
[]
[]
[]
[]
[]
[]
[]
[]
[]
[]
[]
[]
[]
[1, 1]
[1, 1, 1]
[3, 3]
[1, 1, 1, 4, 4]
[3, 3, 2, 2, 1, 4, 2]
[4, 5, 5, 3, 2]
[4, 4, 5, 3, 2, 2]
[1, 1, 3, 4, 1]
[1, 2, 2, 2, 1, 2, 1]
[4, 2, 3, 2, 1, 1]
[2, 1, 2, 4, 1, 1]
[2, 1, 2, 2, 1, 1]
[2, 2, 1, 2, 1, 4]
[2, 2, 2, 3, 2, 3, 2]
[5, 12, 3, 1, 1, 5]
[45]
