Puzzle number: 155869
width:  45
height:  45
solved_count:  597
AVE_TIME:  '00:29:08'
ave_time_count:  103

top_values
[1, 2]
[4, 3]
[6, 4]
[8, 4]
[10, 5]
[18]
[21]
[7, 23]
[39]
[40]
[41]
[42]
[43]
[43]
[44]
[44]
[44]
[2, 39]
[2, 9, 23, 4]
[2, 8, 14, 5, 4]
[1, 8, 14, 7, 3]
[1, 8, 7, 3, 7, 3]
[1, 7, 1, 10, 3]
[1, 2, 1, 13, 2]
[1, 3, 1, 16, 2]
[1, 3, 1, 19, 1]
[1, 2, 1, 2, 17, 1]
[2, 1, 3, 5, 11]
[1, 1, 4, 4, 11]
[2, 1, 2, 2, 5, 1, 8]
[2, 1, 3, 1, 5, 1, 8, 1]
[2, 1, 3, 1, 4, 1, 8, 2]
[2, 1, 4, 1, 5, 1, 6, 1, 3]
[2, 2, 6, 4, 5, 1, 2]
[8, 6, 3, 5, 1, 1]
[4, 5, 3, 4, 1, 1]
[1, 2, 2, 2, 1, 4, 1, 1]
[2, 7, 2, 1, 3, 2]
[3, 6, 4, 2, 2]
[4, 6, 5, 2, 2]
[2, 7, 6, 1, 1]
[16, 1, 1]
[15, 1, 1]
[3, 2, 1]
[1]

left_values
[10]
[6, 3]
[6, 2]
[6, 2]
[7, 2]
[8, 2]
[10, 2]
[18, 1]
[19, 2]
[16, 3, 3]
[16, 2, 1]
[16, 11, 2]
[18, 2, 1, 2]
[16, 1, 1, 2]
[15, 1, 1, 1]
[12, 1, 1, 2]
[10, 1, 7, 2]
[11, 2, 10, 1]
[11, 2, 8, 6]
[14, 2, 1, 3, 7]
[14, 4, 2, 7]
[14, 10, 6]
[15, 1, 5]
[14, 4, 1, 4]
[15, 1, 7, 3, 3]
[16, 15, 2]
[16, 12, 1, 1, 2]
[17, 11, 4]
[16, 4, 5, 5]
[17, 7, 1, 5]
[17, 9, 6]
[17, 7, 2, 1, 1, 3]
[17, 9, 1, 1]
[17, 16, 1]
[43]
[39]
[37]
[34]
[23, 9]
[14, 2, 7]
[14, 1, 2]
[18, 3]
[22, 1, 1]
[25, 3, 3]
[27, 14]
