Puzzle number: 15603
width:  50
height:  50
solved_count:  605
AVE_TIME:  '00:46:22'
ave_time_count:  210

top_values
[2, 3, 1, 1, 8, 2]
[1, 2, 2, 1, 1, 10]
[3, 2, 1, 5]
[7, 12, 2]
[1, 2, 2, 8, 3]
[6, 8, 5]
[1, 1, 2, 13, 2]
[6, 2, 9, 3]
[2, 2, 4, 5, 2]
[1, 1, 1, 2, 9, 4, 2, 2]
[2, 8, 2, 1, 7, 5, 4]
[1, 1, 2, 2, 1, 1, 2, 2, 7, 5]
[1, 2, 2, 5, 1, 5, 3, 1, 1]
[1, 1, 2, 3, 1, 1, 8, 3]
[5, 1, 3, 2, 1, 6, 2, 2, 2]
[2, 3, 1, 11, 1, 2]
[3, 3, 1, 1, 15, 1, 2]
[2, 4, 1, 2, 12, 4, 1]
[2, 4, 4, 12, 1, 4, 1]
[2, 4, 2, 4, 7, 6, 1]
[7, 4, 13, 4, 1, 1]
[5, 1, 1, 2, 16, 1, 3, 6]
[5, 1, 1, 21, 4, 1, 3]
[8, 3, 20, 1, 3]
[1, 10, 28, 6]
[1, 27, 7, 7]
[31, 4, 7]
[19, 9, 8, 2, 3]
[37, 7, 1]
[26, 1, 2, 5, 7]
[36, 6]
[26, 1, 10, 3]
[24, 1, 5, 4, 2]
[27, 6]
[25]
[19]
[]
[]
[]
[]
[]
[]
[]
[]
[]
[]
[]
[1]
[1]
[2]

left_values
[1, 3, 1, 1, 9]
[2, 4, 1, 1, 6]
[7, 1, 6]
[1, 1, 1, 13]
[1, 4, 1, 13]
[1, 1, 14]
[1, 1, 5, 16, 1]
[2, 1, 4, 18, 3]
[5, 1, 7, 9]
[1, 1, 1, 1, 7, 9]
[1, 1, 1, 1, 5, 12]
[1, 1, 1, 6, 11]
[1, 7, 2, 1, 13]
[7, 2, 2, 9]
[4, 2, 3, 10]
[1, 14]
[1, 5, 12]
[1, 2, 13]
[3, 13]
[12, 6]
[1, 1, 14]
[1, 2, 17]
[2, 1, 19]
[1, 1, 23]
[7, 20]
[2, 32]
[2, 3, 4, 15, 1, 3]
[1, 6, 23]
[19, 9, 1, 2]
[14, 4, 7, 3, 2]
[11, 6, 5, 5, 3]
[8, 2, 6, 6, 2, 2, 3]
[5, 4, 3, 4, 11, 3]
[2, 4, 2, 4, 1, 2, 14]
[2, 4, 2, 4, 1, 18]
[2, 4, 4, 2, 2, 12]
[1, 1, 1, 2, 1, 2, 2, 3, 5]
[2, 2, 5, 3, 1, 4, 5]
[1, 1, 1, 2, 3, 4, 1, 3, 2]
[1, 4, 3, 2, 1, 1, 4, 2]
[1, 1, 2, 2, 8, 2]
[1, 1, 1, 7, 3]
[4, 2, 3, 3]
[2, 2, 3, 3, 3, 4]
[1, 1, 1, 2, 3, 4]
[2, 1, 10, 2, 4]
[1, 1, 2, 5, 1, 4]
[1, 1, 4, 1, 2]
[1, 1, 2, 2]
[1, 2, 2]
