Puzzle number: 156164
width:  40
height:  50
solved_count:  303
AVE_TIME:  '00:11:40'
ave_time_count:  108

top_values
[18, 23]
[18, 24]
[17, 24]
[16, 24]
[16, 25]
[15, 26]
[14, 27]
[14, 26]
[13, 27]
[12, 29]
[11, 30]
[10, 31]
[9, 31]
[8, 32]
[8, 33]
[6, 35]
[5, 36]
[37]
[33]
[26]
[26]
[23]
[19]
[3, 15, 10]
[4, 12, 14]
[5, 10, 18]
[6, 6, 21]
[7, 3, 23]
[7, 1, 26]
[8, 27]
[8, 29]
[9, 30]
[9, 31]
[9, 31]
[9, 32]
[9, 32]
[9, 33]
[10, 34]
[10, 34]
[10, 35]

left_values
[17, 17]
[17, 17]
[17, 17]
[17, 16]
[17, 15]
[16, 14]
[15, 13]
[15, 1, 11]
[13, 2, 9]
[12, 4, 3]
[11, 6]
[10, 9]
[9, 12]
[8, 12]
[6, 13, 1]
[5, 13, 3]
[3, 14, 4]
[2, 15, 6]
[16, 7]
[17, 8]
[17, 9]
[19, 10]
[19, 10]
[20, 11]
[21, 12]
[22, 12]
[23, 13]
[22, 13]
[22, 14]
[22, 14]
[21, 14]
[21, 15]
[21, 15]
[21, 15]
[21, 15]
[20, 16]
[20, 16]
[19, 16]
[19, 16]
[19, 17]
[19, 17]
[19, 17]
[19, 17]
[19, 17]
[18, 17]
[18, 17]
[18, 17]
[7, 9, 17]
[2, 3, 17]
[5]
