Puzzle number: 156113
width:  45
height:  35
solved_count:  368
AVE_TIME:  '00:06:07'
ave_time_count:  143

top_values
[27]
[28]
[28]
[28]
[29]
[29]
[30]
[30]
[32]
[33]
[34]
[35]
[23, 11]
[19, 10]
[17, 11]
[15, 12]
[14, 12]
[13, 10]
[12, 8]
[11, 6]
[9, 4]
[8, 4]
[8, 3]
[7, 2, 5]
[5, 16]
[4, 20]
[27]
[28]
[28]
[28]
[26]
[25]
[24]
[1, 21]
[21]
[23]
[22]
[21]
[21]
[21]
[21]
[20]
[19]
[19]
[17]

left_values
[24, 6, 9]
[25, 6, 10]
[26, 6, 10]
[45]
[45]
[45]
[24, 19]
[23, 19]
[21, 19]
[20, 19]
[20, 19]
[19, 20]
[18, 20]
[17, 20]
[16, 20]
[15, 21]
[15, 22]
[14, 22]
[14, 2, 20]
[13, 3, 18]
[13, 3, 17]
[13, 4, 13]
[13, 4, 12]
[12, 5, 12]
[13, 6, 9]
[20, 8]
[19, 7]
[18, 7]
[15, 5]
[12, 3]
[10, 2]
[10]
[8]
[7]
[6]
