Puzzle number: 156205
width:  50
height:  45
solved_count:  4
AVE_TIME:  '00:21:29'
ave_time_count:  4

top_values
[15, 17, 2]
[5, 8, 21]
[5, 4, 23]
[7, 26]
[10, 24]
[11, 24]
[37]
[38]
[31, 4]
[15, 14, 6]
[14, 17, 10]
[2, 7, 30]
[2, 4, 31]
[5, 2, 22, 6]
[8, 2, 22, 5]
[13, 23, 4]
[11, 25, 3]
[9, 31]
[7, 31]
[5, 31, 2]
[2, 37]
[2, 39]
[3, 40]
[38, 5]
[37, 4]
[36, 4]
[35, 4]
[2, 33, 5]
[4, 31, 3]
[5, 30, 2]
[5, 32]
[6, 30]
[5, 27]
[2, 14, 13]
[2, 10, 2, 3, 10]
[2, 9, 4, 5, 4]
[2, 8, 4, 7, 2]
[1, 8, 13]
[2, 7, 14]
[3, 7, 13]
[3, 8, 13]
[3, 7, 12]
[4, 7, 13]
[13, 13]
[14, 12]
[15, 11]
[15, 8]
[15, 9]
[25]
[14, 9]

left_values
[19, 1, 5]
[20, 3, 5]
[11, 12, 5]
[11, 8, 3, 5]
[11, 7, 4, 4]
[1, 9, 6, 6, 2]
[2, 9, 5, 9, 2]
[2, 9, 4, 9, 2]
[2, 9, 3, 11, 2]
[3, 9, 2, 13, 2]
[3, 8, 2, 15, 3]
[3, 6, 1, 17, 2]
[4, 6, 2, 19, 2]
[2, 8, 2, 21, 3]
[1, 7, 2, 21, 3]
[7, 2, 23, 3]
[38, 3]
[40, 4]
[41, 4]
[42, 5]
[36, 12]
[34, 12]
[35, 11]
[36, 10]
[33, 2, 1, 10]
[34, 4, 9]
[34, 5, 8]
[35, 5, 7]
[35, 4, 6]
[35, 5, 6]
[9, 24, 7, 5]
[8, 33, 5]
[8, 34, 4]
[8, 34, 3]
[9, 35, 2]
[45, 1]
[5, 23, 5, 10, 3]
[4, 21, 2, 2, 13]
[4, 12, 2, 1, 11]
[5, 7, 2, 1, 10]
[6, 2, 4, 3, 2, 9]
[6, 2, 9, 1, 8]
[8, 9, 1, 8]
[8, 9, 2, 7]
[7, 9, 1, 7]
