Puzzle number: 15641
width:  50
height:  50
solved_count:  465
AVE_TIME:  '01:52:34'
ave_time_count:  148

top_values
[4, 1, 4, 6]
[2, 2, 1, 3, 4, 2, 2]
[2, 1, 4, 5, 3, 1]
[1, 1, 1, 9, 3, 1]
[1, 2, 1, 11, 4, 1]
[3, 2, 3, 3, 7, 4, 1]
[1, 1, 10, 6, 1]
[2, 1, 1, 8, 3, 3, 1, 3]
[2, 3, 2, 8, 3, 1]
[1, 1, 4, 2, 1, 2, 5, 2]
[1, 7, 2, 1, 1, 1, 4]
[10, 2, 2, 1, 1, 2, 1, 1]
[1, 1, 3, 5, 2, 4]
[2, 6, 6, 1, 4]
[11, 6, 2, 2, 2]
[8, 13, 2, 2, 2]
[1, 1, 16, 1, 1, 1]
[4, 14, 2, 2, 2]
[2, 9, 13, 9]
[1, 1, 3, 3, 13, 2, 5, 4]
[8, 1, 10, 2, 4]
[11, 9, 2, 2]
[1, 12, 7, 5, 2]
[6, 8, 7, 4, 3]
[5, 9, 7, 2, 3]
[4, 20, 4]
[2, 21, 5]
[3, 20, 3]
[20, 4, 1]
[1, 3, 15, 2, 1, 2, 2]
[6, 12, 2, 1]
[2, 15, 2, 1]
[5, 10, 2]
[2, 1, 3, 5, 3]
[1, 7, 3, 2]
[6, 6, 3, 2, 2]
[1, 8, 2]
[1, 8, 2, 3]
[3, 7, 2]
[1, 6, 3, 5]
[3, 2, 4, 6]
[2, 5, 1, 18]
[7, 1, 19]
[1, 2, 7, 8]
[4, 9, 9]
[4, 12, 8]
[2, 1, 11, 11]
[1, 1, 27]
[18, 9]
[16, 3, 6]

left_values
[1, 2, 1, 3, 2, 1, 2, 3]
[1, 1, 2, 3, 1, 1, 2, 3]
[1, 1, 1, 3, 1, 1, 1, 2, 2]
[1, 1, 1, 4, 1, 1, 1, 2, 1, 1, 2]
[1, 1, 1, 7, 6, 5]
[3, 1, 2, 7, 4, 1, 5]
[2, 3, 1, 5, 3, 2, 1, 1, 3, 2]
[3, 1, 1, 1, 4, 15, 1]
[1, 1, 1, 14, 3, 8]
[1, 4, 2, 15, 7]
[2, 2, 1, 2, 13, 9]
[3, 5, 2, 19]
[1, 2, 3, 18]
[4, 3, 4, 12, 2]
[1, 1, 1, 2, 21, 2]
[2, 2, 1, 11, 12]
[3, 14, 12]
[2, 1, 15, 10]
[3, 4, 9, 9, 1]
[7, 19, 2]
[1, 4, 17, 5]
[1, 4, 17, 1, 2]
[6, 18, 2, 3]
[29, 7]
[29, 8]
[7, 3, 13, 1, 7]
[4, 11, 8, 7]
[1, 8, 6, 1, 8]
[17]
[15]
[4, 6]
[2, 2, 2, 5]
[2, 2, 3, 2, 4]
[3, 2, 2, 4]
[4, 1, 2, 7, 2, 2]
[1, 15, 1, 1, 2, 2]
[2, 1, 1, 2, 2, 1, 2, 2]
[5, 1, 6, 2, 2]
[6, 6, 3, 9, 1, 2, 1, 2]
[5, 11, 6, 1, 1, 6, 2, 1]
[3, 2, 4, 2, 1, 11]
[3, 2, 2, 1, 11]
[3, 1, 4, 10]
[2, 1, 11]
[1, 4, 10]
[1, 9]
[1, 1, 2, 7]
[1, 1, 2, 5]
[2, 1, 4, 1, 3]
[4, 1, 1, 1, 4, 2]
