Puzzle number: 156565
width:  50
height:  40
solved_count:  129
AVE_TIME:  '00:15:06'
ave_time_count:  104

top_values
[]
[]
[]
[]
[]
[]
[]
[]
[4]
[11]
[19]
[3, 13]
[5, 15]
[24]
[4, 21]
[3, 22]
[4, 24]
[31]
[32]
[33]
[33]
[34]
[34]
[33]
[5, 24]
[5, 24]
[30]
[4, 23]
[4, 24]
[4, 23]
[4, 23]
[4, 22]
[3, 23]
[26]
[2, 22]
[2, 21]
[3, 2, 18, 1]
[4, 3, 15, 1]
[5, 2, 13, 1]
[2, 4, 12, 1]
[2, 4, 16, 1]
[2, 17]
[3, 15]
[3, 14]
[4, 14]
[5, 12]
[4, 12]
[5, 11]
[1, 3, 8]
[2, 12, 1]

left_values
[9]
[18]
[8, 3, 8]
[10, 3, 5, 1]
[9, 2, 1, 3, 4]
[6, 2, 2, 2, 4]
[6, 4, 1, 3, 2]
[8, 8, 2, 3, 2]
[6, 10, 1, 3, 1]
[7, 12, 8, 1]
[32, 1]
[34]
[35]
[36]
[2, 33]
[1, 33]
[2, 34]
[1, 34]
[1, 35]
[36]
[37]
[29, 5]
[29, 2, 1]
[1, 26, 1]
[1, 25, 1]
[1, 25]
[1, 22, 2]
[23]
[23]
[22]
[20]
[18]
[17]
[16]
[15]
[15]
[16]
[15]
[15]
[14, 5, 1]
