Puzzle number: 156606
width:  50
height:  50
solved_count:  363
AVE_TIME:  '00:09:13'
ave_time_count:  119

top_values
[46]
[46]
[45]
[45]
[45]
[45]
[44]
[44]
[44]
[44]
[44]
[43]
[43]
[43]
[30, 12]
[30, 11]
[30, 10]
[31, 8]
[33, 7, 2]
[34, 5, 3]
[35, 4, 5]
[36, 3, 6]
[37, 2, 7]
[37, 2, 8]
[40, 8]
[39, 9]
[39, 9]
[38, 9]
[37, 9]
[37, 8]
[36, 7]
[35, 6]
[1, 5, 28, 4]
[1, 4, 27, 2]
[2, 4, 26, 4]
[3, 4, 26, 7]
[3, 3, 25, 8]
[3, 2, 24, 8]
[3, 1, 21, 9]
[3, 3, 7, 14, 10]
[16, 12, 10]
[15, 10, 11]
[14, 10, 11]
[13, 10, 10]
[13, 10, 11]
[12, 11, 11]
[11, 22]
[11, 21]
[11, 20]
[10, 19]

left_values
[28, 4, 11]
[30, 3, 11]
[32, 3, 11]
[33, 2, 10]
[34, 2, 10]
[36, 1, 10]
[37, 12]
[37, 11]
[32, 4, 11]
[33, 1, 10]
[36, 1, 9]
[37, 7]
[38, 6]
[38, 4]
[42]
[41]
[40]
[40]
[39]
[39]
[39]
[40]
[40]
[41]
[47]
[50]
[50]
[50]
[50]
[50]
[14, 33]
[16, 32]
[17, 32]
[17, 31]
[18, 21, 5]
[19, 17, 4]
[20, 12, 5]
[21, 7, 6]
[27, 8]
[25, 9]
[22, 11]
[19, 4, 12]
[15, 7, 14]
[11, 9, 15]
[6, 11, 15]
[2, 12, 15]
[26]
[14, 11]
[15, 8]
[15, 7]
