Puzzle number: 156667
width:  40
height:  45
solved_count:  237
AVE_TIME:  '00:10:26'
ave_time_count:  122

top_values
[22, 2, 2]
[8, 13, 2, 3]
[8, 13, 2, 3]
[8, 14, 3, 3]
[7, 14, 3, 3]
[7, 14, 4, 3]
[7, 15, 4, 3]
[8, 15, 3, 3]
[10, 16, 3, 3]
[10, 18, 4, 2]
[10, 19, 6, 2]
[10, 28, 2]
[10, 28, 1]
[12, 27, 1]
[12, 30]
[2, 10, 29]
[2, 10, 28]
[2, 9, 27]
[2, 9, 26]
[3, 9, 25]
[4, 8, 24]
[5, 9, 23]
[5, 8, 22]
[6, 8, 21]
[6, 10, 20]
[7, 10, 19]
[8, 10, 17]
[7, 12, 16]
[8, 14, 16]
[8, 31]
[1, 41]
[2, 40]
[3, 39]
[3, 3, 32]
[4, 2, 32]
[5, 2, 23, 6]
[6, 2, 24, 4]
[7, 1, 1, 21, 3]
[7, 23, 3]
[8, 21, 1]

left_values
[24, 10]
[27, 9]
[15, 10, 8]
[17, 10, 6]
[18, 10, 5]
[20, 9, 4]
[20, 9, 3]
[4, 15, 9, 1]
[1, 15, 10]
[1, 17, 9]
[4, 13, 4, 2]
[7, 14, 3]
[10, 13, 3]
[12, 11, 5]
[13, 18]
[15, 16]
[16, 14]
[17, 15]
[18, 15]
[19, 15]
[20, 14]
[21, 13]
[21, 13]
[20, 13]
[20, 12]
[19, 12]
[19, 12]
[18, 11]
[18, 11]
[31]
[30]
[30]
[29]
[29]
[2, 30]
[7, 30]
[38]
[32, 4]
[30, 2]
[27, 2]
[25]
[25]
[8, 25]
[12, 25]
[40]
