Puzzle number: 156611
width:  50
height:  50
solved_count:  339
AVE_TIME:  '00:09:44'
ave_time_count:  112

top_values
[]
[]
[]
[]
[]
[]
[]
[]
[]
[]
[]
[]
[]
[]
[]
[]
[]
[4, 18]
[2, 3, 4, 15]
[3, 2, 1, 2, 14]
[3, 2, 3, 2, 13]
[3, 25]
[3, 21]
[3, 2, 5]
[3, 3, 3]
[3, 5, 1]
[3, 9]
[3, 9]
[3, 3, 4]
[2, 1, 1, 2]
[2, 2, 2, 2]
[1, 5, 2]
[1, 7, 2]
[2, 9]
[2, 2, 4]
[3, 2, 1, 3]
[3, 3, 23]
[3, 30]
[2, 31]
[1, 3, 10, 1, 12]
[1, 2, 8, 19]
[1, 8, 4, 13]
[1, 21]
[1, 8, 3, 1, 12]
[2, 7, 18]
[31]
[16]
[]
[]
[1]

left_values
[23]
[13, 6]
[10, 3]
[]
[]
[]
[]
[]
[]
[]
[]
[]
[]
[]
[]
[]
[]
[]
[]
[8]
[4, 3]
[3, 1, 1, 2]
[2, 2, 1, 2]
[6, 4]
[11, 4]
[5, 16, 4]
[12, 4, 5, 4]
[2, 8, 3, 6, 4]
[1, 4, 4, 1, 3, 6, 4]
[2, 3, 3, 1, 3, 5, 1, 3]
[1, 4, 4, 1, 3, 4, 3, 2]
[1, 3, 3, 2, 8, 2]
[3, 4, 21]
[1, 14, 3, 3, 3]
[1, 5, 3, 1, 1, 3]
[2, 2, 5, 5]
[3, 2, 3, 1, 1, 2]
[6, 3, 3, 2]
[6, 10]
[6, 10]
[6, 10]
[6, 10]
[6, 10]
[6, 10]
[6, 10]
[6, 10]
[5, 10]
[5, 11]
[5, 11, 1]
[5, 11]
