Puzzle number: 156896
width:  50
height:  40
solved_count:  264
AVE_TIME:  '00:06:57'
ave_time_count:  147

top_values
[]
[]
[17]
[30]
[1, 27]
[2, 21]
[3, 13]
[4, 6]
[5]
[7]
[7]
[6]
[4]
[]
[]
[]
[]
[]
[]
[]
[]
[]
[]
[]
[3]
[3]
[3, 6]
[10]
[10]
[9]
[9]
[8, 1]
[6, 2]
[9]
[8, 1]
[7, 1]
[19, 2]
[21, 3]
[23, 3]
[24, 8]
[40]
[40]
[40]
[27, 8]
[27, 5]
[27]
[27]
[28]
[29]
[29]

left_values
[6, 22]
[6, 22]
[5, 23]
[4, 24]
[4, 25]
[3, 26]
[3, 2, 5, 17]
[3, 1, 5, 2, 14]
[1, 2, 5, 2, 14]
[1, 2, 3, 2, 14]
[2, 1, 2, 14]
[2, 2, 14]
[2, 1, 14]
[3, 1, 14]
[3, 14]
[3, 14]
[3, 14]
[3, 14]
[3, 14]
[4, 13]
[4, 13]
[4, 12]
[4, 12]
[4, 11]
[4, 10]
[3, 10]
[3, 10]
[4, 3, 3]
[4, 3, 2]
[4, 3]
[4, 3]
[4, 4]
[4, 6]
[4, 6]
[5, 6]
[5, 6]
[5, 6]
[5, 7]
[5, 8]
[5, 9]
