Puzzle number: 157024
width:  40
height:  40
solved_count:  447
AVE_TIME:  '00:03:23'
ave_time_count:  135

top_values
[]
[]
[]
[]
[]
[]
[]
[]
[]
[]
[]
[]
[10]
[12]
[7, 4]
[1, 6]
[7]
[4]
[1, 4, 3]
[2, 5, 2]
[3, 4, 2]
[4, 1]
[4, 4]
[7, 4]
[13]
[12]
[11]
[10]
[10]
[9]
[8]
[7]
[7]
[6]
[5]
[5]
[4]
[3]
[2]
[1]

left_values
[4, 16]
[3, 16]
[3, 17]
[3, 17]
[3, 17]
[3, 16]
[3, 10]
[2, 2, 8]
[2, 2, 3, 6]
[5, 3, 7]
[4, 3, 5]
[5, 2, 4]
[5, 3]
[6]
[6]
[]
[]
[]
[]
[]
[]
[]
[]
[]
[]
[]
[]
[]
[]
[]
[]
[]
[]
[]
[]
[]
[]
[]
[]
[]
