Puzzle number: 157199
width:  45
height:  40
solved_count:  290
AVE_TIME:  '00:06:36'
ave_time_count:  100

top_values
[5, 16, 4]
[8, 10, 5]
[17, 8]
[33]
[4, 24]
[2, 26]
[11, 10]
[8]
[4]
[3]
[2]
[1]
[]
[]
[5]
[9]
[10]
[8]
[5]
[3]
[3]
[2]
[1]
[]
[]
[]
[]
[]
[]
[]
[]
[]
[]
[]
[]
[]
[]
[]
[]
[]
[]
[]
[]
[]
[]

left_values
[3, 3, 3]
[4, 3, 3]
[4, 7]
[5, 6]
[8, 5]
[5, 2, 5]
[5, 2, 5]
[4, 2, 3]
[4, 3, 2]
[4, 2, 1]
[3, 2]
[6]
[5]
[4]
[1, 4]
[1, 4]
[1, 4]
[6]
[6]
[6]
[6]
[2, 3]
[2, 4]
[2, 4]
[2, 4]
[2, 4]
[2, 4]
[1, 4]
[1, 4]
[1, 4]
[5]
[5]
[4]
[4]
[4]
[4]
[4]
[3]
[2]
[]
