Puzzle number: 157239
width:  35
height:  35
solved_count:  1059
AVE_TIME:  '00:10:23'
ave_time_count:  320

top_values
[1]
[1]
[2]
[2]
[2, 2]
[2, 4]
[2, 6]
[2, 9, 8]
[2, 12, 3, 4]
[2, 4, 8]
[3, 4, 7]
[4, 3, 8]
[4, 3, 8]
[4, 3, 3, 4]
[4, 4, 3, 4]
[4, 5, 3, 3]
[22, 3]
[22, 3]
[4, 5, 3, 3]
[4, 4, 3, 4]
[4, 3, 3, 4]
[4, 3, 8]
[4, 3, 8]
[3, 4, 7]
[2, 4, 8]
[2, 12, 3, 4]
[2, 9, 8]
[2, 6]
[2, 4]
[2, 2]
[2]
[2]
[2]
[1]
[1]

left_values
[2]
[14]
[35]
[31]
[12]
[2]
[4]
[6]
[8]
[10]
[14]
[4, 2, 4]
[4, 2, 4]
[3, 2, 3]
[3, 2, 3]
[2, 2, 2]
[2, 2, 2]
[2, 2, 2]
[2, 2, 2]
[20]
[20]
[20]
[6, 6]
[6, 6]
[6, 6]
[18]
[2, 12, 2]
[2, 6, 2]
[1, 1]
[2, 2]
[4, 4]
[5, 5]
[5, 5]
[4, 4]
[2, 2]
