Puzzle number: 157431
width:  35
height:  50
solved_count:  313
AVE_TIME:  '00:06:11'
ave_time_count:  127

top_values
[41]
[49]
[19, 25]
[25, 21]
[29, 18]
[32, 15]
[35, 12]
[38, 9]
[41, 6]
[44, 2]
[22, 3]
[18]
[15, 3]
[13, 5]
[11, 5]
[18]
[16]
[16]
[15]
[14]
[14]
[14]
[14]
[15, 3]
[15, 4]
[16, 4]
[18, 7]
[22, 10]
[35]
[33]
[31]
[28]
[24]
[20]
[14]

left_values
[31]
[32]
[33]
[34]
[34]
[35]
[35]
[35]
[35]
[35]
[35]
[14, 20]
[14, 20]
[13, 20]
[13, 5, 12]
[12, 4, 10]
[12, 3, 9]
[12, 3, 9]
[11, 2, 8]
[2, 8, 2, 7]
[2, 8, 2, 7]
[2, 8, 1, 7]
[2, 7, 6]
[2, 7, 5]
[2, 7, 5]
[3, 6, 5]
[3, 6, 4]
[3, 6, 5]
[3, 6, 5]
[4, 5, 4]
[4, 5, 4]
[4, 5, 3]
[5, 4, 4]
[5, 4, 3]
[5, 4, 3]
[6, 3, 2]
[6, 3, 3]
[6, 3, 2]
[7, 2, 3]
[7, 2, 2]
[7, 2, 1]
[7, 1, 2]
[7, 1, 1]
[7, 2, 1]
[8, 1]
[8, 1]
[8]
[8]
[9]
[8]
