Puzzle number: 157425
width:  45
height:  50
solved_count:  26
AVE_TIME:  '00:35:40'
ave_time_count:  26

top_values
[5, 9, 4, 4]
[6, 9, 2, 4]
[6, 9, 4]
[5, 9, 3, 3]
[5, 9, 5, 3]
[5, 9, 5, 2]
[5, 11, 5, 1]
[5, 11, 6]
[5, 11, 6]
[5, 11, 5]
[5, 11, 5]
[5, 11, 3]
[5, 12]
[4, 11, 3]
[5, 11, 6]
[5, 10, 6]
[6, 11, 6]
[18, 6]
[19, 6]
[5, 18, 7]
[8, 16, 6]
[9, 13, 5]
[10, 12]
[11, 11, 6]
[10, 9, 7, 4]
[11, 8, 8, 6]
[4, 6, 7, 8, 5]
[4, 5, 5, 6, 5]
[4, 6, 4, 6, 4]
[4, 5, 4, 4, 4]
[4, 5, 2, 3, 5]
[4, 8, 2, 1, 5, 1]
[4, 9, 1, 5, 3]
[8, 9, 5, 4]
[7, 10, 6, 5]
[7, 10, 6, 6]
[7, 10, 6, 7]
[8, 10, 13]
[9, 11, 12]
[11, 11, 11]
[11, 6, 10]
[11, 5, 10]
[15, 6, 13]
[15, 7, 12]
[23, 10]

left_values
[1]
[2]
[3]
[3]
[4]
[4]
[12, 4]
[16, 5]
[19, 6]
[20, 6]
[20, 7]
[3, 6, 7, 1]
[5, 8, 1, 2]
[7, 5, 4, 4, 2, 1, 3]
[15, 4, 3, 4, 3, 2, 3]
[22, 4, 16]
[22, 3, 15]
[23, 3, 14]
[23, 4, 13]
[24, 3, 12]
[24, 4, 2, 10]
[25, 7, 9]
[25, 7, 8]
[20, 8, 7]
[14, 8, 5]
[6, 11, 9, 4]
[8, 9, 9, 2]
[1, 8, 3, 8, 10, 1]
[2, 8, 5, 6, 13]
[2, 8, 7, 6, 12]
[1, 5, 7, 5, 11]
[8, 4, 11]
[8, 3, 3, 10]
[6, 4, 3, 4, 3]
[4, 6, 2, 3, 2]
[3, 8, 2, 1]
[9, 3, 1]
[8, 5, 1]
[6, 8, 2]
[4, 10, 2]
[1, 16]
[17]
[6, 8]
[5, 9]
[4, 10]
[3, 11]
[3, 4, 12]
[5, 3, 13]
[6, 2, 13]
[7, 2, 14]
