Puzzle number: 157481
width:  65
height:  75
solved_count:  34
AVE_TIME:  '01:52:57'
ave_time_count:  34

top_values
[30]
[13]
[6, 17, 9]
[6, 25, 14]
[3, 30, 16]
[2, 53]
[2, 23, 23]
[2, 12, 6, 18]
[2, 10, 9, 13]
[1, 5, 17, 20]
[2, 4, 9, 4, 16, 21]
[1, 4, 13, 3, 3, 7, 20]
[2, 3, 18, 6, 5, 16]
[2, 12, 4, 1, 5, 5, 11]
[1, 9, 6, 3, 2, 4, 10]
[2, 6, 3, 7, 2, 2, 6, 6, 3, 1]
[1, 7, 5, 11, 2, 2, 4, 4, 3, 1]
[2, 8, 9, 1, 7, 5, 3, 2, 1]
[1, 6, 11, 6, 4, 2, 4]
[1, 7, 4, 9, 15, 4, 2, 7]
[2, 11, 10, 9, 4, 3, 1, 8]
[2, 9, 4, 4, 2, 6, 6, 8]
[1, 13, 2, 2, 2, 7, 2, 5, 2]
[1, 12, 4, 5, 11, 8, 1, 4]
[1, 6, 3, 2, 4, 7, 2, 2, 3, 2, 3]
[1, 6, 9, 2, 5, 3, 2, 2, 3, 2, 4]
[1, 18, 2, 4, 1, 2, 2, 3, 3, 4]
[1, 8, 8, 6, 3, 3, 6, 2, 1, 4]
[1, 6, 15, 4, 4, 2, 1, 2]
[1, 5, 19, 4, 2, 2, 1, 1]
[1, 5, 4, 9, 11, 1, 2, 1]
[1, 21, 7, 3, 3, 1]
[1, 11, 3, 9, 3, 1]
[1, 10, 11, 3, 2]
[2, 22, 6, 2, 2]
[2, 9, 4, 9, 1, 2]
[2, 17, 3, 10, 2]
[2, 18, 9, 4, 2]
[2, 27, 2, 2]
[1, 10, 12, 2, 2]
[2, 11, 9, 1, 2]
[2, 14, 15, 2, 4]
[3, 14, 8, 4, 2, 10]
[5, 24, 1, 5, 2]
[6, 23, 1, 6, 13, 1]
[5, 16, 7, 7, 16, 5]
[5, 13, 4, 12, 22]
[6, 13, 3, 31, 2]
[7, 14, 38]
[8, 24, 18]
[9, 14, 15]
[21, 23, 9]
[53, 5]
[9, 26, 8]
[7, 33, 6]
[8, 21, 12, 4]
[12, 9, 10, 2]
[11, 11, 9]
[10, 13]
[10, 11]
[14, 13]
[16, 11]
[20, 4]
[23, 1]
[25]

left_values
[19]
[5, 7]
[3, 9, 3]
[3, 13, 4, 4]
[2, 22, 4]
[3, 24, 4]
[3, 28, 5]
[2, 18, 11, 6]
[2, 14, 2, 12, 5]
[2, 15, 2, 12, 4]
[2, 4, 5, 4, 2, 14, 3]
[2, 4, 6, 4, 2, 15, 4]
[2, 4, 4, 1, 2, 2, 5, 9, 4]
[1, 4, 4, 2, 2, 2, 6, 10, 5]
[1, 4, 5, 1, 1, 1, 2, 1, 2, 1, 10, 5]
[2, 4, 4, 1, 1, 1, 3, 1, 1, 1, 3, 7, 6]
[2, 4, 4, 2, 1, 1, 7, 1, 1, 3, 8, 7]
[1, 4, 4, 2, 1, 12, 1, 3, 7, 6]
[2, 5, 3, 2, 6, 7, 1, 3, 7, 7]
[2, 5, 3, 4, 2, 6, 1, 4, 8, 7]
[3, 4, 3, 5, 2, 5, 1, 3, 8, 6]
[2, 4, 3, 5, 1, 8, 2, 2, 7, 6]
[2, 4, 3, 5, 2, 7, 7, 7, 3, 2]
[2, 3, 2, 6, 3, 15, 7, 2, 3]
[2, 3, 2, 7, 4, 3, 9, 7, 2, 2]
[2, 4, 2, 19, 2, 13, 2, 1, 2]
[2, 4, 22, 2, 18, 5]
[2, 4, 11, 9, 18, 5]
[2, 14, 19, 12]
[2, 8, 3, 18, 11]
[2, 7, 6, 32, 3]
[1, 7, 1, 1, 2, 8, 15, 3]
[1, 7, 2, 3, 3, 8, 15, 3]
[1, 17, 2, 13, 1, 4, 2, 4, 4]
[1, 4, 11, 2, 4, 7, 1, 3, 4, 3]
[1, 3, 2, 3, 3, 2, 7, 2, 2, 1, 4, 4, 3]
[1, 3, 2, 1, 3, 2, 8, 10, 5, 3]
[1, 3, 2, 7, 1, 5, 2, 5, 5, 3]
[1, 3, 2, 4, 1, 1, 2, 5, 5, 3]
[1, 4, 3, 2, 1, 8, 6, 3]
[1, 5, 3, 2, 1, 7, 7, 2]
[]
