Puzzle number: 157878
width:  45
height:  45
solved_count:  64
AVE_TIME:  '00:10:55'
ave_time_count:  64

top_values
[9, 6]
[9, 7]
[10, 7]
[9, 7]
[9, 7]
[9, 7]
[9, 7]
[9, 6]
[9, 5]
[8, 4]
[9, 2]
[8]
[8, 3]
[8, 4]
[9, 5]
[8, 6]
[9, 6, 3]
[8, 7, 4]
[8, 12]
[9, 12, 1]
[8, 13, 2]
[8, 12, 2, 3]
[8, 12, 4, 2]
[9, 13, 6, 2]
[9, 24]
[9, 25]
[10, 25]
[11, 27]
[12, 28]
[45]
[45]
[31]
[29]
[28]
[26]
[25]
[24]
[22]
[21]
[20]
[18]
[17]
[15]
[13]
[10]

left_values
[11]
[17]
[23]
[27]
[30]
[33]
[35]
[37]
[38]
[40]
[16, 18]
[15, 17]
[14, 16]
[12, 16]
[11, 16]
[9, 15]
[8, 15]
[7, 15]
[5, 15]
[4, 14]
[3, 15]
[1, 15]
[15]
[17]
[19]
[20]
[20]
[22]
[21]
[20]
[19]
[13]
[15]
[15]
[15]
[4, 7]
[8]
[10]
[6, 10]
[8, 9]
[9, 9]
[10, 8]
[10, 3, 7]
[11, 11]
[11, 10]
