Puzzle number: 157988
width:  45
height:  40
solved_count:  302
AVE_TIME:  '00:14:24'
ave_time_count:  117

top_values
[6, 3, 2, 20]
[5, 3, 3, 21]
[3, 2, 2, 3, 20]
[2, 2, 3, 3, 20]
[3, 2, 2, 3, 19]
[2, 2, 3, 3, 19]
[2, 2, 2, 3, 19]
[2, 2, 2, 3, 18]
[3, 2, 2, 3, 14, 3]
[2, 2, 2, 3, 13, 2]
[2, 2, 2, 2, 13]
[2, 2, 2, 3, 13, 2]
[5, 1, 3, 12, 2]
[5, 6, 12, 2]
[4, 2, 3, 12, 2]
[2, 2, 2, 2, 11, 3]
[7, 3, 15]
[7, 3, 15]
[7, 3, 15]
[5, 5, 14]
[7, 3, 14]
[2, 8, 13]
[5, 5, 9, 4]
[2, 7, 8, 4]
[5, 5, 8, 3]
[7, 2, 8]
[10, 7]
[3, 10, 7, 2]
[4, 10, 7, 2]
[5, 9, 6, 2]
[5, 10, 6, 3]
[6, 9, 10]
[5, 9, 10]
[5, 8, 9]
[4, 9, 9]
[5, 8, 9]
[4, 8, 9]
[7, 8]
[8, 8]
[7, 8]
[4, 8]
[9]
[4, 5]
[4, 4]
[3, 4]

left_values
[1]
[3]
[5]
[6]
[2, 5]
[4, 4]
[4, 4]
[2, 4, 4]
[4, 4, 4]
[6, 10, 4]
[5, 5, 4, 6]
[3, 5, 11, 7]
[5, 4, 10, 9]
[7, 5, 5, 5, 8]
[7, 10, 5, 6]
[2, 9, 4, 11, 4]
[4, 7, 4, 10, 2]
[7, 7, 5, 10]
[9, 7, 16]
[12, 23]
[15, 7, 14]
[17, 20]
[19, 16]
[23, 14]
[26, 11]
[29, 7]
[33, 3]
[37]
[44]
[45]
[45]
[45]
[8, 6, 11]
[10, 13, 16]
[10, 14, 18]
[8, 10, 15]
[4, 3, 4]
[3]
[]
[]
