Puzzle number: 157944
width:  50
height:  45
solved_count:  42
AVE_TIME:  '00:14:00'
ave_time_count:  42

top_values
[10, 7, 9]
[10, 5, 10]
[10, 11]
[17, 11]
[18, 11]
[19, 12]
[19, 12]
[18, 12]
[17, 11]
[17, 11]
[16, 12]
[16, 12]
[15, 13]
[15, 14]
[14, 15]
[12, 16]
[12, 17]
[10, 18]
[8, 19]
[6, 20]
[3, 18]
[13]
[11, 7]
[9]
[12]
[22]
[22]
[22]
[22]
[22]
[14]
[10]
[5, 3]
[9, 6]
[21]
[20]
[20]
[2, 19]
[4, 18]
[5, 17]
[8, 16]
[10, 15]
[12, 14]
[14, 13]
[17, 12]
[19, 11]
[20, 10]
[19, 10]
[19, 9]
[18, 8]

left_values
[]
[]
[]
[]
[]
[]
[]
[]
[]
[1]
[2]
[3, 2]
[5, 5]
[8, 6]
[15, 7]
[17, 9]
[18, 10]
[19, 10]
[20, 11]
[20, 12]
[19, 13]
[18, 13]
[17, 12]
[17, 5, 10]
[16, 2, 5, 3, 9]
[15, 4, 5, 5, 8]
[1, 14, 5, 5, 6, 8]
[1, 12, 6, 5, 7, 7]
[2, 11, 7, 5, 8, 6]
[2, 8, 8, 6, 8, 5]
[2, 5, 9, 6, 9, 3]
[2, 2, 10, 7, 10, 1]
[2, 13, 7, 11]
[18, 8, 11]
[21, 8, 12]
[21, 8, 14]
[22, 9, 15]
[21, 9, 16]
[21, 10, 16]
[21, 10, 17]
[21, 10, 17]
[21, 9, 17]
[21, 9, 18]
[20, 8, 18]
[8, 8, 8, 18]
