Puzzle number: 158181
width:  50
height:  50
solved_count:  92
AVE_TIME:  '00:17:06'
ave_time_count:  92

top_values
[48]
[19, 29]
[5, 10, 28]
[16, 1, 28]
[15, 29]
[13, 11, 17]
[12, 11, 17]
[11, 1, 8, 20]
[11, 15, 14]
[3, 6, 11, 3, 14]
[9, 11, 3, 14]
[2, 6, 11, 3, 14]
[8, 11, 6, 11]
[8, 12, 18]
[7, 1, 28]
[7, 11, 14]
[6, 7, 5, 11]
[6, 14, 11]
[6, 1, 2, 5, 11]
[5, 2, 17]
[5, 6, 21]
[5, 2, 1, 1, 1, 17]
[5, 19]
[5, 20]
[5, 1, 20]
[5, 1, 19]
[5, 19]
[5, 1, 3, 14]
[5, 2, 18]
[5, 2, 18]
[5, 2, 1, 1, 17]
[5, 2, 20]
[5, 4, 19]
[5, 3, 1, 2, 15]
[6, 3, 18]
[6, 2, 18]
[6, 2, 1, 17]
[7, 3, 20]
[2, 4, 3, 19]
[8, 3, 1, 1, 14]
[2, 4, 3, 2, 15]
[8, 3, 2, 18]
[3, 4, 2, 1, 14]
[2, 5, 3, 15]
[1, 9, 3, 15]
[9, 2, 15]
[1, 8, 4, 2, 5]
[9, 7, 4]
[2, 10, 1, 3, 2, 1]
[1, 10, 6]

left_values
[38, 1]
[42, 1]
[11, 26, 1, 4, 2]
[9, 30, 5, 1]
[42, 4]
[19, 15]
[2, 13, 13]
[14, 11]
[12, 9]
[10, 7]
[9, 6]
[7, 5]
[6, 3]
[5, 2]
[5, 2]
[4, 1]
[3]
[2]
[2]
[2, 1, 1, 6, 2, 2]
[1, 6, 2, 1]
[2, 10, 1]
[15, 1, 3]
[15, 2, 14]
[16, 1, 1, 15]
[19, 1, 1, 6]
[18]
[18]
[20, 1, 1, 1, 1, 1]
[7, 13, 1]
[9, 5, 1, 2, 1, 1, 2]
[9, 4, 7, 3, 2, 2, 1]
[5, 9, 1, 1, 8, 5, 2, 2, 4, 1]
[39, 10]
[33, 6, 1, 4]
[8, 3, 11, 11, 2, 7]
[46, 1]
[49]
[12, 3, 30]
[46, 1]
[46]
[46]
[46]
[46]
[46]
[47]
[48]
[48]
[48]
[49]
