Puzzle number: 158177
width:  50
height:  50
solved_count:  95
AVE_TIME:  '00:13:14'
ave_time_count:  95

top_values
[]
[]
[]
[]
[]
[]
[]
[]
[]
[]
[]
[]
[]
[]
[]
[]
[]
[]
[]
[]
[]
[]
[]
[]
[]
[]
[]
[]
[]
[]
[]
[1]
[1]
[1, 1]
[4]
[1, 5]
[1, 5]
[5]
[1, 1, 1, 5]
[1, 6, 4, 1, 5]
[9, 1, 2, 1, 1, 4]
[9, 5, 1, 5]
[10, 1, 1, 1, 1, 5]
[9, 3, 1, 5]
[9, 1, 2, 1, 1, 5]
[10, 2, 1, 1, 4]
[1, 3, 5, 1, 1, 1]
[2, 7, 4, 1]
[2, 10, 1, 4, 2]
[1, 2, 3, 7, 1, 2]

left_values
[]
[]
[]
[]
[]
[]
[]
[]
[]
[]
[]
[]
[]
[]
[]
[]
[]
[]
[1]
[]
[1]
[2]
[1]
[1]
[1, 1, 3]
[11]
[6, 1]
[10]
[10]
[10]
[7, 3]
[12]
[11]
[11]
[1, 1]
[1, 1, 1]
[2, 2, 2]
[3, 3, 1]
[3, 2, 2]
[3, 2, 2]
[2, 2, 2, 1]
[2, 1, 2]
[]
[2, 8]
[]
[5, 5]
[12]
[13, 2]
[1, 12, 2]
[1, 12, 1]
