Puzzle number: 158206
width:  38
height:  50
solved_count:  490
AVE_TIME:  '00:04:12'
ave_time_count:  137

top_values
[44, 5]
[43, 5]
[5]
[24, 3]
[26]
[26]
[26]
[26]
[26]
[26]
[26]
[26]
[26]
[25]
[26]
[26]
[26]
[25]
[26]
[25]
[25]
[26]
[26]
[25]
[25]
[26]
[26]
[25]
[25]
[25]
[25]
[25]
[24]
[25]
[25]
[24]
[25]
[24]

left_values
[1]
[2, 9]
[2, 14]
[2, 16]
[2, 20, 2]
[2, 24, 5]
[2, 35]
[2, 35]
[2, 35]
[2, 35]
[2, 35]
[2, 35]
[2, 35]
[2, 35]
[2, 35]
[2, 35]
[2, 35]
[2, 35]
[2, 35]
[2, 35]
[2, 35]
[2, 35]
[2, 35]
[2, 35]
[2, 35]
[2, 35]
[2, 34]
[2, 24]
[2, 19]
[2, 14]
[2, 7]
[2]
[2]
[2]
[2]
[2]
[2]
[2]
[2]
[2]
[2]
[2]
[2]
[2]
[]
[3]
[4]
[4]
[4]
[3]
