Puzzle number: 158264
width:  35
height:  35
solved_count:  224
AVE_TIME:  '00:05:03'
ave_time_count:  104

top_values
[5]
[4]
[5]
[2, 5]
[4, 4]
[3, 5]
[1, 4]
[4]
[5]
[4]
[4]
[1, 4]
[4, 4]
[6, 4]
[9, 3]
[11, 4]
[19]
[15]
[12]
[9]
[7]
[4]
[]
[]
[]
[]
[]
[]
[]
[]
[]
[]
[]
[]
[]

left_values
[3, 5]
[2, 5]
[3, 5]
[2, 5]
[5]
[5]
[5]
[5]
[6]
[5]
[6]
[5]
[6]
[6]
[6]
[6]
[6]
[8]
[10]
[12]
[12]
[11]
[9]
[6]
[4]
[1]
[]
[]
[]
[]
[]
[]
[]
[]
[]
