Puzzle number: 158268
width:  40
height:  40
solved_count:  263
AVE_TIME:  '00:04:34'
ave_time_count:  109

top_values
[40]
[34, 1]
[5, 4]
[]
[9]
[30]
[31]
[32]
[16, 15]
[16, 14]
[16, 14]
[16, 14]
[16, 14]
[16, 14]
[17, 14]
[17, 14]
[17, 14]
[17, 14]
[17, 13]
[17, 14]
[17, 14]
[17, 15]
[17, 15]
[18, 15]
[18, 16]
[18, 16]
[18, 15]
[18, 14]
[18, 13]
[18, 20]
[39]
[33]
[36]
[38]
[19, 9]
[19, 8]
[19, 11]
[18, 15]
[18, 15]
[18, 14]

left_values
[3, 33]
[3, 34]
[3, 35]
[3, 35]
[3, 35]
[2, 35]
[2, 36]
[2, 36]
[2, 36]
[2, 36]
[2, 36]
[2, 36]
[2, 36]
[2, 36]
[2, 36]
[2, 35]
[2, 3, 26]
[2, 4, 17]
[2, 6, 7]
[2, 13, 5]
[2, 29, 3]
[2, 35]
[2, 35]
[2, 35]
[2, 35]
[2, 35]
[2, 35]
[3, 35]
[3, 35]
[3, 30, 4]
[3, 29, 4]
[2, 29, 4]
[2, 23, 3]
[2, 9, 2, 2, 3]
[1, 6, 2, 2, 2]
[1, 2, 2, 2]
[1, 2, 1]
[1, 2, 1]
[1, 2]
[2]
