Puzzle number: 158200
width:  45
height:  50
solved_count:  155
AVE_TIME:  '00:29:58'
ave_time_count:  100

top_values
[2, 7, 1, 6]
[1, 7, 1, 5]
[8, 1, 6]
[8, 1, 5]
[9, 1, 5]
[9, 1, 6]
[9, 1, 5]
[10, 6]
[9, 6]
[9, 6]
[4, 6, 2, 4, 6]
[6, 4, 2, 6, 6]
[19, 1, 26]
[6, 2, 4, 6, 6]
[4, 2, 6, 4, 6]
[9, 6]
[9, 6]
[10, 6]
[1, 9, 6]
[1, 9, 6]
[1, 9, 5]
[1, 8, 6]
[1, 1, 8, 6]
[1, 1, 7, 6]
[2, 1, 7, 6]
[3, 3, 5, 6]
[3, 5, 3, 7]
[4, 5, 6]
[5, 5, 7]
[6, 5, 7]
[7, 3, 8]
[9, 1, 8]
[9, 1, 9]
[11, 1, 10]
[11, 1, 12]
[32]
[29]
[25]
[21, 2]
[16, 5]
[10, 9]
[17]
[50]
[50]
[50]

left_values
[2, 1, 10, 3]
[1, 1, 9, 3]
[3, 9, 3]
[5, 7, 3]
[5, 7, 3]
[5, 7, 3]
[5, 6, 3]
[1, 3, 6, 3]
[3, 1, 6, 3]
[5, 1, 6, 3]
[6, 1, 5, 3]
[7, 1, 6, 3]
[8, 1, 6, 3]
[9, 1, 6, 3]
[9, 1, 6, 3]
[9, 1, 5, 3]
[10, 6, 3]
[9, 6, 3]
[9, 6, 3]
[6, 2, 4, 6, 3]
[4, 2, 6, 6, 3]
[10, 1, 26, 3]
[2, 4, 6, 6, 3]
[2, 6, 4, 6, 3]
[9, 6, 3]
[9, 6, 3]
[10, 5, 3]
[1, 9, 6, 3]
[1, 9, 6, 3]
[1, 9, 5, 3]
[1, 8, 6, 3]
[1, 8, 6, 3]
[1, 7, 6, 3]
[1, 7, 6, 4]
[3, 5, 6, 4]
[5, 3, 7, 4]
[5, 6, 4]
[5, 6, 4]
[5, 7, 4]
[3, 8, 4]
[1, 8, 4]
[1, 1, 9, 5]
[3, 1, 10, 5]
[6, 1, 12, 5]
[29, 5]
[27, 6]
[25, 6]
[21, 6]
[15, 7]
[11, 7]
