Puzzle number: 158338
width:  50
height:  30
solved_count:  489
AVE_TIME:  '00:03:55'
ave_time_count:  154

top_values
[]
[]
[]
[]
[]
[]
[]
[]
[]
[]
[16]
[23]
[23]
[22]
[23]
[23]
[24]
[24]
[26]
[28]
[29]
[28]
[28]
[28]
[28]
[22]
[22]
[19]
[17]
[15]
[13]
[7]
[4]
[]
[]
[]
[]
[]
[]
[]
[]
[14]
[20]
[22]
[25]
[27]
[27]
[27]
[29]
[29]

left_values
[5, 5, 2]
[6, 5, 2]
[6, 9]
[7, 3, 9]
[7, 6, 9]
[2, 17, 9]
[22, 9]
[22, 9]
[21, 9]
[21, 9]
[20, 9]
[20, 9]
[21, 9]
[21, 9]
[21, 8]
[21, 8]
[20, 8]
[20, 8]
[19, 8]
[19, 8]
[19, 7]
[18, 7]
[18, 6]
[17, 6]
[17, 6]
[17, 5]
[17, 5]
[15, 4]
[7, 4]
[]
