Puzzle number: 158339
width:  50
height:  30
solved_count:  468
AVE_TIME:  '00:04:07'
ave_time_count:  134

top_values
[29]
[29]
[29]
[29]
[29]
[23]
[14]
[11]
[11]
[11]
[11]
[11]
[12]
[14]
[16]
[20]
[22]
[27]
[30]
[29]
[29]
[29]
[29]
[8, 19]
[14]
[12]
[8]
[7]
[4]
[4]
[1]
[]
[]
[3]
[6]
[7]
[7]
[7, 4]
[7, 4]
[7, 6]
[6, 6]
[4, 8]
[1, 8]
[1, 11]
[1, 12]
[3, 14]
[4, 14]
[28]
[27]
[26]

left_values
[5, 6, 16]
[5, 6, 9, 5]
[5, 6, 9, 5]
[5, 7, 9, 4]
[5, 7, 7, 3]
[5, 7, 7, 3]
[6, 7, 5, 3]
[6, 7, 3]
[6, 7, 3]
[6, 7, 3]
[6, 9, 3]
[6, 9, 3]
[6, 9, 3]
[6, 9, 3]
[6, 10, 4]
[6, 11, 5]
[7, 12, 5]
[7, 13, 6]
[7, 14, 7]
[26, 7]
[26, 7]
[27, 9]
[28, 9]
[28, 11]
[28, 11]
[30, 13]
[30, 12]
[31, 11]
[30, 9]
[13]
