Puzzle number: 158336
width:  42
height:  30
solved_count:  488
AVE_TIME:  '00:03:19'
ave_time_count:  151

top_values
[23]
[18]
[17]
[10]
[5]
[]
[]
[]
[]
[]
[]
[]
[]
[2]
[4, 3]
[29]
[29]
[29]
[29]
[29]
[29]
[29]
[29]
[29]
[29]
[29]
[27]
[26]
[21]
[21]
[21]
[1, 23]
[29]
[29]
[29]
[29]
[29]
[29]
[29]
[29]
[27]
[2]

left_values
[1]
[12, 8]
[13, 9]
[14, 9]
[14, 9]
[13, 9]
[13, 9]
[1, 13, 10]
[1, 13, 10]
[1, 26]
[1, 26]
[1, 26]
[2, 26]
[3, 26]
[3, 26]
[3, 26]
[3, 26]
[3, 26]
[3, 26]
[3, 26]
[4, 26]
[4, 26]
[4, 26]
[4, 26]
[4, 26]
[5, 26]
[5, 26]
[5, 27]
[5, 28]
[5, 9, 18]
