Puzzle number: 158519
width:  40
height:  50
solved_count:  304
AVE_TIME:  '00:03:41'
ave_time_count:  111

top_values
[22, 6]
[22, 6]
[22, 5]
[22, 6]
[23, 5]
[23, 5]
[23, 4]
[23, 4]
[23, 2]
[4, 18]
[4, 18]
[3, 16]
[3, 17]
[3, 17]
[2, 16]
[2, 16]
[1, 16]
[15]
[16]
[16]
[16]
[16]
[14]
[13]
[11]
[10]
[1, 10]
[12]
[12]
[10]
[9]
[6, 1]
[4, 2]
[3, 3]
[2, 3]
[3]
[4]
[4]
[5]
[5]

left_values
[17]
[16]
[14]
[11]
[9]
[11]
[11]
[14]
[17]
[22]
[22, 3]
[24, 3]
[24, 4]
[31]
[31]
[32]
[32]
[33]
[34]
[35]
[35]
[29]
[23]
[13]
[5]
[]
[]
[]
[]
[5]
[9]
[9]
[8]
[6]
[4]
[2]
[]
[]
[]
[]
[]
[]
[]
[]
[]
[2]
[4]
[7]
[8]
[9]
