Puzzle number: 158516
width:  40
height:  50
solved_count:  330
AVE_TIME:  '00:02:39'
ave_time_count:  121

top_values
[9]
[9]
[10]
[10]
[10]
[10]
[10]
[10]
[6, 2, 2]
[6, 1, 7]
[7, 1, 8]
[7, 9]
[7, 13]
[7, 16]
[7, 17]
[7, 18]
[7, 19]
[7, 20]
[7, 20]
[7, 21]
[8, 24]
[8, 25]
[8, 26]
[8, 27]
[8, 26]
[9, 26]
[9, 3, 25]
[10, 4, 23]
[10, 8, 23]
[12, 34]
[50]
[50]
[50]
[50]
[50]
[50]
[50]
[50]
[50]
[50]

left_values
[40]
[40]
[40]
[40]
[40]
[40]
[8, 30]
[8, 20]
[9, 15]
[9, 13]
[11]
[11]
[10]
[10]
[10]
[10]
[11]
[12]
[12]
[14]
[14]
[14]
[13]
[2, 12]
[5, 12]
[6, 11]
[7, 11]
[20]
[20]
[21]
[23]
[24]
[25]
[26]
[27]
[27]
[27]
[28]
[28]
[28]
[28]
[29]
[30]
[31]
[31]
[31]
[31]
[31]
[32]
[13, 2, 15]
