Puzzle number: 158536
width:  45
height:  40
solved_count:  245
AVE_TIME:  '00:05:17'
ave_time_count:  115

top_values
[40]
[40]
[40]
[40]
[40]
[40]
[40]
[40]
[40]
[40]
[40]
[40]
[11, 26]
[12, 1, 23]
[7, 3, 1, 2, 1, 5, 13]
[8, 1, 1, 1, 4, 12]
[6, 1, 12]
[5, 12]
[5, 7, 2]
[5, 4, 2, 1]
[4, 10]
[4, 9]
[3, 9]
[4, 6, 1]
[1, 1, 9]
[1, 1, 8]
[2, 5, 1]
[2, 4, 1]
[3, 5]
[3, 5, 2]
[3, 7]
[3, 4]
[4, 5]
[4, 4]
[5, 4]
[5]
[6]
[6]
[6]
[7]
[7]
[6]
[7]
[7]
[7]

left_values
[24, 20]
[25, 19]
[24, 17]
[22, 3, 13]
[20, 11]
[17, 9]
[16, 2, 3]
[14, 1]
[15, 1]
[15]
[15]
[12, 1, 1]
[12, 1]
[12]
[15]
[13, 1]
[13]
[14, 1]
[15]
[14]
[14, 1]
[15]
[16]
[16]
[16]
[16]
[14]
[15]
[18]
[27]
[29]
[30]
[31]
[19, 12]
[26, 5]
[23, 3, 4]
[18, 6, 1, 5]
[19, 3, 1, 2, 3]
[21, 2, 3]
[18, 2]
