Puzzle number: 158547
width:  20
height:  20
solved_count:  940
AVE_TIME:  '00:12:07'
ave_time_count:  190

top_values
[4, 1, 2, 3]
[1, 2, 2, 4]
[1, 1, 3, 4]
[1, 5, 2, 1]
[8, 1, 1]
[10, 2, 1, 1]
[9, 4, 1]
[3, 3, 2, 1]
[2, 2, 2, 2]
[2, 1, 2, 9]
[2, 4, 2]
[1, 2, 2, 3]
[1, 1, 1, 1, 4]
[1, 2, 1, 1, 1, 1, 1]
[2, 1, 5, 1, 4]
[1, 1, 5, 1, 1]
[1, 1, 1, 1, 1]
[3, 1, 1, 1]
[1, 1]
[1, 4]

left_values
[4, 2]
[6, 1, 2]
[3, 1, 1, 1]
[2, 1, 2, 3]
[2, 1, 1]
[7, 1, 1]
[1, 10]
[1, 10, 2]
[2, 5, 3]
[1, 3, 2, 2]
[1, 3, 3, 2]
[2, 2, 5]
[3, 2, 3]
[3, 3, 1]
[1, 1, 1, 9]
[1, 1, 1]
[7, 1, 9]
[4, 2, 1, 1, 1]
[3, 5, 1, 1, 1]
[3, 3, 2, 1]
