Puzzle number: 158629
width:  50
height:  50
solved_count:  121
AVE_TIME:  '00:21:36'
ave_time_count:  100

top_values
[4, 4]
[4, 6]
[5, 5]
[5, 6]
[6]
[9]
[1]
[2]
[4]
[5, 1]
[7, 2]
[7, 2, 1]
[5, 2, 2]
[6, 2, 1]
[6, 4]
[7, 3]
[7, 3]
[7, 5]
[7, 5]
[7, 5]
[7, 5, 1]
[5, 5, 1]
[5, 4, 2]
[5, 4, 2]
[5, 4, 2]
[5, 1, 7]
[5, 1, 8]
[5, 12]
[6, 12]
[7, 11]
[6, 11]
[7, 9]
[7, 4, 3]
[6, 3]
[6, 6]
[6, 5]
[5, 5]
[3]
[]
[]
[]
[]
[]
[]
[]
[]
[]
[]
[]
[]

left_values
[2]
[3]
[4]
[5]
[4]
[4]
[3]
[2]
[2]
[1, 1]
[2, 1]
[2, 1]
[3, 1]
[3]
[3]
[3, 5, 2]
[2, 17]
[1, 2, 20]
[1, 25]
[28]
[30]
[15, 9]
[8, 7]
[2, 6]
[3]
[]
[6]
[6]
[5, 6]
[15, 6]
[2, 19]
[3, 16]
[2, 15]
[5, 8]
[8]
[13]
[9]
[3]
[]
[]
[]
[]
[1]
[2]
[3]
[3]
[3]
[3]
[2]
[2]
