Puzzle number: 158699
width:  40
height:  50
solved_count:  368
AVE_TIME:  '00:06:32'
ave_time_count:  135

top_values
[]
[2]
[6]
[10]
[19]
[22]
[23]
[25]
[28]
[30]
[32]
[34]
[34]
[36]
[36]
[38]
[40]
[41]
[42]
[43]
[43]
[44]
[44]
[45]
[45]
[45]
[47]
[48]
[48]
[40, 5]
[39, 6]
[39, 8]
[37, 10]
[36, 7]
[35, 6]
[34, 4]
[33]
[32]
[31, 4]
[29, 5]

left_values
[9]
[10]
[13]
[14]
[14]
[17]
[19]
[21]
[22]
[23]
[24]
[24]
[25]
[25]
[27]
[27]
[29]
[29]
[30]
[30]
[31]
[31]
[32]
[32]
[32]
[33]
[33]
[34]
[35]
[34]
[34]
[34]
[33]
[32, 1]
[31, 1]
[30, 2]
[29, 2]
[28, 2]
[28, 2, 1]
[27, 3]
[27, 4]
[27, 5]
[26, 5]
[32]
[32]
[32]
[31]
[31]
[28, 2]
[28, 1]
