Puzzle number: 158805
width:  20
height:  20
solved_count:  1184
AVE_TIME:  '00:03:36'
ave_time_count:  279

top_values
[11]
[3, 1]
[2, 5, 5]
[2, 5, 1]
[2, 5, 1]
[1, 4]
[1, 1, 1]
[1, 1]
[1, 1]
[1, 4]
[1, 5, 1]
[1, 5, 1]
[1, 5, 1]
[1, 5]
[1, 5]
[2, 5]
[3, 5]
[3, 6]
[16]
[14]

left_values
[13]
[2, 3]
[2, 3]
[2, 3]
[1, 2]
[2, 2]
[1, 2]
[1, 3, 3, 2]
[1, 3, 3, 2]
[1, 3, 3, 2]
[1, 3, 3, 2]
[1, 3, 1, 3, 2]
[1, 3]
[1, 3]
[1, 3]
[3, 7]
[1, 1, 1, 7]
[1, 1, 1, 6]
[1, 1, 1, 4]
[15]
