Puzzle number: 159219
width:  40
height:  35
solved_count:  337
AVE_TIME:  '00:05:50'
ave_time_count:  111

top_values
[9]
[4, 4]
[4, 4]
[4, 3]
[4, 3]
[4, 3]
[4, 3]
[3, 3]
[3, 3]
[3, 3]
[3, 2, 7]
[2, 2, 11]
[2, 3, 13]
[2, 4, 19]
[1, 30]
[1, 30]
[23, 6]
[23, 6]
[23, 6]
[21, 3, 1]
[31, 1]
[34]
[35]
[32, 1]
[19, 8, 2]
[16, 9]
[3, 6, 8]
[11, 6]
[9, 3]
[6]
[4]
[]
[]
[]
[]
[]
[]
[]
[]
[]

left_values
[16, 9]
[14, 10]
[11, 11]
[7, 8, 4]
[1, 9, 3]
[3, 12, 3]
[26, 2]
[29]
[10, 17]
[15]
[14]
[13]
[13]
[12]
[12]
[12]
[12]
[12]
[12]
[11]
[11]
[11]
[12]
[13]
[8, 5]
[9, 5]
[8, 6]
[7, 7]
[6, 8]
[18]
[19]
[19]
[8, 3, 4]
[8, 2, 4]
[15]
