Puzzle number: 159332
width:  40
height:  45
solved_count:  692
AVE_TIME:  '00:00:33'
ave_time_count:  120

top_values
[]
[]
[]
[]
[]
[]
[]
[]
[]
[]
[]
[]
[]
[]
[]
[]
[]
[]
[]
[]
[1]
[2]
[3]
[4]
[4]
[5]
[6]
[6]
[7]
[8]
[8]
[9]
[9]
[10]
[10]
[10]
[11]
[11]
[12]
[12]

left_values
[]
[]
[]
[]
[]
[]
[]
[]
[]
[]
[]
[]
[]
[]
[]
[]
[]
[]
[]
[]
[]
[]
[]
[]
[]
[]
[]
[]
[]
[]
[]
[]
[]
[2]
[4]
[7]
[9]
[11]
[12]
[14]
[15]
[17]
[18]
[19]
[20]
