Puzzle number: 159346
width:  40
height:  45
solved_count:  622
AVE_TIME:  '00:01:36'
ave_time_count:  196

top_values
[3, 8]
[2, 8]
[1, 7]
[3, 7]
[4, 7]
[5, 6]
[5, 5]
[7, 5]
[8, 4]
[7, 4]
[7, 3]
[6, 2]
[5, 1]
[4, 1]
[4]
[3]
[2]
[1]
[]
[]
[]
[]
[]
[]
[]
[]
[]
[]
[]
[]
[]
[]
[]
[]
[]
[]
[]
[]
[]
[]

left_values
[3, 10]
[2, 10]
[1, 9]
[9]
[8]
[8]
[8]
[6]
[3]
[]
[]
[]
[]
[]
[]
[]
[]
[]
[]
[]
[]
[]
[]
[]
[]
[]
[]
[]
[]
[]
[]
[]
[]
[]
[]
[]
[]
[2]
[5]
[6]
[8]
[10]
[11]
[12]
[14]
