Puzzle number: 159341
width:  40
height:  45
solved_count:  632
AVE_TIME:  '00:01:58'
ave_time_count:  197

top_values
[]
[]
[]
[]
[]
[2]
[4]
[6]
[8]
[9]
[10]
[12]
[12]
[13]
[14]
[15]
[16]
[17]
[17, 1]
[18, 1]
[19, 2]
[20, 3]
[20, 4]
[21, 5]
[22, 5]
[22, 6]
[22, 7]
[23, 7]
[23, 8]
[24, 8]
[24, 8]
[24, 9]
[25, 9]
[25, 10]
[25, 11]
[25, 11]
[26, 11]
[26, 11]
[25, 12]
[25, 12]

left_values
[33]
[35]
[34]
[34]
[33]
[33]
[32]
[32]
[31]
[30]
[29]
[29]
[27]
[26]
[25]
[24]
[23]
[21]
[20]
[19]
[17]
[16]
[13]
[11]
[8]
[4]
[]
[]
[]
[]
[]
[]
[]
[2]
[6]
[7]
[9]
[12]
[14]
[15]
[17]
[18]
[19]
[20]
[22]
