Puzzle number: 159344
width:  40
height:  45
solved_count:  621
AVE_TIME:  '00:01:22'
ave_time_count:  187

top_values
[]
[]
[]
[]
[]
[]
[]
[]
[1]
[2]
[4]
[6]
[6]
[7]
[8]
[9]
[10]
[10, 1]
[11, 1]
[12, 3]
[12, 3]
[12, 3]
[13, 4]
[13, 5]
[13, 5]
[13, 5]
[14, 6]
[14, 7]
[14, 7]
[14, 7]
[14, 7]
[14, 8]
[14, 8]
[14, 9]
[14, 10]
[14, 10]
[14, 10]
[13, 10]
[13, 10]
[13, 1, 11]

left_values
[32]
[31]
[30]
[30]
[29]
[29]
[27]
[26]
[25]
[24]
[22]
[21]
[18]
[11]
[1]
[]
[]
[]
[]
[]
[]
[]
[]
[]
[]
[]
[]
[]
[]
[]
[]
[]
[]
[]
[1]
[6]
[7]
[9]
[13]
[14]
[17]
[18]
[21]
[21]
[23]
