Puzzle number: 159682
width:  20
height:  15
solved_count:  1166
AVE_TIME:  '00:05:20'
ave_time_count:  214

top_values
[7]
[2, 2, 1]
[2, 1, 3]
[1, 1, 2, 1]
[2, 1, 3, 1]
[1, 1, 3]
[1, 2, 1]
[10]
[1, 1, 3]
[1, 8]
[1, 8]
[1, 1, 5]
[1, 5]
[7, 1]
[2, 2, 3]
[1, 1, 4, 2, 1]
[1, 2, 4, 3, 1]
[2, 1, 2, 3]
[4, 1, 1, 1]
[6, 6]

left_values
[4]
[1, 3]
[1, 1, 2]
[7, 7]
[3, 1, 1, 1, 1]
[2, 1, 2, 2, 2, 1]
[2, 1, 3, 1, 2]
[1, 1, 2, 7]
[18, 1]
[2, 2, 5, 2]
[1, 2, 6, 2, 1]
[1, 4, 6, 4, 1]
[3, 11, 4]
[1, 1, 1, 1]
[2, 2]
