Puzzle number: 159705
width:  50
height:  50
solved_count:  139
AVE_TIME:  '00:18:07'
ave_time_count:  103

top_values
[2, 1, 3, 20]
[2, 1, 1, 3, 19]
[1, 2, 2, 2, 18]
[1, 1, 4, 1, 2, 19]
[10, 1, 2, 5, 14]
[10, 2, 3, 5, 12]
[11, 3, 5, 9]
[11, 3, 5, 7]
[15, 6, 5]
[4, 9, 7, 6]
[3, 12, 8, 7]
[3, 23, 8]
[4, 4, 17, 9]
[28, 10]
[12, 11, 10]
[11, 9, 11]
[12, 1, 3, 11]
[11, 1, 2, 11]
[10, 1, 2, 12]
[5, 2, 2, 12]
[4, 2, 1, 3, 12]
[3, 1, 1, 3, 12]
[3, 3, 11]
[4, 3, 10]
[4, 4, 8]
[12, 6]
[10, 2]
[4]
[]
[]
[]
[]
[]
[]
[]
[]
[]
[]
[]
[]
[7]
[11]
[10, 3, 6]
[19, 5]
[2, 20, 7]
[3, 21, 4, 4]
[24, 2, 4, 3]
[22, 7, 4]
[23, 5, 3]
[23, 3, 3]

left_values
[20, 3]
[2, 18, 3]
[21, 5]
[1, 6, 13, 4]
[3, 5, 8, 4, 4]
[6, 6, 1, 4, 5]
[6, 6, 3, 6]
[16, 2, 7]
[18, 2, 3, 7]
[1, 17, 3, 7]
[1, 12, 1, 3, 8]
[2, 4, 2, 1, 1, 1, 3, 8]
[1, 6, 1, 2, 8]
[7, 3, 8]
[2, 9, 1, 3, 8]
[8, 6, 4, 8]
[7, 7, 5, 8]
[14, 8]
[12, 8]
[5, 8]
[5, 7]
[5, 7]
[5, 7]
[6, 9]
[6, 5, 2]
[6, 8]
[5, 2, 3]
[6, 2, 3]
[6, 2, 3]
[7, 3, 5]
[1, 7, 3, 5]
[2, 7, 8]
[9, 6]
[7, 4]
[5, 4]
[4, 5]
[5, 6]
[5, 5]
[6, 4, 3]
[6, 11]
[6, 14]
[7, 15]
[7, 15]
[8, 16]
[8, 17]
[25]
[25]
[24]
[24]
[23]
