Puzzle number: 159717
width:  50
height:  47
solved_count:  112
AVE_TIME:  '00:52:14'
ave_time_count:  100

top_values
[15, 1, 1, 1, 1, 2, 13]
[14, 1, 1, 1, 2, 13]
[14, 1, 1, 1, 2, 3, 2, 3]
[11, 2, 1, 1, 1, 1, 3, 2, 1, 1, 2]
[9, 1, 1, 1, 1, 2, 3, 2, 1, 1]
[7, 2, 1, 1, 1, 1, 2, 5, 5]
[4, 2, 1, 1, 1, 3, 13]
[1, 2, 1, 2, 2, 2, 13]
[2, 2, 2, 2, 13]
[2, 5, 3, 13]
[3, 9, 2, 8]
[4, 8, 1, 1, 1, 4]
[2, 2, 6, 3, 2, 3]
[2, 2, 5, 5, 1, 2]
[2, 3, 1, 4, 6, 6]
[1, 5, 1, 2, 14]
[2, 1, 2, 1, 3, 14]
[1, 2, 1, 1, 2, 2, 2, 9]
[2, 1, 1, 1, 1, 3, 2, 8]
[2, 1, 1, 1, 2, 2, 2, 1, 1, 5]
[2, 2, 1, 1, 1, 3, 6, 1, 3]
[1, 2, 1, 1, 2, 2, 5, 1, 3]
[2, 1, 1, 1, 1, 3, 7, 2, 3]
[2, 1, 1, 1, 2, 2, 14]
[2, 1, 1, 1, 3, 3, 11]
[3, 2, 3, 2, 2, 9]
[3, 3, 2, 4, 10]
[3, 6, 2, 6, 1, 4]
[1, 1, 8, 6, 1, 4]
[1, 7, 8, 1, 3]
[2, 2, 5, 12, 2]
[4, 2, 5, 3, 11]
[1, 1, 1, 3, 4, 9]
[1, 1, 1, 2, 17]
[2, 1, 1, 3, 9, 8]
[3, 1, 3, 10, 1, 4]
[4, 3, 5, 6, 1, 3]
[2, 1, 3, 6, 6, 2]
[1, 1, 2, 9, 10]
[2, 3, 13, 9]
[1, 17, 8]
[1, 11, 4, 1, 5]
[11, 7, 4]
[5, 15, 3]
[6, 4, 10]
[7, 4, 9]
[5, 7, 5]
[5, 7, 5]
[8, 6, 3]
[6, 9]

left_values
[8, 3, 2, 2, 3, 1, 6]
[7, 3, 2, 5, 2, 7]
[7, 5, 2, 2, 1, 9]
[7, 4, 1, 4, 2, 10]
[6, 3, 2, 2, 11]
[6, 3, 4, 2, 1, 9, 2]
[6, 4, 3, 4, 3, 7, 1, 1]
[5, 3, 2, 4, 3, 3, 1]
[5, 3, 4, 2, 5, 3, 4, 2]
[4, 4, 3, 2, 1, 9, 11]
[4, 5, 2, 2, 1, 1, 8, 11]
[3, 7, 2, 2, 2, 1, 5, 12]
[7, 2, 2, 2, 2, 4, 12]
[4, 2, 2, 4, 3, 4, 4, 1, 4]
[1, 6, 1, 1, 3, 4, 4, 1, 4]
[3, 3, 1, 3, 4, 5, 1, 1]
[1, 4, 4, 3, 5, 11, 1]
[2, 1, 5, 5, 11, 3]
[1, 1, 1, 5, 5, 15]
[3, 2, 9, 3, 11]
[2, 3, 7, 3, 1, 6]
[2, 6, 5, 1, 6]
[2, 6, 6, 5]
[7, 12, 2]
[7, 12, 2]
[4, 3, 12]
[5, 2, 8]
[6, 1, 7]
[8, 1, 7]
[3, 10, 4]
[5, 8, 3]
[6, 1, 6, 2]
[10, 1, 9]
[6, 7, 8]
[17, 17]
[11, 5, 1, 5, 5]
[3, 6, 5, 1, 4, 4]
[2, 5, 7, 11]
[2, 6, 2, 18]
[2, 2, 5, 4, 7]
[3, 6, 6, 6]
[3, 5, 14]
[2, 8, 11]
[2, 7, 9]
[3, 15]
[4, 12]
[13]
