Puzzle number: 159700
width:  50
height:  50
solved_count:  147
AVE_TIME:  '00:18:19'
ave_time_count:  101

top_values
[4, 1, 2, 18, 6, 1]
[5, 17, 15, 1]
[4, 17, 7, 4, 1]
[4, 4, 13, 8, 4, 1, 1]
[8, 5, 7, 6, 5, 9]
[7, 6, 7, 23]
[8, 34, 2]
[7, 5, 5, 14, 6]
[6, 1, 6, 6, 5, 4, 2, 4]
[6, 7, 13, 3, 4]
[6, 6, 10, 2, 5]
[7, 8, 8, 3, 7]
[23, 3, 5]
[18, 3, 5]
[7, 3, 2, 4]
[7, 3, 3, 2]
[8, 3, 4]
[8, 3, 2]
[8, 4, 2]
[8, 10]
[8, 9]
[8, 4]
[9]
[9]
[9]
[9]
[9]
[9]
[9]
[9, 1]
[9, 1]
[9, 1]
[9, 1]
[8, 1]
[8, 2]
[8, 2]
[8, 2]
[8, 2]
[8, 2]
[7, 3, 2]
[7, 12]
[7, 2, 7]
[7, 2, 5]
[6, 1, 4]
[6, 3]
[6, 1]
[5]
[5]
[4]
[4, 2]

left_values
[50]
[50]
[50]
[50]
[1, 44]
[1, 43]
[6, 32]
[4, 1, 1, 2, 23]
[4, 1, 3, 11, 1]
[3, 2, 5, 1]
[3, 2, 5]
[13]
[13]
[13]
[14]
[5, 3, 3]
[4, 1, 1, 2]
[4, 1, 1, 2]
[7, 4]
[7, 5]
[13]
[13]
[13]
[2, 8]
[1, 8]
[1, 1, 1, 3]
[4, 1, 2]
[4, 6]
[10]
[10]
[9]
[9]
[7]
[1, 4]
[1, 3, 2]
[1, 4, 2]
[9, 4, 2]
[17, 1]
[18, 2]
[10, 4, 2]
[2, 3, 3, 2]
[1, 3, 3, 2]
[3, 3, 8, 2]
[2, 1, 1, 1, 2, 5, 2]
[2, 2, 1, 2, 3, 6]
[3, 1, 4, 1, 3, 4]
[2, 10, 3, 4]
[2, 8, 1, 3, 5]
[17, 3]
[21, 3]
