Puzzle number: 159826
width:  50
height:  50
solved_count:  437
AVE_TIME:  '00:04:51'
ave_time_count:  162

top_values
[10]
[14]
[15]
[16]
[17]
[17]
[5]
[1]
[]
[]
[9]
[20]
[28]
[32]
[34]
[36]
[38]
[40]
[41]
[43]
[45]
[46]
[47]
[48]
[49]
[50]
[50]
[50]
[50]
[50]
[46]
[40]
[37]
[34]
[32]
[29, 8]
[27, 12]
[26, 15]
[24, 17]
[23, 18]
[22, 20]
[21, 22]
[20, 23]
[19, 24]
[19, 25]
[18, 26]
[17, 27]
[17, 28]
[16, 29]
[15, 30]

left_values
[25]
[26]
[27]
[28]
[29]
[30]
[30]
[31]
[31]
[32]
[33]
[33]
[34]
[34]
[35]
[34]
[34]
[32]
[32]
[30]
[29, 1]
[29, 2]
[28, 3]
[27, 4]
[26, 5]
[27, 6]
[26, 7]
[25, 8]
[25, 9]
[24, 9]
[24, 10]
[25, 10]
[24, 11]
[2, 24, 12]
[3, 23, 12]
[4, 23, 13]
[5, 23, 13]
[5, 22, 13]
[6, 22, 14]
[6, 22, 14]
[6, 20, 14]
[6, 20, 14]
[6, 20, 15]
[6, 20, 15]
[6, 20, 15]
[7, 19, 15]
[7, 18, 15]
[7, 18, 15]
[6, 18, 15]
[7, 17, 15]
