Puzzle number: 159827
width:  50
height:  50
solved_count:  488
AVE_TIME:  '00:02:59'
ave_time_count:  104

top_values
[15, 30]
[14, 31]
[14, 31]
[13, 31]
[13, 32]
[13, 32]
[13, 32]
[12, 33]
[12, 33]
[12, 33]
[12, 33]
[12, 33]
[11, 34]
[11, 34]
[11, 34]
[11, 34]
[11, 34]
[11, 34]
[12, 34]
[12, 33]
[12, 33]
[12, 33]
[12, 33]
[12, 33]
[13, 32]
[13, 32]
[13, 32]
[14, 31]
[14, 31]
[14, 31]
[11, 30]
[10, 29]
[9, 29]
[8, 28]
[8, 27]
[7, 26]
[6, 25]
[5, 24]
[4, 23]
[4, 22]
[3, 20]
[2, 19]
[17]
[13]
[5]
[]
[]
[]
[]
[9]

left_values
[42]
[42]
[41]
[40]
[38]
[37]
[36]
[35]
[33]
[32]
[31]
[12, 12]
[7, 6]
[3, 3]
[1]
[]
[7]
[17]
[23]
[29]
[31]
[33]
[34]
[35]
[36]
[37]
[38]
[39]
[40]
[40]
[41]
[42]
[42]
[43]
[43]
[43]
[43]
[44]
[44]
[44]
[44]
[44, 1]
[44, 1]
[45, 1]
[45, 1]
[45, 1]
[45, 1]
[45, 1]
[44, 1]
[44, 1]
