Puzzle number: 159991
width:  40
height:  40
solved_count:  311
AVE_TIME:  '00:08:31'
ave_time_count:  139

top_values
[40]
[40]
[40]
[13, 19]
[10, 1, 4, 13]
[16, 3, 11]
[17, 11]
[26, 10]
[40]
[6, 2, 18]
[2, 1, 9]
[5, 6]
[2, 2, 3]
[3]
[5]
[5]
[5, 1]
[5, 4]
[4, 5]
[4, 6]
[4, 8]
[4, 5, 1]
[4, 3, 2]
[4, 5]
[4, 6]
[4, 2, 2]
[4, 5]
[5, 3, 1]
[5, 5]
[4, 4]
[5, 2, 1]
[5, 4]
[4, 4]
[3, 1, 1]
[1, 3]
[2]
[4]
[2, 1]
[2, 1]
[2]

left_values
[13, 16]
[13, 18]
[10, 1, 21]
[12, 21]
[10, 7, 2, 4]
[10, 4]
[9, 1]
[10, 6]
[10, 13]
[9, 7, 9]
[4, 4, 8, 1, 2, 2, 1]
[9, 6, 6, 5]
[4, 4, 9]
[3, 4, 4, 1]
[3, 4, 2]
[3, 4, 2]
[3, 3]
[3, 2]
[3, 1, 2]
[3, 2, 2]
[3, 2, 2]
[6, 2]
[4, 3]
[4, 3]
[4, 3]
[4, 3]
[4, 2]
[5, 2]
[5, 2]
[7, 2]
[10]
[11, 4]
[11, 5]
[11, 2]
[12, 3]
[12]
[12]
[13]
[13]
[13]
