Puzzle number: 159933
width:  45
height:  40
solved_count:  97
AVE_TIME:  '00:19:05'
ave_time_count:  97

top_values
[9, 3, 3, 2, 3, 3, 3, 2]
[5, 3, 3, 3, 3, 3, 7, 3]
[5, 4, 3, 2, 3, 16]
[5, 4, 3, 2, 20]
[1, 3, 3, 3, 2, 21]
[1, 3, 3, 3, 24]
[1, 3, 4, 23, 1]
[2, 3, 3, 22, 2]
[2, 2, 9, 14, 4]
[2, 2, 8, 13, 6]
[2, 2, 8, 11, 7]
[2, 11, 9, 6]
[10, 3, 6, 6]
[9, 4, 11]
[7, 4, 15]
[6, 27]
[6, 26]
[35, 2]
[31, 3]
[27, 3]
[2, 13, 3]
[1, 3]
[1, 2, 4]
[1, 3, 4]
[2, 4, 4]
[3, 5, 4]
[4, 4, 3]
[5, 5, 3]
[4, 6, 3]
[4, 5, 3]
[4, 6, 3]
[1, 4, 7, 3]
[2, 3, 7, 3]
[3, 4, 8, 3]
[4, 4, 8, 2]
[5, 4, 9, 2]
[10, 4, 4, 2]
[10, 4, 4, 3]
[10, 4, 5, 3]
[9, 4, 9]
[6, 5, 8]
[6, 1, 5, 8]
[5, 2, 4, 6]
[5, 3, 5, 5]
[7, 5, 8]

left_values
[9, 15, 11]
[4, 14, 5, 11]
[6, 11, 5, 11]
[8, 8, 5, 11]
[20, 5, 10]
[1, 14, 5, 9]
[4, 4, 3, 10, 2]
[7, 4, 3, 9, 1]
[14, 4, 7, 1]
[11, 4, 5, 1]
[7, 4]
[1, 4, 4]
[15, 4]
[16, 4]
[20]
[4, 8, 4]
[9, 6, 3]
[8, 6, 2]
[2, 6, 6, 1]
[8, 6, 3, 1]
[12, 6, 7]
[13, 5, 10]
[13, 5, 10]
[10, 5, 12]
[11, 5, 12]
[13, 6, 13]
[12, 6, 12]
[12, 5, 5, 7]
[9, 5, 5, 5]
[10, 6, 5, 4]
[10, 7, 5, 4]
[9, 6, 5, 2]
[7, 7, 5, 1]
[8, 8, 4, 1]
[7, 9, 5, 1]
[6, 8, 6]
[4, 4, 4, 4, 6]
[5, 4, 4, 16, 8]
[6, 4, 31]
[11, 31]
