Puzzle number: 160208
width:  50
height:  45
solved_count:  209
AVE_TIME:  '00:06:04'
ave_time_count:  122

top_values
[5, 7, 16]
[5, 7, 18]
[6, 7, 17]
[6, 7, 16]
[6, 7, 18]
[7, 8, 16]
[6, 7, 1, 15]
[6, 7, 15]
[5, 4, 15]
[5, 1, 14]
[4, 1, 14]
[4, 14]
[4, 14]
[4, 15]
[3, 15]
[3, 15]
[3, 15]
[5, 15]
[6, 15]
[5, 16]
[3, 15]
[17]
[17]
[17]
[18]
[19]
[1, 17]
[19]
[19]
[20]
[21]
[22]
[23]
[25]
[25]
[26]
[27]
[29]
[30]
[31]
[33]
[34]
[2, 35]
[2, 41]
[43]
[43]
[44]
[45]
[37]
[34]

left_values
[2, 1]
[2, 2]
[3, 4]
[8, 4]
[14, 2, 5]
[15, 3, 5]
[20, 5]
[21, 5]
[6, 1, 4, 6]
[3, 6]
[1, 7]
[9]
[1, 10]
[9, 10]
[9, 11]
[11, 12]
[9, 13]
[8, 13]
[8, 14]
[8, 15]
[17]
[17]
[18]
[19]
[20]
[21]
[25]
[1, 1, 2, 23]
[2, 1, 1, 29]
[6, 1, 29]
[9, 37]
[50]
[50]
[50]
[50]
[50]
[50]
[50]
[50]
[50]
[50]
[50]
[50]
[50]
[50]
