Puzzle number: 160227
width:  35
height:  40
solved_count:  457
AVE_TIME:  '00:01:53'
ave_time_count:  201

top_values
[]
[]
[]
[]
[]
[]
[]
[]
[]
[]
[]
[]
[]
[]
[]
[]
[]
[1]
[2]
[2]
[3]
[4]
[5]
[6]
[8]
[9]
[11]
[12]
[12]
[12]
[10]
[12, 6]
[12, 16]
[11, 21]
[9, 23]

left_values
[11, 2]
[11, 3]
[10, 4]
[9, 4]
[13]
[12]
[11]
[11]
[10]
[8]
[8]
[6]
[5]
[3]
[]
[]
[]
[1]
[1]
[2]
[2]
[2]
[3]
[3]
[3]
[3]
[3]
[3]
[4]
[4]
[4]
[4]
[4]
[4]
[3]
[3]
[3]
[3]
[2]
[2]
