Puzzle number: 160231
width:  35
height:  40
solved_count:  482
AVE_TIME:  '00:01:18'
ave_time_count:  212

top_values
[26]
[26]
[26]
[26]
[26]
[26]
[26]
[13, 9]
[12, 8]
[12, 7]
[12, 7]
[11, 7]
[11, 7]
[11, 7]
[11, 7]
[11, 6]
[11, 4]
[11]
[11, 4]
[11, 6]
[11, 7]
[11, 7]
[11, 7]
[11, 7]
[12, 7]
[12, 8]
[12, 8]
[13, 9]
[26]
[26]
[26]
[26]
[26]
[26]
[26]

left_values
[35]
[35]
[35]
[35]
[35]
[35]
[35]
[35]
[35]
[35]
[35]
[11, 11]
[8, 8]
[7, 7]
[7, 7]
[7, 7]
[7, 7]
[7, 7]
[8, 8]
[9, 10]
[16, 16]
[17, 17]
[17, 17]
[17, 17]
[17, 17]
[16, 16]
[8, 8]
[]
[]
[]
[]
[]
[]
[]
[]
[]
[]
[]
[]
[]
