Puzzle number: 160357
width:  45
height:  45
solved_count:  108
AVE_TIME:  '00:26:34'
ave_time_count:  100

top_values
[2, 3, 4, 6, 2]
[2, 21, 2]
[28, 3]
[31, 4]
[33, 4]
[3, 3, 13, 5]
[11, 16, 6]
[10, 19, 7]
[9, 6, 13, 8]
[2, 5, 5, 20]
[1, 5, 6, 20]
[5, 5, 24]
[6, 6, 24]
[5, 5, 24, 1]
[4, 4, 26, 2]
[4, 5, 27, 3]
[3, 4, 28, 4]
[2, 4, 29, 4]
[1, 4, 15, 4, 6]
[4, 14, 11]
[3, 13, 12]
[3, 12, 14]
[2, 11, 16]
[1, 10, 19]
[2, 10, 21]
[2, 10, 23]
[3, 9, 24]
[3, 7, 26]
[3, 6, 27]
[3, 5, 30]
[2, 4, 12, 3]
[1, 4, 10]
[1, 4, 7]
[4, 6, 3, 15]
[10, 23]
[9, 13, 1]
[3, 3, 20]
[3, 33]
[2, 36]
[1, 22, 16]
[11, 10]
[10, 7]
[10, 4]
[7, 1]
[5, 24, 1]

left_values
[3, 5, 7, 4, 5, 4, 3]
[3, 4, 7, 4, 5, 4, 3]
[5, 3, 7, 4, 6, 4, 4]
[5, 10, 3, 4, 3, 4]
[12, 4, 4, 5]
[13, 4, 10, 4]
[11, 3, 12, 5]
[5, 4, 3, 9, 3, 4]
[8, 3, 9, 2, 4]
[8, 4, 11, 3, 5]
[7, 3, 12, 2, 4]
[5, 3, 12, 3, 4]
[5, 4, 11, 3, 4]
[4, 3, 12, 4, 4]
[4, 4, 12, 4, 4]
[4, 4, 12, 4, 3, 1]
[4, 3, 11, 4, 4, 1]
[4, 4, 10, 4, 4, 1]
[4, 3, 10, 4, 4, 1]
[4, 3, 11, 5, 5, 1]
[4, 3, 10, 5, 5, 1]
[8, 10, 6, 5, 1]
[8, 9, 6, 6, 1]
[9, 8, 6, 7, 1]
[9, 8, 7, 7, 1]
[18, 7, 7, 1]
[1, 16, 7, 6, 1]
[16, 8, 6, 1]
[15, 9, 5, 1]
[15, 9, 6, 1]
[15, 9, 7, 1]
[14, 9, 7, 1]
[14, 10, 2, 4, 1]
[13, 10, 2, 4, 1]
[24, 2, 4, 1]
[23, 2, 5, 1]
[21, 2, 4, 1]
[22, 2, 4, 1]
[11, 11, 2, 5, 1]
[10, 12, 2, 5]
[10, 12, 2, 5]
[11, 14, 2, 6]
[11, 6, 9, 2, 6]
[12, 7, 8, 2, 6]
[12, 7, 7, 3, 8]
