Puzzle number: 160598
width:  40
height:  40
solved_count:  102
AVE_TIME:  '00:20:32'
ave_time_count:  100

top_values
[2, 27]
[32]
[36]
[31, 5]
[35]
[6, 23]
[1, 17]
[18, 11]
[26, 7]
[30, 4]
[33]
[4, 25]
[20]
[9, 18]
[16, 15]
[20, 12]
[24, 9]
[27, 7]
[12, 16, 4]
[13, 17, 2]
[12, 18]
[11, 6, 11]
[3, 9, 6, 11]
[3, 7, 7, 11]
[1, 4, 6, 7, 11]
[2, 5, 5, 7, 10]
[3, 6, 4, 7, 9]
[4, 7, 2, 7, 8]
[5, 8, 8, 5]
[5, 9, 8, 5]
[6, 10, 8, 5]
[6, 12, 7, 4]
[6, 14, 7, 3]
[6, 1, 12, 7, 2]
[7, 2, 10, 6, 2]
[7, 7, 9, 5, 1]
[6, 9, 9, 3]
[5, 11, 10, 1]
[1, 13, 11]
[15, 12]

left_values
[1, 3, 4, 7, 15]
[1, 3, 4, 7, 1, 13]
[3, 4, 8, 1, 12]
[3, 5, 8, 2, 11]
[4, 4, 9, 2, 10]
[4, 4, 9, 4, 7]
[3, 4, 9, 4, 2]
[3, 4, 10, 6, 2]
[4, 4, 10, 8, 5]
[4, 4, 10, 9, 5]
[4, 4, 10, 7, 6]
[4, 5, 11, 6, 6]
[5, 5, 4, 7, 7, 5]
[5, 5, 4, 6, 6, 5]
[5, 5, 5, 6, 6, 5]
[6, 5, 6, 5, 5, 4]
[6, 5, 6, 4, 5, 4]
[6, 5, 6, 2, 5, 3]
[6, 6, 7, 5, 3]
[6, 6, 9, 5, 2]
[6, 6, 9, 5, 1]
[6, 5, 10, 6, 1]
[6, 6, 11, 6]
[7, 6, 13, 7]
[7, 6, 4, 8, 6]
[7, 7, 5, 8, 6]
[7, 6, 6, 8, 5]
[7, 6, 5, 8, 4]
[7, 7, 6, 8, 4]
[8, 7, 7, 7, 3]
[8, 6, 7, 7, 3]
[8, 7, 8, 6, 2]
[3, 4, 7, 8, 6, 2]
[3, 5, 7, 9, 4, 1]
[3, 5, 7, 9, 4, 1]
[4, 4, 7, 10, 3]
[4, 5, 7, 10, 3]
[4, 5, 7, 10]
[4, 4, 7, 5, 6]
[3, 4, 7, 4, 6]
