Puzzle number: 160601
width:  35
height:  30
solved_count:  133
AVE_TIME:  '00:14:43'
ave_time_count:  100

top_values
[5, 9]
[5, 9]
[5, 9]
[1, 5, 9]
[3, 4, 9]
[4, 3, 9]
[6, 9]
[7, 9]
[9, 10]
[11, 6]
[13]
[16]
[21, 2]
[29]
[27]
[1, 24]
[3, 20]
[5, 16]
[7, 6]
[8, 3]
[8, 6]
[7, 15]
[7, 15]
[1, 5, 10]
[5, 8]
[5, 6]
[5, 5]
[5, 4]
[4, 3]
[4, 3]
[4, 2]
[4, 1]
[3]
[3]
[4]

left_values
[10, 9]
[10, 7]
[10, 12]
[1, 10, 13]
[2, 9, 15]
[3, 10, 15]
[4, 9, 16]
[4, 8, 2, 5]
[4, 9, 8, 2]
[3, 8, 10, 1]
[3, 8, 11, 1]
[1, 2, 8, 7]
[2, 1, 8, 6]
[3, 7, 5]
[4, 7, 4]
[5, 8, 4]
[6, 7, 3]
[7, 7, 3]
[8, 7, 2]
[8, 7, 3]
[8, 7, 3]
[7, 5, 3]
[6, 5, 3]
[5, 5, 3]
[5, 5, 2]
[4, 5, 1]
[3, 5]
[2, 4]
[2, 4]
[2, 3]
