Puzzle number: 160719
width:  50
height:  50
solved_count:  198
AVE_TIME:  '00:13:05'
ave_time_count:  130

top_values
[18]
[21]
[23]
[25]
[27]
[8, 6]
[19, 2]
[24]
[27]
[30]
[12, 11]
[8, 9]
[8]
[8]
[6]
[5]
[4]
[4]
[3]
[2]
[2]
[2]
[1]
[1]
[1]
[]
[]
[2]
[4]
[5]
[6]
[7]
[10]
[14]
[16]
[17]
[19]
[20]
[22]
[13, 9]
[12, 9]
[12, 8]
[12, 9]
[11, 8]
[11, 8]
[11, 8]
[11, 8]
[10, 8]
[10, 8]
[10, 8]

left_values
[]
[]
[]
[]
[]
[]
[]
[]
[]
[]
[]
[]
[]
[]
[1]
[2, 1]
[3, 2]
[4, 3]
[5, 4]
[5, 5]
[6, 5]
[7, 6]
[6, 7]
[7, 8]
[7, 9]
[8, 8]
[8, 8]
[8, 8]
[8, 9]
[4, 4, 8]
[4, 4, 8]
[4, 4, 9]
[5, 4, 8]
[5, 4, 8]
[5, 4, 9]
[5, 4, 8]
[5, 5, 8]
[5, 5, 8]
[5, 5, 8, 2]
[5, 5, 8, 5]
[5, 5, 8, 8]
[5, 6, 19]
[5, 6, 20]
[5, 6, 20]
[6, 6, 21]
[6, 7, 21]
[6, 8, 20]
[6, 8, 3, 13]
[7, 10, 3, 10]
[7, 12, 2, 8]
