Puzzle number: 160823
width:  40
height:  50
solved_count:  436
AVE_TIME:  '00:01:47'
ave_time_count:  186

top_values
[6, 3]
[6]
[6]
[6]
[8]
[9]
[5, 4]
[3, 3]
[1, 3]
[3]
[2]
[2]
[4]
[5]
[5]
[5]
[4]
[3]
[1]
[]
[]
[]
[]
[]
[]
[]
[]
[]
[]
[]
[]
[]
[]
[]
[]
[]
[]
[]
[]
[]

left_values
[9, 2]
[8, 2]
[8, 3]
[7, 3]
[7, 4]
[6, 4]
[3, 4]
[6, 4]
[9]
[5]
[]
[1]
[1]
[1]
[]
[]
[]
[]
[]
[]
[]
[]
[]
[]
[]
[]
[]
[]
[]
[]
[]
[]
[]
[]
[]
[]
[]
[]
[]
[]
[]
[]
[]
[]
[]
[]
[]
[]
[]
[]
