Puzzle number: 16101
width:  50
height:  40
solved_count:  2362
AVE_TIME:  '00:13:47'
ave_time_count:  1157

top_values
[12, 21]
[13, 18]
[8, 5, 10]
[7, 6, 4]
[6, 10]
[5, 18]
[5, 24, 2]
[5, 6, 21]
[5, 5, 21]
[5, 6, 13]
[4, 6, 12]
[3, 6, 2, 5]
[4, 6, 3, 1]
[4, 6, 5, 1]
[4, 6, 7, 1]
[3, 6, 3, 6]
[3, 6, 3, 4]
[3, 6, 3, 3]
[3, 6, 3, 1]
[2, 7, 3, 2]
[2, 9, 3, 2]
[1, 11, 3, 2, 1]
[1, 14, 3, 1]
[2, 16, 3, 3]
[1, 16, 5, 2]
[26]
[29]
[30]
[29]
[27]
[27]
[26]
[25]
[22]
[20]
[1, 17]
[16]
[15]
[13]
[9]
[9]
[9]
[3, 5]
[3, 5]
[3, 5]
[3, 5]
[3, 5]
[3, 5]
[3, 4]
[3, 3]

left_values
[]
[]
[5]
[11]
[16]
[19]
[21]
[10, 3, 8]
[4, 3]
[3, 2]
[2, 19]
[3, 24]
[29]
[31]
[31]
[31]
[5, 14]
[4, 13]
[3, 14]
[1, 5, 13]
[1, 5, 15]
[1, 5, 13]
[2, 4, 13]
[2, 4, 14]
[2, 4, 14]
[2, 4, 15]
[2, 4, 13]
[2, 5, 15]
[2, 34]
[2, 33]
[3, 5, 27]
[3, 5, 2, 26]
[3, 5, 2, 25]
[3, 5, 2, 25]
[3, 5, 2, 16]
[3, 5, 1, 22]
[4, 6, 2, 3, 23]
[4, 6, 9, 24]
[4, 11, 2, 23]
[4, 5, 2, 1, 2, 23]
