Puzzle number: 16108
width:  50
height:  40
solved_count:  2559
AVE_TIME:  '00:10:55'
ave_time_count:  1261

top_values
[8]
[9]
[9]
[9]
[1, 8]
[4, 7]
[3, 6, 7]
[18, 6]
[22, 6]
[25, 6]
[29, 6]
[30, 6]
[30, 6]
[4, 20, 6]
[1, 17, 6]
[15, 5]
[13, 5]
[2, 9, 5]
[2, 9, 5]
[3, 2, 9, 5]
[9, 1, 8, 5]
[10, 2, 8, 5]
[11, 2, 8, 5]
[11, 1, 8, 5]
[12, 1, 8, 5]
[12, 1, 8, 5]
[12, 1, 8, 5]
[10, 1, 9, 5]
[8, 2, 9, 5]
[7, 2, 9, 5]
[6, 2, 9, 5]
[7, 2, 9, 5]
[8, 2, 10, 5]
[6, 2, 10, 5]
[2, 11, 4]
[2, 12, 4]
[2, 13, 4]
[2, 14, 4]
[2, 15, 4]
[2, 16, 4]
[3, 16, 4]
[3, 17, 3]
[1, 6, 20, 3]
[9, 22, 3]
[4, 25, 3]
[33, 3]
[33, 3]
[33, 2]
[33, 2]
[33, 2]

left_values
[5, 7, 2, 8]
[4, 7, 2, 7]
[4, 8, 2, 7]
[4, 10, 3, 7]
[4, 15, 1, 5]
[4, 15, 2, 5]
[4, 13, 2, 5]
[5, 13, 2, 5]
[5, 12, 8]
[5, 11, 2, 6]
[6, 8, 2, 6]
[7, 4, 2, 7]
[7, 1, 7]
[8, 2, 8]
[8, 2, 8]
[9, 2, 8]
[10, 2, 9]
[11, 2, 11]
[13, 3, 12]
[13, 4, 13]
[10, 4, 5, 15]
[11, 10, 16]
[14, 18]
[45]
[45]
[46]
[45]
[44]
[43]
[39]
[32]
[3, 23]
[5, 14]
[7]
[15]
[34]
[41]
[47]
[50]
[50]
