Puzzle number: 16112
width:  18
height:  40
solved_count:  3791
AVE_TIME:  '00:08:21'
ave_time_count:  1988

top_values
[3, 36]
[30]
[27]
[30]
[21, 4]
[11, 19]
[4, 26]
[1, 1, 29]
[2, 11, 5, 5]
[1, 5, 4, 3, 1, 2]
[4, 2, 9, 3, 2]
[3, 3, 6, 3]
[3, 20, 4]
[2, 9, 3, 2, 10, 2]
[7, 26]
[28]
[25]
[23]

left_values
[1, 3, 5]
[1, 2, 5]
[1, 2, 1, 4]
[2, 1, 1, 4]
[1, 2, 1, 2, 4]
[1, 2, 3, 4]
[1, 2, 6, 4]
[1, 2, 2, 2, 3]
[1, 2, 4, 2, 3]
[1, 2, 5, 5]
[2, 6, 1, 5]
[2, 2, 3, 7]
[2, 2, 3, 6]
[9, 6]
[9, 6]
[10, 6]
[10, 1, 4]
[8, 2, 1, 4]
[8, 2, 6]
[8, 1, 6]
[8, 1, 6]
[8, 1, 1, 4]
[8, 1, 6]
[8, 1, 5]
[8, 1, 1, 3]
[4, 3, 2, 4]
[4, 3, 1, 4]
[4, 5, 4]
[4, 4, 4]
[4, 4, 4]
[4, 4, 4]
[4, 4, 1, 2]
[4, 2, 4]
[4, 3, 5]
[4, 3, 1, 3]
[4, 7]
[5, 2, 1]
[5, 4, 1]
[5, 2, 1]
[5]
