Puzzle number: 161161
width:  40
height:  35
solved_count:  637
AVE_TIME:  '00:04:03'
ave_time_count:  205

top_values
[27]
[28]
[30]
[31]
[32]
[32]
[33]
[34]
[34]
[34]
[33]
[33]
[32]
[31]
[30]
[29]
[29]
[30]
[31]
[32]
[32]
[33]
[34]
[34]
[34]
[34]
[34]
[33]
[32]
[31]
[30]
[27]
[27]
[24]
[22]
[19]
[16]
[12]
[9]
[]

left_values
[]
[8, 9]
[12, 12]
[13, 15]
[14, 17]
[15, 19]
[37]
[37]
[38]
[39]
[39]
[39]
[39]
[39]
[39]
[39]
[39]
[39]
[38]
[38]
[37]
[37]
[36]
[36]
[35]
[35]
[34]
[33]
[33]
[30]
[29]
[27]
[25]
[22]
[20]
