Puzzle number: 161195
width:  50
height:  50
solved_count:  326
AVE_TIME:  '00:10:24'
ave_time_count:  130

top_values
[6, 6]
[5, 10]
[5, 10]
[6, 9]
[7, 8]
[6, 7]
[6, 8]
[6, 8]
[6, 9]
[6, 11]
[6, 11]
[7, 12]
[7, 12]
[7, 12]
[8, 13]
[7, 12, 1]
[7, 1, 14, 3]
[7, 9, 2]
[7, 7, 2]
[2, 1, 8, 2]
[3, 11, 2]
[4, 4, 12, 2]
[5, 5, 16, 3]
[5, 4, 17, 2]
[5, 6, 19, 2]
[5, 6, 23]
[5, 6, 22]
[13, 22]
[14, 23]
[13, 22]
[13, 22]
[15, 21, 1]
[16, 21, 2]
[12, 2, 20, 2]
[16, 21, 3]
[16, 26]
[16, 26]
[16, 26]
[15, 26]
[15, 27]
[15, 28]
[15, 27]
[15, 26, 1]
[15, 28]
[15, 28]
[15, 28]
[14, 28]
[14, 28]
[13, 28]
[13, 28]

left_values
[50]
[50]
[19, 30]
[20, 29]
[19, 28]
[1, 16, 23]
[1, 8, 1, 26]
[1, 2, 26]
[1, 29]
[29]
[29]
[27]
[6, 16]
[1, 4, 1, 2, 14]
[1, 7, 15]
[2, 10, 6]
[2, 3, 12]
[2, 6, 14, 16]
[3, 40]
[3, 41]
[3, 41]
[4, 42]
[4, 42]
[18, 30]
[18, 30]
[17, 28]
[16, 28]
[13, 28]
[12, 28]
[7, 27]
[2, 26]
[26]
[25]
[25]
[25]
[25]
[3, 23]
[2, 3, 22]
[7, 15]
[7, 19]
[18]
[16]
[15]
[3, 7]
[1, 8]
[]
[]
[]
[]
[]
