Puzzle number: 161173
width:  45
height:  45
solved_count:  396
AVE_TIME:  '00:01:53'
ave_time_count:  135

top_values
[32]
[15, 9]
[9]
[8]
[8]
[7]
[6]
[5]
[5]
[3, 1]
[3]
[4]
[3]
[3]
[3]
[4]
[4]
[3]
[3]
[3]
[3]
[3]
[3]
[3]
[3]
[4]
[4]
[4]
[3]
[3]
[4]
[3]
[3]
[4]
[3]
[4]
[3]
[3]
[3]
[2]
[1]
[]
[]
[]
[]

left_values
[]
[]
[]
[]
[]
[]
[]
[]
[]
[]
[]
[]
[]
[1]
[1]
[1]
[1]
[2]
[2]
[2]
[2]
[2]
[2]
[2]
[2]
[2]
[2]
[2]
[2]
[2]
[2]
[2]
[1]
[1]
[1]
[1]
[3]
[5, 13]
[6, 20]
[7, 25]
[17, 11]
[12, 7]
[9, 6]
[9, 5]
[10, 4]
