Puzzle number: 161206
width:  50
height:  50
solved_count:  351
AVE_TIME:  '00:08:22'
ave_time_count:  104

top_values
[]
[]
[]
[]
[]
[]
[]
[]
[]
[]
[]
[2]
[4]
[5]
[7]
[8]
[12]
[13]
[14]
[13]
[12]
[11]
[11]
[9]
[1, 9]
[1, 8]
[1, 9]
[3, 8]
[3, 7]
[3, 7]
[3, 7]
[4, 7]
[5, 7]
[4, 7]
[7]
[7]
[7]
[6]
[5]
[4]
[3, 3]
[4, 4]
[6, 1, 4]
[8, 1, 3]
[9, 2, 4]
[9, 3, 4]
[11, 4, 4]
[12, 4, 4]
[12, 4, 3]
[12, 4, 4]

left_values
[9, 8]
[7, 10]
[7, 10]
[3, 9]
[2, 8]
[8]
[7]
[7]
[6]
[4]
[4]
[3]
[2]
[]
[]
[]
[]
[]
[]
[]
[]
[]
[]
[]
[]
[8]
[6]
[5]
[4]
[]
[]
[]
[]
[8]
[12]
[15]
[22]
[24]
[27]
[29]
[13, 6]
[13, 7]
[13, 6]
[12, 5]
[12, 3]
[12, 1]
[12]
[9]
[6]
[3]
