Puzzle number: 161219
width:  30
height:  30
solved_count:  594
AVE_TIME:  '00:01:47'
ave_time_count:  127

top_values
[1]
[1]
[1]
[3]
[]
[]
[]
[]
[1]
[2]
[5]
[4]
[5]
[6]
[2, 7]
[1, 8]
[1, 8]
[1, 8]
[1, 8]
[1, 8]
[1, 1, 8]
[1, 14]
[2, 3, 8]
[4, 8]
[5, 8]
[6, 11]
[7, 11]
[8, 11]
[8, 11]
[8, 11]

left_values
[1, 1, 1]
[1, 9]
[4]
[]
[]
[]
[]
[]
[3]
[4]
[5]
[6]
[7]
[8]
[9]
[10]
[1]
[1, 5]
[1, 5]
[1, 5]
[15]
[16]
[17]
[18]
[19]
[20]
[21]
[22]
[1]
[1]
