Puzzle number: 161223
width:  30
height:  30
solved_count:  381
AVE_TIME:  '00:11:58'
ave_time_count:  143

top_values
[1, 1, 2]
[3, 3]
[1, 2, 1]
[2, 2, 3]
[3, 3, 6]
[4, 2, 5, 2]
[5, 2, 2, 2, 2]
[6, 4, 2, 2]
[7, 9, 2]
[8, 3, 3, 2]
[8, 1, 2, 2]
[8, 1, 2, 2]
[21, 1, 2]
[1, 1, 1, 3]
[1, 1, 1, 3]
[1, 1, 1, 2]
[1, 1, 1, 2]
[1, 1, 1, 2]
[1, 1, 1, 1]
[1, 1, 5, 1]
[1, 1, 6, 2]
[1, 1, 6, 1]
[1, 1, 6, 1]
[1, 1, 6]
[1, 1, 6]
[1, 1, 6]
[1, 1, 5]
[1, 1, 1]
[1, 1, 1]
[1, 1, 1]

left_values
[4]
[5]
[6]
[7]
[8]
[9]
[10]
[28]
[1]
[1]
[1]
[1]
[2, 18]
[1, 1]
[2, 1]
[1, 6]
[9, 8]
[9, 1, 8]
[5, 3, 1, 8]
[2, 3, 1, 8]
[2, 1, 18]
[1, 1]
[1, 2]
[7]
[8]
[1, 2]
[1, 2]
[15]
[18]
[2, 3]
