Puzzle number: 161399
width:  50
height:  35
solved_count:  174
AVE_TIME:  '00:03:52'
ave_time_count:  105

top_values
[6, 14]
[6, 14]
[6, 14]
[6, 14]
[6, 14]
[6, 14]
[6, 14]
[6, 14]
[6, 14]
[6, 14]
[6, 14]
[6, 14]
[6, 15]
[6, 15]
[6, 15]
[6, 15]
[5, 15]
[5, 15]
[5, 15]
[4, 15]
[4, 15]
[4, 16]
[3, 16]
[3, 17]
[2, 17]
[1, 17]
[1, 18]
[19]
[20]
[20]
[20]
[20]
[19]
[19]
[19]
[18]
[18]
[17]
[17]
[16]
[10, 4]
[9, 3]
[8, 3]
[7, 3]
[6, 3]
[5, 3]
[3, 3]
[1]
[]
[]

left_values
[27, 19]
[25, 19]
[24, 20]
[22, 20]
[19, 22]
[16, 22]
[23, 1]
[2, 25, 2]
[8, 30, 3]
[41, 3]
[40, 3]
[44]
[43]
[42]
[41]
[40]
[39]
[37]
[35]
[32]
[29]
[22]
[10]
[]
[]
[]
[]
[]
[]
[]
[]
[]
[]
[]
[]
