Puzzle number: 161471
width:  45
height:  50
solved_count:  315
AVE_TIME:  '00:01:38'
ave_time_count:  101

top_values
[19]
[20]
[20]
[20]
[20]
[20]
[20]
[21]
[21]
[1, 22]
[2, 23]
[3, 2, 23]
[4, 2, 24]
[4, 2, 25]
[8, 25]
[8, 25]
[39]
[41]
[42]
[42]
[39]
[38]
[37]
[37]
[37]
[38]
[38]
[39]
[40]
[40]
[40]
[40]
[40]
[39]
[39]
[38]
[38]
[37]
[38]
[41]
[43]
[44]
[45]
[46]
[48]

left_values
[]
[]
[1]
[1]
[2]
[3]
[4]
[5]
[2, 5]
[3, 6]
[3, 5, 6]
[5, 8, 6]
[6, 12, 7]
[29]
[29]
[29]
[36]
[35]
[34]
[33]
[31]
[34]
[34]
[31]
[29]
[32]
[33]
[35]
[36]
[38]
[44]
[45]
[45]
[45]
[45]
[45]
[45]
[45]
[45]
[45]
[45]
[45]
[45]
[45]
[45]
[45]
[45]
[45]
[45]
[45]
