Puzzle number: 161434
width:  45
height:  40
solved_count:  424
AVE_TIME:  '00:01:14'
ave_time_count:  157

top_values
[40]
[40]
[40]
[40]
[40]
[40]
[40]
[40]
[40]
[39]
[39]
[28, 9]
[27, 5]
[25]
[22]
[18]
[14]
[]
[]
[]
[]
[]
[]
[]
[]
[]
[]
[]
[]
[]
[7]
[17]
[20]
[21]
[21]
[21]
[21]
[21]
[22]
[22]
[22]
[22]
[22]
[22]
[22]

left_values
[9]
[13]
[14]
[15]
[16]
[17]
[17]
[17]
[17]
[17]
[17]
[17]
[17]
[17]
[17]
[17]
[17]
[17]
[17, 7]
[16, 12]
[16, 13]
[16, 13]
[15, 13]
[15, 14]
[15, 14]
[14, 14]
[14, 14]
[13, 14]
[12, 14]
[11, 14]
[11, 14]
[12, 14]
[12, 14]
[12, 15]
[12, 15]
[13, 15]
[13, 15]
[13, 15]
[13, 15]
[13, 15]
