Puzzle number: 161518
width:  50
height:  40
solved_count:  224
AVE_TIME:  '00:05:12'
ave_time_count:  103

top_values
[]
[]
[]
[]
[]
[]
[]
[]
[]
[]
[]
[]
[]
[]
[]
[]
[]
[]
[]
[]
[]
[]
[]
[]
[]
[]
[]
[3, 1]
[5]
[8]
[10]
[13]
[16]
[19]
[21]
[24, 2]
[14, 11, 3]
[11, 9, 4]
[8, 13]
[7, 12]
[3, 11]
[10]
[9]
[9]
[10]
[10]
[11]
[12]
[12]
[12]

left_values
[2]
[2]
[2]
[2]
[2]
[3]
[3]
[3]
[3]
[3]
[4]
[3]
[4]
[4]
[5]
[5]
[5]
[5]
[6]
[6]
[7]
[6]
[7]
[8]
[9]
[10]
[11]
[13]
[14, 3]
[21]
[19]
[18]
[17]
[15]
[13]
[12]
[13]
[14]
[6, 6]
[1, 4, 4]
