Puzzle number: 161574
width:  40
height:  50
solved_count:  697
AVE_TIME:  '00:02:44'
ave_time_count:  148

top_values
[6]
[10]
[20]
[6, 22]
[10, 22]
[12, 28]
[43]
[44]
[46]
[47]
[48]
[50]
[48]
[47]
[46]
[44]
[42]
[41]
[10, 28]
[6, 22]
[22]
[22]
[22]
[3, 22]
[35]
[41]
[48]
[50]
[50]
[50]
[50]
[50]
[50]
[50]
[50]
[50]
[50]
[50]
[50]
[50]

left_values
[1, 13]
[1, 13]
[3, 14]
[5, 14]
[7, 14]
[7, 14]
[9, 14]
[10, 14]
[12, 14]
[13, 15]
[15, 15]
[15, 15]
[17, 15]
[17, 15]
[17, 15]
[17, 16]
[17, 17]
[17, 17]
[15, 17]
[15, 16]
[12, 16]
[12, 16]
[14, 16]
[14, 16]
[14, 16]
[14, 16]
[14, 16]
[14, 16]
[37]
[37]
[38]
[39]
[40]
[40]
[40]
[40]
[40]
[40]
[39]
[39]
[39]
[38]
[38]
[38]
[38]
[38]
[38]
[38]
[38]
[38]
