Puzzle number: 161627
width:  50
height:  50
solved_count:  72
AVE_TIME:  '00:32:08'
ave_time_count:  72

top_values
[1, 36]
[7, 31]
[5, 27]
[5, 11, 15]
[1, 14, 10, 15]
[16, 10, 17]
[13, 3, 8, 19]
[12, 2, 7, 20]
[8, 3, 6, 20]
[5, 3, 5, 14]
[5, 2, 5, 12]
[3, 4, 4, 10]
[2, 5, 4, 9, 4]
[2, 8, 3, 9, 5]
[1, 10, 3, 9, 3]
[11, 4, 8, 5]
[10, 1, 3, 7, 5, 6]
[11, 1, 3, 8, 4, 8]
[11, 1, 3, 7, 3, 9]
[10, 1, 2, 7, 1, 6]
[8, 1, 2, 7, 6]
[7, 1, 2, 7, 6]
[5, 2, 3, 7, 6, 2]
[5, 2, 2, 8, 6, 3]
[4, 2, 2, 7, 6, 4]
[3, 3, 1, 7, 6, 4]
[2, 4, 1, 7, 7, 3]
[1, 6, 8, 7, 5]
[1, 9, 8, 6, 6]
[10, 8, 6, 5]
[1, 10, 9, 7, 4]
[12, 9, 7, 1]
[10, 9, 7, 2]
[3, 1, 9, 7, 5]
[1, 1, 9, 7, 7]
[3, 10, 21]
[5, 10, 21]
[3, 10, 19]
[1, 11, 15]
[11]
[19]
[25]
[33, 4]
[50]
[9, 37]
[4, 33]
[28]
[9, 23]
[7, 20]
[11, 7, 9]

left_values
[1, 5, 4, 5, 3, 4]
[5, 8, 3, 2, 4]
[5, 7, 4, 2, 5]
[5, 7, 4, 1, 5]
[6, 7, 4, 2, 5]
[6, 7, 5, 1, 5, 1]
[4, 7, 5, 1, 6, 1]
[5, 7, 5, 1, 6, 1]
[5, 7, 6, 7, 1]
[5, 7, 6, 6, 1]
[1, 4, 7, 5, 7, 1]
[1, 4, 7, 6, 8, 1, 1]
[1, 4, 6, 4, 9, 1, 1]
[1, 4, 7, 4, 10, 1, 1]
[2, 3, 7, 5, 11, 1, 1]
[2, 3, 5, 4, 12, 1, 1]
[2, 3, 15, 13, 1]
[1, 13, 9, 6, 2]
[1, 8, 5, 9, 6, 2]
[7, 4, 10, 6, 2]
[5, 8, 10, 6, 1]
[3, 16, 11, 6, 2]
[2, 16, 12, 7, 2]
[16, 13, 6, 2]
[13, 14, 6, 1]
[11, 15, 6, 1]
[9, 16, 6, 1]
[8, 15, 6, 1]
[7, 14, 2, 6]
[6, 15, 3, 6]
[6, 14, 6, 7]
[5, 13, 8, 7]
[4, 12, 9, 7]
[3, 11, 13, 6]
[3, 10, 2, 14, 6]
[14, 4, 16, 6]
[13, 3, 17, 6]
[12, 3, 12, 4, 6]
[11, 2, 11, 4, 7]
[11, 3, 9, 4, 7]
[11, 3, 7, 4, 7]
[10, 3, 5, 4, 7]
[10, 2, 5, 4, 7]
[9, 2, 4, 2, 5, 7]
[9, 2, 4, 3, 5, 7]
[9, 1, 3, 6, 5, 7]
[9, 3, 7, 5, 8]
[9, 3, 7, 4, 7]
[9, 3, 4, 3, 5, 7]
[9, 2, 3, 2, 4, 7]
