Puzzle number: 161756
width:  45
height:  40
solved_count:  183
AVE_TIME:  '00:05:12'
ave_time_count:  103

top_values
[3]
[2]
[2]
[3]
[2, 2]
[3, 2]
[4, 2]
[5, 3]
[3, 2, 1, 3]
[3, 2, 1, 3]
[3, 3, 2, 3]
[4, 3, 6]
[4, 2, 5]
[5, 4, 3]
[5, 5, 3]
[4, 8]
[5, 6]
[5, 6]
[5, 4]
[6]
[6]
[7]
[6]
[6]
[4]
[2]
[]
[]
[]
[]
[]
[]
[]
[]
[]
[]
[]
[]
[]
[]
[]
[]
[]
[]
[]

left_values
[3]
[4]
[4]
[4]
[4]
[4]
[4]
[3]
[4]
[4]
[4]
[4]
[4]
[4]
[4]
[3]
[3]
[4]
[3]
[3]
[3]
[3]
[3]
[3]
[3]
[8]
[11]
[6]
[5]
[6]
[4, 5]
[1, 3, 4]
[4, 8]
[18]
[13]
[6]
[]
[]
[]
[]
