Puzzle number: 16179
width:  20
height:  50
solved_count:  3392
AVE_TIME:  '00:03:48'
ave_time_count:  2074

top_values
[7, 9, 4]
[6, 10, 4]
[7, 9, 3]
[7, 8, 3]
[6, 7, 3]
[7, 7, 3]
[8, 6, 2]
[1, 15, 2]
[18, 2]
[18, 3, 2]
[17, 5]
[17, 3]
[17, 3]
[17, 2]
[17, 2]
[17, 3]
[16, 1, 2]
[16, 2]
[16, 4]
[16, 5]

left_values
[13]
[12]
[1, 2, 12]
[20]
[20]
[20]
[20]
[20]
[20]
[15]
[14]
[3, 13]
[20]
[20]
[20]
[20]
[16]
[10]
[6]
[3]
[2]
[]
[]
[]
[]
[]
[]
[]
[]
[]
[]
[]
[1, 1, 1]
[2, 2]
[2, 1, 2]
[10]
[20]
[13]
[6]
[2]
[]
[]
[]
[]
[]
[]
[]
[]
[]
[]
