Puzzle number: 161713
width:  45
height:  40
solved_count:  519
AVE_TIME:  '00:01:08'
ave_time_count:  180

top_values
[40]
[40]
[40]
[40]
[40]
[12, 2, 2, 2, 6]
[12, 2, 2, 2, 6]
[12, 2, 2, 2, 6]
[12, 2, 2, 2, 6]
[12, 2, 2, 2, 6]
[40]
[40]
[12, 2, 2, 2, 6]
[12, 2, 2, 2, 6]
[12, 2, 2, 2, 6]
[12, 2, 2, 2, 6]
[12, 2, 2, 2, 6]
[40]
[40]
[12, 2, 2, 2, 6]
[12, 2, 2, 2, 6]
[12, 2, 2, 2, 6]
[12, 2, 2, 2, 6]
[12, 2, 2, 2, 6]
[40]
[12, 2, 2, 2, 6]
[12, 2, 2, 2, 6]
[12, 2, 2, 2, 6]
[12, 2, 2, 2, 6]
[40]
[40]
[40]
[40]
[40]
[40]
[40]
[40]
[40]
[40]
[40]
[13, 2, 2, 2, 5]
[13, 2, 2, 2, 5]
[13, 2, 2, 2, 5]
[13, 2, 2, 2, 5]
[13, 2, 2, 2, 5]

left_values
[45]
[45]
[45]
[45]
[45]
[45]
[45]
[45]
[45]
[45]
[45]
[45]
[5, 2, 2, 1, 16]
[5, 2, 2, 1, 11]
[5, 2, 2, 1, 11]
[5, 2, 2, 1, 11]
[40]
[45]
[5, 2, 2, 1, 16]
[5, 2, 2, 1, 11]
[5, 2, 2, 1, 11]
[5, 2, 2, 1, 11]
[40]
[45]
[5, 2, 2, 1, 16]
[5, 2, 2, 1, 11]
[5, 2, 2, 1, 11]
[5, 2, 2, 1, 11]
[40]
[45]
[5, 2, 2, 1, 16]
[5, 2, 2, 1, 11]
[5, 2, 2, 1, 11]
[5, 2, 2, 1, 11]
[40]
[45]
[45]
[45]
[45]
[45]
