Puzzle number: 161719
width:  45
height:  35
solved_count:  547
AVE_TIME:  '00:00:30'
ave_time_count:  191

top_values
[]
[]
[]
[]
[]
[]
[]
[]
[]
[35]
[35]
[35]
[35]
[35]
[35]
[35]
[35]
[35]
[35]
[35]
[35]
[35]
[35]
[35]
[35]
[2, 2, 23]
[2, 2, 23]
[2, 2, 23]
[2, 2, 23]
[2, 2, 23]
[35]
[35]
[2, 2, 23]
[2, 2, 23]
[2, 2, 23]
[2, 2, 23]
[35]
[35]
[2, 2, 23]
[2, 2, 23]
[2, 2, 23]
[2, 2, 23]
[2, 2, 23]
[35]
[35]

left_values
[16, 2, 2, 2]
[36]
[36]
[16, 2, 2, 2]
[16, 2, 2, 2]
[16, 2, 2, 2]
[36]
[36]
[16, 2, 2, 2]
[16, 2, 2, 2]
[16, 2, 2, 2]
[16, 2, 2, 2]
[36]
[36]
[36]
[36]
[36]
[36]
[36]
[36]
[36]
[36]
[36]
[36]
[36]
[36]
[36]
[36]
[36]
[36]
[36]
[36]
[36]
[36]
[36]
