Puzzle number: 161852
width:  50
height:  49
solved_count:  501
AVE_TIME:  '00:02:25'
ave_time_count:  139

top_values
[32]
[33]
[34]
[34]
[35]
[35]
[36]
[37]
[37]
[38]
[38]
[39]
[39]
[40]
[40]
[40]
[41]
[41]
[42]
[42]
[43]
[43]
[43]
[44]
[44]
[45]
[45]
[44]
[44]
[43]
[42]
[42]
[41]
[40]
[40]
[39]
[39]
[39]
[39]
[39]
[38]
[38]
[37]
[37]
[36]
[36]
[35]
[35]
[35]
[34]

left_values
[27]
[28]
[29]
[30]
[31]
[32]
[33]
[35]
[36]
[38]
[40]
[42]
[44]
[46]
[49]
[50]
[50]
[50]
[50]
[50]
[50]
[50]
[50]
[50]
[50]
[50]
[50]
[50]
[50]
[50]
[50]
[50]
[49]
[48]
[46]
[44]
[43]
[41]
[39]
[37]
[34]
[32]
[30]
[27]
[25]
[22]
[19]
[14]
[12]
