Puzzle number: 16194
width:  50
height:  50
solved_count:  1033
AVE_TIME:  '00:22:50'
ave_time_count:  470

top_values
[4, 7]
[4, 7]
[3, 6]
[4, 5]
[4, 6]
[4, 5]
[4, 5]
[4, 4]
[5, 4]
[2, 2, 5]
[1, 2, 8]
[1, 2, 8]
[1, 3, 8]
[2, 2, 2, 4]
[2, 2, 2, 4]
[1, 2, 1, 4]
[2, 1, 2, 4]
[3, 2, 4]
[3, 2, 4]
[3, 5, 4]
[3, 4, 5]
[2, 3, 2, 2]
[3, 10]
[3, 12]
[15]
[18, 23]
[1, 26, 1, 4]
[25]
[37, 12]
[3, 37]
[9, 15]
[2, 33]
[35]
[7, 34]
[49]
[50]
[10, 38]
[42]
[6, 34]
[14, 34]
[13, 34]
[12, 34]
[11, 34]
[11, 34]
[11, 6, 26]
[9, 2, 2, 26]
[3, 2, 3, 3]
[3, 3, 3, 3]
[2, 3, 3, 3]
[2, 2, 3, 3]

left_values
[5, 4, 2, 6]
[1, 5, 3, 3, 6]
[2, 4, 3, 3, 7]
[4, 4, 3, 3, 7]
[6, 3, 3, 1, 3, 7]
[12, 3, 3, 1, 3, 7]
[12, 3, 3, 3, 7]
[5, 4, 3, 3, 4, 8]
[2, 4, 2, 6, 15]
[3, 4, 1, 5, 17]
[5, 5, 2, 6, 3, 9, 3]
[7, 19, 3, 5]
[13, 13, 8]
[13, 11, 7]
[15, 8, 4]
[14, 8, 1, 4, 2]
[21, 18]
[38]
[6, 23]
[27]
[30]
[27]
[19, 4]
[19]
[25]
[2, 22]
[1, 2, 19]
[2, 2, 15]
[2, 2, 15]
[1, 2, 15]
[1, 2, 15]
[1, 2, 15]
[1, 2, 15]
[1, 2, 15]
[1, 2, 15]
[1, 18]
[1, 18]
[1, 17]
[1, 18]
[1, 18]
[1, 18]
[1, 18]
[1, 18]
[2, 18]
[1, 18]
[1, 18]
[2, 18]
[2, 18]
[2, 18]
[2, 18]
