Puzzle number: 162090
width:  25
height:  25
solved_count:  626
AVE_TIME:  '00:03:28'
ave_time_count:  222

top_values
[1, 1, 1, 3]
[25]
[1, 1, 1, 1, 3]
[2, 2, 2, 2, 3]
[1, 1, 1, 1, 2]
[1, 1, 1, 1, 2]
[1, 1, 1, 1, 2]
[1, 1, 1, 1, 2]
[1, 1, 1, 1, 2]
[1, 1, 1, 1, 2]
[1, 1, 1, 1, 2]
[1, 1, 1, 1, 2]
[25]
[1, 1, 1, 1, 2]
[1, 1, 1, 1, 2]
[2, 2, 2, 2, 3]
[1, 1, 1, 1, 3]
[1, 1, 1, 1, 3]
[1, 1, 1, 1, 3]
[25]
[1, 1, 1, 1, 4]
[1, 1, 1, 1, 4]
[2, 2, 2, 2, 5]
[1, 1, 1, 1, 5]
[25]

left_values
[1, 1, 1, 1]
[1, 1, 1, 3]
[1, 1, 4, 1]
[4, 1, 5, 1]
[1, 13, 1, 1]
[1, 1, 1, 1]
[1, 1, 1, 1]
[1, 1, 1, 3]
[1, 1, 4, 1]
[4, 1, 5, 1]
[1, 13, 1, 1]
[1, 1, 1, 1]
[1, 1, 1, 3]
[1, 1, 4, 1]
[4, 1, 5, 1]
[1, 13, 1, 1]
[1, 1, 1, 1]
[1, 1, 1, 3]
[1, 1, 4, 1]
[3, 1, 5, 1]
[1, 13, 1, 3]
[1, 1, 6]
[4, 1, 10]
[25]
[25]
