Puzzle number: 162142
width:  20
height:  23
solved_count:  737
AVE_TIME:  '00:01:38'
ave_time_count:  129

top_values
[4, 1, 1]
[4, 1]
[4]
[1]
[23]
[1]
[15, 1]
[1, 1, 1, 1, 1]
[1, 1, 1, 1, 1]
[8, 1, 1]
[1, 1, 1, 1, 1]
[1, 1, 1, 1, 1]
[15, 1]
[1]
[1]
[21]
[1]
[1]
[1]
[1]

left_values
[1, 1, 1, 1, 1]
[1, 7, 1]
[1, 1, 1, 1, 1]
[1, 1, 1, 1, 1]
[1, 7, 1]
[1, 1, 1, 1, 1]
[1, 1, 1, 1, 1]
[1, 7, 1]
[1, 1, 1, 1]
[1, 1, 1, 1]
[1, 1, 1, 1]
[1, 1, 1, 1]
[1, 1, 1, 1]
[1, 1, 1, 1, 1]
[1, 1, 7, 1]
[1, 1, 1]
[2, 1, 1]
[1, 1, 1]
[1, 1, 1]
[3, 1, 1]
[1, 16]
[1, 1]
[5]
