Puzzle number: 162405
width:  45
height:  50
solved_count:  526
AVE_TIME:  '00:01:15'
ave_time_count:  123

top_values
[]
[]
[]
[]
[]
[]
[]
[]
[]
[]
[]
[]
[]
[]
[]
[]
[]
[]
[]
[]
[]
[]
[]
[]
[]
[]
[]
[]
[]
[]
[]
[]
[5]
[7]
[10]
[11]
[13, 1]
[16, 1]
[16, 2]
[18]
[17]
[17]
[18]
[18]
[17]

left_values
[]
[]
[]
[]
[]
[]
[]
[]
[]
[]
[]
[]
[]
[]
[]
[]
[]
[]
[]
[]
[]
[]
[]
[]
[]
[]
[]
[]
[]
[]
[]
[2]
[5, 2]
[11]
[11]
[12]
[12]
[13]
[13]
[13]
[13]
[13]
[11]
[9]
[9]
[8]
[8]
[6]
[7]
[9]
