Puzzle number: 162443
width:  45
height:  50
solved_count:  40
AVE_TIME:  '00:21:18'
ave_time_count:  40

top_values
[16]
[1, 16]
[4, 16]
[8, 16, 1]
[12, 16, 2]
[32, 3]
[32, 4]
[32, 5]
[32, 4]
[32, 3]
[29, 2]
[26, 1]
[22]
[18]
[1, 17]
[5, 19]
[9, 20]
[12, 22]
[39]
[40]
[40]
[41]
[41]
[27, 12]
[26, 13]
[23, 11, 3]
[19, 10, 2]
[18, 8, 1]
[19, 7]
[21, 6]
[22, 4]
[24, 3]
[25, 2]
[26, 1]
[27]
[13, 12]
[11, 13]
[9, 12]
[7, 11]
[5, 9]
[3, 8]
[1, 7]
[5]
[4]
[2]

left_values
[8, 2]
[9, 4]
[11, 6]
[12, 8]
[11, 10]
[12, 12]
[26]
[26]
[25]
[1, 24]
[2, 22]
[4, 21]
[5, 19]
[7, 18]
[8, 17]
[9, 19]
[11, 21]
[12, 25]
[11, 28]
[12, 30]
[42]
[41]
[40]
[38]
[22, 12]
[21, 9]
[19, 5]
[18, 2]
[18]
[20]
[23]
[27]
[32]
[32]
[32]
[31]
[30]
[13, 14]
[12, 11]
[11, 8]
[10, 5]
[9, 1]
[8]
[7]
[6]
[5, 1]
[4, 3]
[3, 5, 1]
[2, 7, 2]
[1, 9, 3]
