Puzzle number: 16247
width:  50
height:  42
solved_count:  150
AVE_TIME:  '01:24:16'
ave_time_count:  100

top_values
[2, 4, 7, 5]
[2, 1, 2, 5, 1, 6]
[3, 2, 1, 1, 2, 18]
[2, 2, 1, 2, 2, 1, 1, 3]
[3, 2, 13, 1, 1]
[6, 1, 7, 2, 5, 1, 1]
[7, 3, 5, 1, 5]
[2, 9, 20, 1]
[1, 9, 1, 7, 1, 5]
[10, 3]
[10, 6, 9, 3]
[9, 1, 6, 1, 1, 1]
[14, 1, 1, 1]
[27, 3, 1]
[10, 6]
[8, 3, 5, 1, 1, 2, 1]
[9, 2, 3, 5]
[9, 1, 2, 2]
[22, 2, 1, 2]
[5, 2, 2, 1, 2, 4]
[10, 4, 1, 5]
[9, 1, 2, 2, 3, 1]
[2, 21, 3, 4]
[3, 11, 1, 1, 1, 3]
[3, 3, 6, 1, 1, 8]
[3, 8, 1, 1, 2, 4]
[3, 21, 2]
[3, 30]
[2, 3, 27, 3]
[3, 30, 3]
[2, 30, 2]
[1, 1, 28, 1, 1]
[3, 27, 4]
[2, 28, 2]
[1, 32]
[27, 1]
[2, 31]
[1, 6, 1, 1]
[8, 1, 2, 2, 3]
[13, 1, 4, 3]
[12, 2, 7, 2, 3]
[1, 8, 1, 1, 8, 7]
[1, 9, 11, 1, 2]
[8, 10, 1, 5]
[6, 1, 1, 2, 2, 2]
[5, 3, 1, 1, 1, 2]
[4, 1, 2, 5, 1, 2]
[9, 3, 2, 2, 1]
[9, 2, 6, 3, 1]
[10, 1, 3, 1]

left_values
[1, 2, 1, 2, 1, 2]
[2, 3, 2, 1, 2]
[2, 3, 1, 2]
[1, 3, 3, 2, 2]
[6, 3, 2]
[1, 4, 3]
[2, 4, 3]
[2, 2, 2]
[1, 2, 12, 2]
[2, 44]
[3, 1, 44]
[2, 1, 44]
[3, 1, 17, 25]
[2, 1, 18, 21, 3]
[1, 1, 13, 4, 20, 4]
[1, 13, 4, 12, 6, 3]
[2, 8, 3, 4, 12, 6, 4]
[1, 1, 2, 3, 2, 4, 11, 2, 1, 4]
[1, 1, 2, 3, 1, 1, 2, 11, 3, 1, 3]
[1, 1, 3, 1, 2, 1, 1, 2, 11, 2, 2, 1]
[1, 1, 2, 1, 2, 1, 2, 1, 11, 2, 3]
[1, 1, 3, 1, 2, 1, 2, 2, 11, 1, 3]
[1, 2, 2, 2, 1, 1, 1, 1, 11, 1, 4, 2]
[1, 2, 2, 2, 1, 1, 2, 1, 1, 11, 4, 1, 2]
[1, 2, 2, 2, 1, 1, 2, 1, 1, 11, 3, 1, 1]
[1, 2, 2, 1, 1, 1, 1, 1, 1, 11, 5, 1, 1]
[1, 2, 2, 2, 1, 1, 1, 1, 1, 1, 11, 5, 1, 1]
[1, 2, 2, 2, 1, 1, 1, 3, 1, 11, 1, 4, 2, 1]
[1, 2, 1, 1, 1, 1, 1, 1, 11, 3, 1, 1, 1]
[1, 1, 1, 2, 1, 21, 11]
[2, 2, 2, 1, 1, 2, 1, 1, 10, 1, 2, 2]
[2, 1, 1, 1, 1, 1, 2, 10, 2, 1]
[2, 1, 1, 1, 2, 1, 10, 2, 1, 1, 1]
[3, 1, 1, 1, 2, 1, 1, 1, 3, 10, 4, 1, 2]
[3, 3, 11, 2, 2, 11, 11]
[4, 1, 3, 1, 1, 1, 1, 1, 10, 1, 2]
[2, 6, 3, 1, 1, 5, 1, 2, 2, 1, 3, 1]
[2, 1, 4, 1, 5, 3, 5, 1, 1, 1, 1, 3, 2, 1]
[1, 1, 1, 2, 1, 3, 11, 2, 1, 7, 5]
[1, 4, 1, 1, 1, 3, 1, 2, 2, 3, 1, 1, 1]
[1, 1, 2, 5, 2, 3, 4, 1]
[1, 1, 2, 1]
