Puzzle number: 162509
width:  50
height:  40
solved_count:  378
AVE_TIME:  '00:04:34'
ave_time_count:  107

top_values
[]
[]
[]
[]
[1]
[3]
[6, 4]
[19]
[20]
[21]
[21]
[23]
[24]
[24]
[25]
[25]
[26]
[26]
[27]
[27]
[28]
[24]
[29]
[29]
[30]
[26]
[25]
[26]
[30]
[30]
[28]
[22]
[21]
[29]
[29]
[30]
[30]
[23]
[26]
[26]
[28]
[34]
[34]
[35]
[35]
[26]
[26]
[26]
[27]
[36]

left_values
[]
[]
[]
[]
[4]
[7]
[12]
[12]
[12]
[12]
[6, 15]
[8, 17]
[30]
[32]
[34]
[36]
[38]
[39]
[39]
[41]
[42]
[43]
[43]
[44]
[44]
[44]
[44]
[44]
[44]
[43]
[39, 2]
[38, 1]
[31, 5, 1]
[25, 4, 5, 1]
[24, 4, 4, 1]
[19, 4, 4, 4, 1]
[15, 3, 3, 4, 4, 1]
[16, 3, 3, 4, 4, 1]
[16, 3, 3, 4, 4, 1]
[17, 3, 3, 4, 4, 1]
