Puzzle number: 162637
width:  45
height:  45
solved_count:  363
AVE_TIME:  '00:02:11'
ave_time_count:  143

top_values
[]
[]
[]
[]
[]
[]
[]
[]
[]
[]
[]
[]
[]
[]
[]
[]
[]
[]
[]
[]
[]
[]
[1]
[4]
[4]
[4]
[4]
[5]
[7]
[3, 2]
[10, 2]
[10, 2]
[3, 4]
[6]
[5]
[4]
[5]
[3]
[4]
[1]
[]
[]
[]
[]
[]

left_values
[]
[]
[]
[]
[]
[]
[]
[]
[]
[]
[]
[]
[]
[]
[]
[]
[]
[]
[]
[]
[]
[]
[]
[]
[]
[]
[]
[]
[]
[2]
[2]
[2]
[2]
[2]
[2]
[2]
[2]
[4]
[6]
[3, 3]
[2, 4, 4, 2]
[16]
[16]
[6, 7]
[1, 1, 1, 1]
