Puzzle number: 162658
width:  50
height:  50
solved_count:  330
AVE_TIME:  '00:03:36'
ave_time_count:  109

top_values
[5, 1, 4, 10]
[7, 3, 6, 11]
[32]
[32]
[7, 3, 6, 11]
[5, 1, 4, 10]
[5, 10]
[5, 10]
[5, 1, 4, 10]
[7, 3, 6, 11]
[32]
[32]
[7, 3, 6, 11]
[5, 1, 4, 10]
[5, 10]
[5, 10]
[5, 1, 4, 10]
[7, 3, 6, 11]
[50]
[50]
[50]
[50]
[50]
[50]
[50]
[50]
[50]
[32]
[7, 3, 6, 11]
[5, 1, 4, 10]
[5, 10]
[5, 10]
[5, 1, 4, 10]
[7, 3, 6, 11]
[32]
[32]
[7, 3, 6, 11]
[5, 1, 4, 10]
[5, 10]
[5, 10]
[5, 1, 4, 10]
[7, 3, 6, 11]
[32]
[32]
[7, 3, 6, 11]
[5, 1, 4, 10]
[5, 10]
[5, 10]
[5, 1, 4, 10]
[7, 3, 6, 11]

left_values
[9]
[9]
[9]
[9]
[9]
[9]
[9]
[9]
[9]
[9]
[9]
[9]
[9]
[9]
[9]
[9]
[9]
[9]
[50]
[50]
[50]
[50]
[50]
[4, 4, 12, 4, 4, 1]
[4, 4, 12, 4, 4, 1]
[2, 2, 10, 2, 2]
[6, 6, 14, 6, 6, 2]
[4, 4, 12, 4, 4, 1]
[4, 4, 12, 4, 4, 1]
[2, 2, 10, 2, 2]
[2, 2, 10, 2, 2]
[2, 2, 10, 2, 2]
[4, 4, 12, 4, 4, 1]
[6, 6, 14, 6, 6, 2]
[6, 6, 14, 6, 6, 2]
[6, 6, 14, 6, 6, 2]
[6, 6, 14, 6, 6, 2]
[4, 4, 12, 4, 4, 1]
[2, 2, 10, 2, 2]
[4, 4, 12, 4, 4, 1]
[50]
[50]
[50]
[50]
[50]
[50]
[50]
[50]
[50]
[50]
