Puzzle number: 162686
width:  45
height:  50
solved_count:  332
AVE_TIME:  '00:06:18'
ave_time_count:  146

top_values
[2, 3, 5, 12]
[27]
[27]
[2, 3, 5, 12]
[1, 1, 3, 11]
[1, 11]
[1, 1, 3, 11]
[2, 3, 5, 12, 2]
[27, 3]
[27, 3]
[2, 3, 5, 12, 5]
[1, 1, 3, 11, 6]
[1, 11, 10]
[1, 1, 3, 11, 15]
[2, 3, 5, 13, 16]
[46]
[46]
[46]
[46]
[46]
[46]
[46]
[28, 16]
[2, 3, 5, 12, 13]
[1, 1, 3, 11, 8]
[1, 11, 6]
[1, 1, 4, 11, 4]
[2, 3, 5, 12, 3]
[27, 2]
[27]
[2, 3, 5, 12]
[1, 1, 3, 11]
[1, 11]
[2, 3, 5, 12]
[27]
[27]
[2, 3, 5, 12]
[1, 1, 3, 11]
[1, 11]
[1, 1, 3, 11]
[2, 3, 5, 12]
[27]
[27]
[2, 3, 5, 12]
[1, 1, 3, 11]

left_values
[45]
[4, 4, 10, 4, 4, 4]
[2, 2, 8, 2, 2, 2]
[4, 4, 10, 4, 4, 4]
[5, 6, 12, 6, 5, 6]
[4, 4, 10, 4, 4, 4]
[2, 2, 8, 2, 2, 2]
[2, 2, 8, 2, 2, 2]
[2, 2, 8, 2, 2, 2]
[4, 4, 10, 5, 4, 4]
[5, 6, 12, 6, 5, 6]
[5, 6, 12, 6, 5, 6]
[5, 6, 12, 6, 5, 6]
[4, 4, 10, 4, 4, 4]
[2, 2, 8, 2, 2, 2]
[4, 4, 10, 4, 4, 4]
[45]
[45]
[45]
[45]
[45]
[45]
[45]
[45]
[45]
[45]
[45]
[9]
[7]
[7]
[9]
[10]
[10]
[11]
[11]
[11]
[12]
[12]
[13]
[13]
[15]
[16]
[17]
[20]
[22]
[22]
[]
[]
[]
[]
