Puzzle number: 162676
width:  45
height:  40
solved_count:  213
AVE_TIME:  '00:07:00'
ave_time_count:  128

top_values
[2, 6, 14]
[2, 6, 14]
[1, 6, 14]
[7, 14]
[7, 15]
[8, 15]
[24]
[25]
[25]
[1, 2, 24]
[3, 4, 23]
[9, 23]
[1, 8, 22]
[8, 22]
[9, 20]
[9, 20]
[11, 19]
[12, 18]
[13, 16]
[14, 15]
[14, 14]
[15, 12]
[16, 10]
[17, 7]
[19, 4]
[20]
[20]
[20]
[19]
[19]
[19]
[19]
[18]
[18]
[18]
[17]
[17]
[17]
[16]
[15]
[15]
[15]
[16]
[16]
[16]

left_values
[4, 20]
[2, 29]
[35]
[34]
[34]
[2, 35]
[3, 36]
[36]
[2, 35]
[5, 33]
[9, 31]
[14, 29]
[16, 28]
[17, 27]
[18, 26]
[19, 18, 3]
[20, 16]
[15, 12]
[22, 8]
[23, 4]
[23]
[24]
[24]
[25]
[25]
[25]
[25]
[24]
[23]
[22]
[21]
[18]
[10]
[]
[]
[]
[]
[]
[]
[]
