Puzzle number: 162601
width:  40
height:  50
solved_count:  154
AVE_TIME:  '00:04:12'
ave_time_count:  104

top_values
[12]
[13]
[12]
[13]
[12]
[12]
[12]
[12]
[13]
[13]
[13]
[14]
[14]
[14]
[15]
[15]
[16]
[16]
[16]
[17]
[17]
[19]
[19]
[20]
[21]
[20]
[21]
[22]
[23]
[24]
[25]
[26]
[25]
[23]
[22]
[20]
[19]
[17]
[14]
[11]

left_values
[9]
[9]
[10]
[10]
[11]
[11]
[12]
[12]
[13]
[13]
[14]
[13]
[14]
[15]
[15]
[15]
[16]
[16]
[16]
[16]
[16]
[17]
[17]
[17]
[18]
[18]
[18]
[18]
[18]
[18]
[18]
[18]
[18]
[20]
[20]
[21]
[20]
[18]
[17]
[15]
[13]
[12]
[10]
[9]
[7]
[5]
[4]
[2]
[]
[]
