Puzzle number: 162788
width:  45
height:  50
solved_count:  448
AVE_TIME:  '00:00:29'
ave_time_count:  179

top_values
[]
[]
[]
[]
[]
[]
[]
[]
[]
[]
[]
[]
[]
[]
[]
[]
[]
[]
[]
[]
[]
[]
[1]
[2]
[3]
[4]
[6]
[12]
[6]
[4]
[3]
[2]
[1]
[]
[]
[]
[]
[]
[]
[]
[]
[]
[]
[]
[]

left_values
[]
[]
[]
[]
[]
[]
[]
[]
[]
[]
[]
[]
[]
[]
[]
[]
[]
[]
[]
[]
[]
[]
[]
[]
[]
[]
[]
[]
[]
[]
[]
[]
[]
[]
[]
[]
[]
[1]
[1]
[1]
[1]
[1]
[1]
[1]
[3]
[3]
[5]
[7]
[9]
[5, 5]
