Puzzle number: 16294
width:  40
height:  25
solved_count:  745
AVE_TIME:  '00:12:20'
ave_time_count:  445

top_values
[9, 4]
[6, 1, 2]
[5, 4, 2]
[3, 6, 3]
[4, 3]
[4, 2]
[7, 1, 1]
[14]
[13]
[4, 12]
[5, 11]
[5, 7]
[6, 6, 1]
[7, 5, 1, 2]
[8, 4, 3, 2]
[8, 10, 1]
[8, 11, 1]
[8, 11, 1]
[9, 11, 1]
[10, 10, 1]
[10, 11, 2]
[21, 1]
[21, 1]
[19, 2]
[19, 2]
[12, 2]
[11, 2]
[11, 2]
[11, 2]
[3]
[3]
[6]
[4, 5]
[5, 4]
[6, 4]
[8, 3]
[9, 3]
[9, 3]
[7, 3]
[6, 3]

left_values
[16]
[16]
[16]
[16]
[15]
[13]
[2, 12]
[4, 12]
[4, 2, 8]
[4, 3, 10, 4]
[3, 5, 8, 5]
[3, 8, 9, 7]
[1, 24, 8]
[1, 25, 8]
[1, 26, 8]
[3, 22, 7]
[3, 6, 14, 4]
[3, 5, 14, 3]
[2, 5, 15, 1]
[2, 4, 9, 3, 2]
[1, 4, 10, 4]
[1, 3, 6, 11]
[5, 3, 17]
[6, 2, 20]
[4, 9]
