Puzzle number: 163116
width:  40
height:  45
solved_count:  126
AVE_TIME:  '00:17:46'
ave_time_count:  110

top_values
[]
[]
[]
[]
[]
[]
[]
[]
[2]
[3, 4]
[9, 2]
[3, 2, 3]
[4, 2, 3]
[6, 2, 3]
[2, 3, 2, 3]
[2, 4, 3]
[3, 3, 3]
[3, 3, 3]
[4, 3, 3]
[5, 3, 3]
[2, 3, 3, 3]
[1, 2, 3, 3]
[1, 2, 3, 2]
[2, 3, 3, 3]
[2, 3, 3]
[5, 3, 3]
[4, 11, 3]
[2, 10, 2]
[3, 3, 5, 2]
[3, 5, 2, 2]
[2, 2, 5, 3, 2]
[4, 1, 8, 5, 5]
[14, 3, 2, 9]
[13, 4, 3, 7]
[5, 5, 6, 12]
[1, 15, 16, 2, 3]
[1, 10, 18, 3]
[1, 2, 2, 8, 3, 3]
[1, 2, 11, 2, 2]
[2, 2, 15, 2, 2]

left_values
[2, 6, 4, 2, 2, 7]
[2, 9, 1, 2, 2, 2, 1]
[2, 2, 4, 4, 5, 2]
[4, 3, 7, 5, 3]
[5, 7, 3, 5, 1]
[3, 2, 5, 5, 3]
[3, 2, 2, 5]
[3, 1, 2, 2, 2]
[8, 2, 2, 2]
[8, 2, 2, 2]
[11, 3, 2, 2]
[10, 3, 2, 2]
[9, 3, 2, 2]
[3, 2, 5]
[3, 3, 2, 3]
[7, 2, 3]
[2, 3, 6]
[2, 3, 2, 2, 1]
[5, 2, 2, 1]
[4, 2, 3, 1]
[3, 3, 3, 1]
[6, 3]
[4, 3]
[7]
[6]
[4]
[3]
[2]
[2]
[2]
[2]
[3]
[5]
[6]
[2]
[2]
[4, 3]
[6, 6]
[5, 3, 8]
[6, 3, 3, 4]
[6, 10]
[5, 9]
[3, 2, 2]
[3, 2, 2]
[2, 2, 2]
