Puzzle number: 163429
width:  40
height:  30
solved_count:  104
AVE_TIME:  '00:09:06'
ave_time_count:  95

top_values
[3, 4, 2, 4]
[3, 3, 3, 4]
[3, 3, 3, 4]
[3, 3, 4, 4]
[3, 8, 5]
[3, 7, 4]
[2, 6, 4]
[2, 4, 4]
[1, 4, 7]
[1, 3, 3, 6]
[1, 9, 5]
[8, 3]
[7, 1]
[5, 1]
[3, 2]
[4, 2]
[4, 4]
[4, 5]
[4, 6]
[4, 8]
[4, 9]
[4, 10]
[5, 12]
[17]
[15]
[13]
[11]
[9]
[6]
[5, 4]
[8, 3]
[13]
[9]
[6]
[6]
[5]
[1, 7]
[10]
[9]
[6]

left_values
[7, 2, 4]
[5, 3, 3]
[5, 3, 3]
[4, 3, 3]
[3, 4, 4]
[1, 4, 4]
[9]
[9]
[1, 8]
[9, 7]
[37]
[35]
[29]
[3, 4, 15]
[4, 4, 7]
[4, 3, 6]
[4, 3, 6]
[4, 3, 6]
[2, 2, 6]
[1, 6]
[6]
[6]
[7]
[5, 6]
[9, 7]
[11, 7]
[11, 8]
[5, 4, 7]
[1, 4, 8]
[13]
