Puzzle number: 16564
width:  50
height:  50
solved_count:  977
AVE_TIME:  '01:23:57'
ave_time_count:  406

top_values
[4, 6, 4, 5, 1]
[2, 29]
[4, 2, 35]
[6, 2, 8]
[9, 1]
[4, 2, 1, 2]
[2, 5, 2]
[1, 5, 2]
[1, 4, 7]
[20]
[4, 6, 10]
[6, 6, 15]
[8, 7, 18]
[3, 3, 7, 18]
[2, 2, 7, 9, 9]
[2, 9, 4, 6]
[2, 9, 2, 3]
[2, 10, 2, 3]
[5, 10, 2, 3]
[1, 3, 2, 12, 2]
[7, 3, 11, 1, 4]
[4, 2, 2, 7, 3, 4]
[3, 4, 9, 2]
[2, 5, 3, 8, 1]
[2, 1, 11, 4]
[2, 1, 4, 6, 4]
[2, 2, 1, 4, 7, 5, 1]
[3, 2, 3, 1, 5, 2, 1]
[3, 7, 2, 2, 2, 2]
[2, 5, 6, 2, 3, 2]
[3, 5, 2, 2, 3, 3, 2]
[3, 7, 2, 6, 4, 2]
[2, 9, 3, 6, 4, 2]
[2, 5, 5, 3, 5, 2, 5, 3]
[9, 5, 1, 2, 9, 2, 2, 3]
[7, 5, 1, 1, 5, 1, 3, 2]
[8, 5, 1, 1, 4, 1, 3, 2]
[3, 2, 4, 1, 2, 4, 1, 4, 1]
[3, 2, 5, 2, 2, 4, 2, 2, 2, 1]
[2, 2, 5, 1, 2, 2, 2, 2, 2]
[3, 6, 2, 4, 2, 4, 2, 3]
[2, 5, 2, 4, 2, 3, 2, 2]
[3, 6, 2, 2, 2, 3, 4, 1]
[2, 7, 1, 3, 2, 10, 2]
[7, 2, 4, 2, 11, 2]
[7, 1, 3, 4, 1, 5, 4, 3]
[12, 4, 2, 6, 6, 3]
[19, 9, 3, 3, 2]
[28, 3, 3, 4]
[31, 3, 3]

left_values
[1, 5, 2, 2, 1, 4, 2, 2, 2]
[1, 3, 3, 2, 1, 4, 3, 2, 2]
[1, 2, 2, 2, 2, 5, 3, 5]
[1, 4, 2, 1, 2, 2, 4, 1, 5]
[1, 2, 2, 4, 2, 5, 2, 6]
[5, 3, 2, 3, 2, 2, 6, 7]
[9, 3, 4, 2, 2, 5, 7]
[6, 8, 1, 2, 3, 3, 4]
[2, 3, 7, 2, 2, 2, 8]
[3, 1, 2, 2, 2, 5, 4]
[2, 2, 1, 2, 5, 4]
[2, 2, 2, 2, 5, 5]
[1, 1, 2, 5, 1, 3]
[1, 1, 3, 7, 2, 3]
[5, 1, 2, 7, 1, 3]
[10, 10, 2, 3]
[3, 5, 9, 2, 3]
[2, 6, 8, 2, 4]
[2, 7, 6, 3, 4]
[2, 8, 5, 2, 6]
[2, 8, 2, 3, 7]
[2, 1, 5, 8, 1, 9, 2]
[2, 1, 5, 2, 2, 14, 2]
[2, 2, 5, 3, 4, 5, 2, 2]
[3, 3, 5, 6, 5, 4, 3]
[3, 4, 5, 7, 6, 4]
[3, 4, 5, 3, 2, 6, 4]
[3, 5, 6, 2, 2, 6, 3, 3]
[3, 6, 5, 2, 1, 9, 3, 2, 1]
[3, 6, 5, 4, 2, 5, 3, 4]
[2, 5, 4, 5, 4, 3, 5]
[2, 5, 5, 4, 3, 1, 2, 6]
[2, 5, 22, 6]
[3, 5, 17, 7, 1]
[3, 5, 9, 6, 2]
[3, 13, 4, 2, 3]
[3, 14, 4, 2, 3]
[2, 3, 7, 3, 3, 2]
[2, 3, 25, 2]
[2, 2, 30]
[3, 3, 2, 2, 5, 8]
[3, 3, 1, 1, 4, 5]
[4, 3, 2]
[4, 2, 3]
[4, 8]
[2, 7]
[2, 2, 2, 5, 1, 2]
[2, 2, 2, 7, 2, 3]
[2, 2, 2, 6, 7]
[1, 2, 1, 3, 6, 3]
