Puzzle number: 16600
width:  50
height:  50
solved_count:  295
AVE_TIME:  '01:21:36'
ave_time_count:  129

top_values
[1, 1, 1, 2, 5, 3]
[1, 2, 4, 5, 2]
[4, 4, 2, 1]
[6, 10, 1]
[1, 3, 3, 6, 3]
[1, 3, 6, 2]
[1, 2, 3, 3]
[2, 3, 2]
[1, 3, 2, 1]
[2, 1, 3]
[2, 2, 1, 1, 1]
[1, 1, 1, 2, 1, 1]
[1, 1, 2, 1, 3]
[3, 7, 3]
[5, 6, 3]
[7, 2, 5]
[4, 3, 4, 1]
[8, 3, 6]
[11, 2, 1]
[3, 7, 1, 1, 2]
[5, 4, 1, 2, 2, 2]
[4, 2, 1, 1, 1, 1, 1]
[1, 1, 4, 1, 1, 2, 2, 2]
[7, 1, 1, 3]
[9, 1, 4]
[10, 1, 1, 1, 5]
[4, 7, 2, 2, 7]
[2, 7, 2, 1, 3, 6, 1]
[11, 2, 2, 2, 7, 1]
[5, 6, 1, 3, 4, 2, 1]
[2, 9, 1, 3, 4, 2, 3]
[13, 2, 3, 2, 3]
[3, 7, 4, 1, 1, 1, 1]
[16, 1, 1, 5, 2, 4]
[5, 12, 1, 1, 7, 3, 1, 2, 1]
[5, 14, 1, 1, 1, 7, 1, 2, 1, 2]
[18, 1, 1, 1, 8, 2, 4, 3]
[14, 3, 2, 1, 5, 2, 1, 3, 1, 2]
[10, 3, 1, 2, 6, 1, 3, 1, 3]
[3, 5, 5, 1, 6, 1, 1, 1, 4, 3]
[5, 1, 6, 2, 6, 1, 8, 4]
[4, 1, 1, 1, 4, 1, 1, 2, 8, 4]
[5, 4, 1, 1, 1, 1, 3, 1, 1, 2, 4, 2, 6]
[10, 1, 1, 1, 6, 1, 1, 4, 2, 6]
[7, 2, 1, 3, 1, 5, 1, 1, 1, 1, 15]
[2, 7, 2, 4, 6, 2, 1, 2, 2, 1, 1]
[8, 13, 1]
[7]
[]
[9, 23, 4, 10]

left_values
[4, 2, 1, 1, 4, 3, 1, 1]
[3, 6, 4, 1, 1]
[2, 7, 3, 2, 1]
[1, 2, 5, 1, 6, 1]
[2, 5, 1, 6, 1]
[1, 2, 2, 4, 6, 1]
[1, 1, 2, 4, 5, 1]
[2, 5, 2, 2, 1]
[2, 6, 5, 1]
[9, 6]
[2, 5, 3]
[3, 9, 2, 1]
[1, 1, 14, 1]
[4, 8, 1, 1]
[9, 4, 3, 1]
[14, 4, 1]
[3, 8, 3, 1]
[2, 10, 3, 2, 1]
[13, 1, 1, 1, 1]
[12, 4, 2, 1]
[4, 10, 1, 4, 1]
[9, 1, 7, 1]
[1, 8, 12, 1]
[3, 6, 9, 1]
[9, 1, 3, 3, 1]
[1, 8, 3, 1, 1, 1]
[2, 9, 7, 3, 1]
[3, 1, 3, 2, 3, 1, 1]
[6, 4, 1, 1]
[8, 2, 3, 1, 4, 2, 1, 1]
[7, 3, 4, 2, 1]
[9, 2, 1]
[3, 3, 4, 1, 1]
[6, 5, 1, 3, 2, 2, 1]
[1, 1, 6, 1, 2, 3, 2]
[2, 6, 1, 2, 5, 2, 2, 1]
[2, 2, 2, 3, 2, 4, 1, 4, 1]
[3, 2, 1, 2, 3, 3, 1, 5, 1]
[4, 3, 2, 2, 6, 6, 1]
[4, 3, 2, 2, 4, 7]
[1, 3, 3, 2, 2, 3, 1, 1, 2, 1, 1]
[2, 3, 5, 3, 2, 7, 1]
[2, 3, 4, 5, 2, 10, 1]
[2, 5, 1, 3, 6, 1, 7, 1, 1]
[2, 6, 4, 2, 1, 3, 2, 4, 6, 1]
[3, 7, 8, 9, 1, 1, 3, 1]
[2, 4, 6, 3, 1, 6, 1]
[1, 2, 1, 1, 7, 2, 6, 5, 1, 7, 1]
[2, 4, 1, 4, 1, 2, 5, 3, 1, 10, 1]
[20, 5, 2, 3, 5, 5, 1]
