Puzzle number: 16739
width:  50
height:  45
solved_count:  979
AVE_TIME:  '00:45:31'
ave_time_count:  397

top_values
[1, 6, 4, 13, 6]
[1, 4, 1, 1, 7, 4]
[2, 1, 5, 2]
[4, 2, 3]
[4, 2, 4, 1, 2, 1, 4]
[7, 8, 5]
[9, 8, 6]
[9, 3, 7, 7]
[9, 4, 6, 9, 2]
[14, 6, 10]
[17, 6, 1, 8]
[13, 2, 4, 8]
[13, 3, 6, 4]
[12, 4, 2, 8, 1]
[17, 3, 7, 2]
[15, 4, 11, 6]
[41]
[9, 30]
[9, 29]
[10, 6, 19]
[9, 5, 18]
[9, 1, 3, 9, 2, 1]
[8, 2, 6, 1]
[8, 5, 5, 1, 1]
[7, 12, 1]
[7, 13, 1]
[8, 14, 3, 1]
[6, 1, 17, 1, 1]
[12, 3, 6, 3, 1]
[9, 1, 6, 6]
[8, 4, 6, 1]
[7, 2, 4, 2]
[5, 1, 4, 2]
[6, 1, 4, 1]
[5, 1, 2, 1]
[5, 1, 1]
[4, 2]
[3, 2]
[2, 1]
[1]
[]
[]
[]
[]
[]
[]
[]
[]
[]
[]

left_values
[7]
[1, 9]
[10]
[12]
[12]
[14]
[16]
[16]
[1, 17]
[1, 16]
[2, 17]
[2, 20]
[2, 22]
[2, 25, 1]
[9, 19]
[1, 4, 20]
[3, 9, 16]
[2, 10, 12]
[2, 8, 1, 8]
[1, 3, 2, 4, 5]
[1, 4, 6, 1, 3]
[1, 4, 9, 4]
[2, 6, 8, 3]
[6, 5, 2, 1, 4]
[7, 3, 8]
[2, 8, 3, 7]
[3, 8, 4, 7]
[3, 12, 6]
[4, 12, 5]
[5, 16]
[4, 16]
[2, 17]
[1, 18]
[1, 5, 19, 1]
[1, 5, 8, 2, 6]
[1, 7, 7, 8]
[1, 6, 7, 4]
[1, 7, 6, 1, 2, 2]
[6, 5, 2, 3]
[1, 5, 8, 7]
[1, 4, 7, 6]
[2, 5, 6, 8]
[3, 4, 8, 2, 3]
[3, 13, 1, 2, 2]
[2, 5, 6, 14]
