Puzzle number: 17045
width:  26
height:  25
solved_count:  1903
AVE_TIME:  '00:09:01'
ave_time_count:  879

top_values
[2]
[6]
[2, 2]
[3, 2]
[2, 3]
[2, 2]
[1, 2, 3]
[2, 7]
[2, 13]
[2, 16]
[1, 22]
[22]
[21]
[20]
[18]
[17]
[16]
[13]
[12]
[11]
[9]
[8]
[6]
[4]
[3]
[1]

left_values
[1, 1]
[3]
[5]
[7]
[2, 6]
[1, 1, 7]
[1, 7]
[2, 9]
[2, 10]
[2, 11]
[1, 12]
[2, 14]
[2, 15]
[1, 15]
[2, 16]
[2, 17]
[1, 18]
[2, 18]
[2, 15]
[2, 13]
[1, 10]
[10]
[6]
[3]
[]
