Puzzle number: 17089
width:  50
height:  50
solved_count:  727
AVE_TIME:  '00:24:39'
ave_time_count:  294

top_values
[2, 2, 7, 3, 2, 3, 2]
[2, 1, 8, 2, 2, 2, 2]
[2, 1, 9, 2, 2, 2, 2]
[2, 1, 8, 2, 2, 2, 2]
[2, 1, 7, 2, 2, 1, 2]
[2, 1, 6, 2, 2, 2, 1]
[2, 1, 5, 4, 2, 1, 2, 2]
[2, 1, 5, 14, 2, 2, 2]
[2, 1, 4, 4, 2, 3, 1, 2]
[2, 1, 3, 3, 5, 2, 2]
[2, 1, 7, 19, 1, 1]
[2, 1, 4, 4, 4, 2, 2, 1]
[2, 5, 3, 4, 1, 1, 1]
[2, 4, 3, 2, 2, 2, 1]
[2, 3, 3, 2, 1, 2]
[2, 3, 2, 1, 1, 2]
[2, 5, 4, 2, 2, 2]
[2, 4, 4, 4, 1, 2, 2]
[2, 3, 3, 1, 2, 2, 1]
[2, 3, 2, 9, 2, 2, 2]
[2, 4, 1, 3, 2, 2, 2, 1]
[2, 7, 2, 2, 1, 2, 2, 1]
[2, 47]
[2, 47]
[2, 47]
[50]
[50]
[50]
[50]
[50]
[50]
[50]
[50]
[14, 2, 1, 2, 1]
[9, 2, 2, 2, 1]
[7, 2, 2, 2, 2]
[4, 2, 1, 3, 3, 1]
[3, 2, 2, 10, 2]
[2, 2, 2, 4, 2]
[2, 17, 16]
[2]
[2]
[2]
[2]
[2]
[2]
[50]
[50]
[]
[]

left_values
[48]
[48]
[13, 2]
[16, 2]
[19, 2]
[40, 2]
[1, 28, 2]
[8, 15, 1, 2]
[7, 1, 14, 1, 2]
[9, 2, 13, 1, 2]
[10, 2, 12, 1, 2]
[8, 1, 1, 12, 1, 2]
[8, 1, 2, 12, 1, 2]
[7, 2, 1, 12, 1, 2]
[6, 1, 2, 11, 1, 2]
[5, 2, 1, 11, 1, 2]
[4, 1, 2, 13, 1, 2]
[4, 1, 1, 15, 1, 2]
[3, 2, 1, 14, 3, 1, 2]
[1, 2, 2, 13, 3, 2]
[1, 1, 2, 13, 2, 2, 2]
[1, 1, 2, 13, 2, 1, 2]
[1, 1, 1, 2, 11, 1, 2]
[1, 1, 2, 1, 11, 2, 2]
[2, 1, 1, 1, 11, 1, 2]
[2, 1, 1, 1, 11, 2, 2]
[2, 1, 2, 1, 11, 2, 2]
[2, 1, 1, 1, 11, 2, 2]
[5, 1, 1, 1, 1, 11, 2, 2]
[8, 1, 16, 1, 2]
[1, 4, 2, 2, 11, 1, 2]
[1, 6, 11, 2, 2]
[4, 4, 11, 2, 2]
[2, 3, 5, 11, 2, 2]
[1, 6, 2, 11, 2, 1, 2]
[4, 2, 13, 2, 2]
[1, 1, 3, 12, 3, 2]
[1, 2, 17, 3, 1, 2]
[2, 3, 18, 1, 2]
[2, 4, 11, 1, 2]
[2, 17, 1, 2]
[1, 3, 16, 1, 2]
[2, 2, 11, 1, 2]
[2, 2, 11, 1, 2]
[2, 3, 11, 1, 2]
[2, 3, 11, 1, 2]
[3, 5, 11, 1, 2]
[2, 5, 11, 1, 2]
[3, 4, 11, 1, 2]
[6, 14, 1, 2]
