Puzzle number: 17092
width:  50
height:  50
solved_count:  935
AVE_TIME:  '00:17:44'
ave_time_count:  369

top_values
[]
[]
[1]
[1]
[2]
[2]
[3]
[50]
[50]
[4]
[5]
[6]
[7]
[50]
[50]
[50]
[50]
[50]
[50]
[50]
[50]
[50]
[50]
[50]
[50]
[50]
[50]
[50]
[50]
[50]
[2, 2, 2, 3, 3, 7]
[2, 2, 2, 2, 2, 7]
[2, 2, 2, 1, 2, 10]
[2, 2, 2, 2, 2, 11]
[2, 1, 2, 2, 2, 12]
[2, 2, 2, 2, 2, 6, 6]
[2, 2, 2, 2, 2, 5, 6]
[2, 1, 2, 2, 1, 5, 5]
[2, 2, 2, 2, 2, 5, 4]
[2, 1, 1, 2, 2, 5, 3]
[2, 2, 2, 2, 2, 5, 2]
[2, 2, 2, 2, 2, 5, 7]
[4, 1, 2, 1, 5, 3, 3]
[3, 2, 2, 2, 5, 2, 3, 2]
[3, 2, 2, 2, 5, 2, 7, 1]
[2, 1, 2, 2, 5, 2, 3, 4]
[2, 2, 1, 2, 5, 1, 1, 5]
[2, 1, 2, 1, 6, 2, 1, 3]
[2, 2, 2, 2, 7, 2, 1, 2]
[4, 2, 1, 8, 3, 1, 3, 1]

left_values
[48]
[46]
[24, 3, 1]
[23, 2, 2]
[2, 20, 2, 3]
[2, 19, 3, 3]
[2, 18, 3, 2]
[2, 17, 2, 3]
[2, 17, 3, 2]
[2, 17, 2, 3]
[2, 17, 2, 2]
[2, 19, 2, 1]
[2, 18, 2, 2]
[2, 17, 2, 2]
[2, 17, 2, 3]
[2, 17, 2, 2]
[2, 17, 2, 3]
[2, 19, 3, 2]
[2, 18, 2, 3]
[2, 17, 3, 2]
[2, 17, 3, 2, 1]
[2, 17, 2, 2, 1]
[2, 17, 2, 3, 2]
[2, 17, 2, 2, 2]
[2, 17, 2, 2, 3]
[2, 17, 3, 2, 3]
[2, 19, 3, 4]
[2, 18, 2, 5]
[2, 18, 2, 5]
[2, 17, 2, 5]
[2, 17, 2, 5]
[2, 17, 2, 5]
[2, 19, 4]
[2, 18, 4]
[2, 18, 4]
[2, 17, 4, 3]
[2, 17, 4, 6]
[2, 17, 6, 3, 1]
[2, 17, 6, 2]
[2, 17, 6, 1, 5]
[2, 17, 6, 2, 2]
[2, 24, 1, 2]
[2, 23, 1, 2]
[2, 22, 1, 2, 2]
[2, 24, 1, 2, 3]
[2, 25, 1, 1, 2, 1]
[2, 26, 2, 4]
[2, 27, 1, 2]
[2, 17, 9, 2, 2]
[2, 17, 9, 4, 1]
