Puzzle number: 17108
width:  50
height:  50
solved_count:  379
AVE_TIME:  '00:54:05'
ave_time_count:  124

top_values
[]
[]
[50]
[50]
[2]
[2]
[2]
[2]
[2, 2]
[2, 3]
[2, 6]
[2, 10]
[2, 12]
[2, 13, 13, 16]
[2, 1, 1, 1, 16]
[2, 1, 1, 2, 18]
[2, 1, 2, 1, 20]
[2, 1, 2, 2, 21]
[2, 1, 1, 1, 23]
[2, 1, 2, 2, 24]
[2, 1, 3, 2, 25]
[2, 1, 2, 2, 27]
[2, 1, 2, 2, 28]
[2, 1, 3, 2, 21, 2, 2]
[2, 3, 2, 18, 1, 2]
[2, 1, 2, 16, 1, 2]
[2, 3, 14, 3, 2]
[2, 2, 12, 11]
[2, 2, 11, 3, 2]
[2, 2, 9, 4, 1]
[2, 1, 9, 3]
[2, 1, 9, 2, 3, 1]
[2, 1, 4, 3, 4, 7, 1]
[2, 1, 4, 2, 3, 14]
[2, 1, 5, 2, 3, 4, 9]
[2, 1, 5, 1, 3, 1, 1, 1, 5]
[2, 1, 5, 2, 1, 1, 3, 1, 2]
[2, 1, 4, 1, 1, 4, 1, 1, 2]
[2, 1, 5, 1, 2, 2, 2, 5, 1]
[2, 1, 5, 3, 1, 1, 3, 2, 2]
[2, 1, 6, 2, 2, 3, 3]
[2, 1, 7, 1, 1, 2, 2]
[2, 1, 8, 2, 2, 1]
[2, 7, 1, 1, 2, 2, 1]
[2, 7, 6, 1, 4, 1, 2]
[2, 7, 6, 1, 2, 1, 1, 1]
[2, 7, 1, 2, 1, 1, 2, 1, 2]
[2, 9, 4, 1, 1, 1, 1]
[2, 10, 3, 1, 2]
[2, 11, 1, 1]

left_values
[48]
[48]
[2]
[2, 2]
[2, 3]
[2, 13, 21]
[2, 1, 1, 2, 7]
[2, 1, 2, 1, 9]
[2, 1, 1, 1, 10]
[2, 1, 2, 2, 12]
[2, 1, 2, 1, 14]
[2, 1, 2, 2, 15]
[2, 1, 1, 2, 9, 3]
[2, 1, 2, 2, 11, 1]
[2, 1, 3, 2, 6, 2]
[2, 1, 2, 2, 6, 1]
[2, 4, 2, 7, 2]
[2, 1, 2, 5, 2, 2]
[2, 3, 8, 5, 2]
[2, 3, 10, 3, 4]
[2, 3, 9, 6, 3, 2]
[2, 1, 9, 1, 1, 4]
[2, 1, 10, 2, 4]
[2, 1, 10, 1]
[2, 1, 9, 1, 4]
[2, 1, 9, 1, 2]
[2, 1, 10, 1, 5, 4]
[2, 1, 10, 3, 2]
[2, 1, 10, 2, 1, 1, 3]
[2, 1, 10, 1, 2, 7]
[2, 1, 11, 2, 1, 3, 1]
[2, 1, 11, 1, 1, 3, 3]
[2, 1, 11, 1, 1, 5, 1]
[2, 11, 2, 2]
[2, 13, 1, 2]
[2, 12, 2, 1]
[2, 12, 1, 2]
[2, 12, 1, 2]
[2, 12, 1, 3]
[2, 12, 1, 5]
[2, 13, 2, 8]
[2, 13, 2, 3, 5]
[2, 12, 3, 3, 6]
[2, 12, 1, 3, 1, 2]
[2, 14, 2, 2, 2, 4]
[2, 15, 4, 2, 1, 2]
[2, 13, 2, 2, 2]
[2, 17, 1, 6]
[2, 17, 1, 4, 3]
[2, 15, 3, 1, 2]
