Puzzle number: 17138
width:  50
height:  50
solved_count:  607
AVE_TIME:  '00:56:51'
ave_time_count:  241

top_values
[]
[]
[]
[]
[]
[50]
[50]
[6, 7, 2]
[5, 13, 2]
[17, 7, 9, 2]
[14, 3, 11, 2]
[4, 6, 4, 6, 5, 4]
[8, 3, 5, 3, 3]
[4, 3, 2, 2, 3]
[3, 4, 4, 3, 2, 3]
[4, 1, 4, 10, 6]
[11, 3, 1, 5]
[3, 5, 2, 1, 4]
[1, 2, 8, 3, 6]
[3, 3, 8, 2, 8, 1, 3]
[3, 11, 3, 7, 4]
[3, 4, 4, 3, 1, 1, 6]
[3, 3, 2, 2, 4, 1, 3]
[1, 2, 3, 3, 2, 2, 3]
[1, 2, 2, 3, 3, 4, 2, 3]
[2, 3, 2, 4, 3, 5, 2]
[2, 2, 2, 4, 12, 2, 2]
[3, 2, 2, 1, 2, 2, 3, 2]
[3, 2, 2, 2, 2, 4, 4, 2]
[4, 2, 2, 2, 3, 5, 2, 1, 2]
[6, 2, 2, 3, 2, 2, 2, 3]
[9, 2, 3, 3, 4, 1, 3]
[11, 1, 4, 11, 2, 4]
[14, 2, 2, 2, 1, 4]
[15, 2, 3, 3, 5, 5]
[17, 1, 7, 5, 1, 2, 3]
[19, 3, 11, 1, 1, 3]
[21, 2, 4, 3, 2, 4]
[22, 2, 8, 2, 5]
[24, 2, 2, 2, 3]
[29, 3, 1, 3]
[1, 32, 6]
[1, 38, 3]
[2, 27, 2, 3]
[1, 28, 1, 4]
[1, 29, 5]
[1, 29, 3, 3]
[1, 31, 3]
[1, 38]
[1, 6, 2, 31]

left_values
[2, 3, 2, 1, 2, 13, 3]
[2, 3, 2, 1, 16, 7]
[2, 4, 2, 2, 15]
[2, 5, 2, 1, 12]
[2, 2, 2, 1, 2, 11]
[2, 2, 3, 2, 1, 12]
[2, 2, 3, 1, 2, 11]
[2, 4, 2, 2, 2, 12]
[2, 4, 1, 1, 2, 12]
[2, 4, 2, 2, 12, 1]
[2, 3, 4, 1, 2, 13, 1]
[2, 3, 1, 3, 2, 2, 12, 1]
[2, 3, 7, 2, 15, 2]
[2, 2, 1, 1, 2, 2, 14, 2]
[2, 1, 2, 1, 3, 2, 16]
[2, 2, 1, 1, 2, 2, 14]
[2, 2, 2, 1, 3, 2, 15]
[2, 1, 1, 1, 5, 2, 14]
[2, 1, 1, 2, 2, 1, 2, 13]
[4, 2, 2, 2, 2, 2, 1, 13]
[3, 1, 2, 2, 2, 1, 1, 13]
[3, 2, 2, 2, 3, 2, 2, 12]
[3, 1, 1, 3, 4, 2, 1, 11]
[3, 1, 1, 4, 2, 2, 4, 11]
[3, 1, 2, 2, 1, 2, 2, 2, 2, 10]
[2, 1, 2, 2, 2, 1, 1, 1, 12]
[2, 1, 1, 2, 2, 1, 2, 2, 11]
[2, 2, 1, 2, 1, 2, 2, 2, 10]
[2, 1, 1, 2, 2, 1, 2, 3, 10]
[2, 1, 2, 3, 1, 2, 1, 3, 10]
[4, 1, 1, 2, 2, 1, 1, 2, 9]
[4, 1, 1, 2, 2, 2, 3, 9]
[4, 1, 1, 1, 2, 2, 1, 3, 1, 1, 9]
[5, 1, 1, 2, 2, 1, 1, 1, 1, 1, 1, 9]
[5, 1, 1, 1, 1, 1, 1, 1, 1, 1, 1, 9]
[5, 1, 2, 3, 1, 1, 1, 2, 1, 9]
[6, 1, 1, 3, 1, 2, 1, 2, 1, 2, 6]
[2, 3, 1, 2, 1, 1, 1, 1, 2, 1, 1, 1, 6]
[2, 4, 2, 4, 1, 1, 1, 1, 2, 2, 1, 5]
[2, 4, 2, 2, 3, 1, 2, 1, 1, 1, 5]
[2, 3, 2, 2, 2, 2, 2, 1, 1, 1, 5]
[2, 4, 1, 2, 2, 2, 2, 1, 2, 3, 4]
[2, 4, 5, 2, 2, 1, 2, 2, 2, 3]
[2, 1, 3, 1, 1, 3, 2, 4, 2, 1, 1, 4]
[2, 1, 2, 2, 1, 7, 3, 1, 2, 4]
[2, 1, 2, 2, 1, 4, 2, 2, 1, 2, 2]
[2, 2, 4, 2, 3, 2, 1, 2, 2]
[2, 14, 20]
[45]
[45]
