Puzzle number: 17227
width:  37
height:  36
solved_count:  1450
AVE_TIME:  '00:14:46'
ave_time_count:  926

top_values
[11, 12]
[11, 12]
[12, 13]
[13, 13]
[13, 15]
[13, 14]
[13, 13, 1]
[13, 11, 2]
[13, 9, 4]
[13, 6, 5]
[12, 7, 6]
[12, 8, 8]
[11, 9, 8]
[3, 3, 11, 8]
[2, 12, 8]
[2, 13, 8]
[3, 15, 8]
[4, 18, 8]
[4, 18, 8]
[5, 17, 8]
[5, 16, 8]
[5, 15, 7]
[5, 14, 8]
[5, 13, 9]
[5, 8, 9]
[5, 8, 9]
[5, 8, 9]
[5, 9, 7]
[4, 10, 7, 1]
[4, 10, 8, 3]
[3, 11, 8, 3]
[1, 11, 9, 3]
[11, 9, 3]
[12, 10, 3]
[12, 10, 3]
[12, 11, 3]
[12, 11, 3]

left_values
[32]
[31]
[14, 15]
[13, 13]
[13, 9, 1]
[13, 2]
[14, 4]
[14, 3, 10]
[14, 20]
[13, 20]
[13, 21]
[10, 21]
[7, 22]
[23]
[24]
[25]
[14, 8]
[20, 5]
[20]
[20]
[21, 2]
[21, 11]
[21, 11]
[9, 10, 11]
[9, 6, 12]
[9, 13]
[8, 14]
[8, 15]
[7, 16, 8]
[7, 16, 6]
[6, 16, 4]
[5, 17]
[4, 18]
[3, 17, 8]
[1, 17, 8]
[15, 9]
