Puzzle number: 17226
width:  50
height:  36
solved_count:  840
AVE_TIME:  '00:26:02'
ave_time_count:  488

top_values
[2, 7, 1, 1, 3, 4]
[1, 9, 1, 2, 2, 6]
[1, 10, 1, 2, 1, 6]
[1, 1, 10, 1, 1, 1, 7]
[1, 12, 1, 1, 1, 7]
[2, 11, 6, 1, 7]
[13, 2, 4, 7]
[15, 1, 2, 7]
[15, 7, 9]
[17, 2, 1, 8]
[17, 1, 3, 2, 8]
[18, 1, 1, 9]
[19, 3, 9]
[19, 2, 9]
[2, 17, 2, 11]
[2, 17, 11]
[2, 1, 31]
[2, 31]
[2, 31]
[34]
[1, 1, 32]
[36]
[33]
[33]
[1, 32]
[1, 30]
[1, 29]
[26]
[23]
[20]
[1, 12, 1]
[1, 13, 1]
[1, 1, 14, 2]
[3, 1, 16, 3]
[1, 19, 5]
[21, 10]
[19, 10]
[19, 10]
[2, 19, 10]
[22, 9]
[1, 21, 9]
[23, 9]
[22, 9]
[21, 9]
[21, 9]
[23, 10]
[21, 10]
[21, 11]
[20, 11]
[11, 5, 11]

left_values
[2, 1, 8, 2, 3, 2, 1, 2, 1, 3]
[1, 3, 10, 1, 1, 1, 2, 2, 5]
[7, 5, 3, 11]
[3, 9, 2, 1, 6, 1, 11]
[12, 8, 20]
[27, 16]
[28, 16]
[28, 17]
[29, 18]
[30, 19]
[50]
[49]
[48]
[49]
[1, 48]
[44]
[5, 41]
[2, 39]
[2, 2, 37]
[1, 2, 35]
[1, 1, 3, 33]
[4, 1, 1, 1, 31]
[2, 1, 1, 3, 1, 14, 13]
[1, 1, 1, 1, 14]
[1, 1, 1, 1, 14, 1]
[1, 1, 3, 17, 3]
[2, 2, 1, 16, 4, 5]
[8, 19, 15]
[22, 15]
[26, 15]
[28, 15]
[27, 16]
[26, 16]
[25, 17]
[25, 18]
[24, 19]
