Puzzle number: 1723
width:  25
height:  25
solved_count:  4274
AVE_TIME:  '00:14:00'
ave_time_count:  2044

top_values
[6]
[1, 7]
[12, 2]
[2, 1, 1]
[1, 2, 3]
[6, 2, 4, 2]
[1, 2, 7]
[3, 6]
[18]
[4, 11]
[4, 2, 2, 4]
[4, 3, 2, 1, 3]
[8, 3, 2, 1, 2]
[4, 3, 3, 2, 2]
[5, 1, 2, 8, 1]
[4, 1, 3, 2, 1, 1]
[3, 6, 5, 1]
[5, 8]
[8, 3]
[10, 3]
[19]
[20]
[11, 3]
[9, 2]
[7, 2]

left_values
[1]
[1, 3, 4]
[3, 5, 6]
[1, 5, 7]
[1, 13]
[1, 1, 8]
[9, 1, 8]
[2, 8, 8]
[2, 8, 9]
[2, 9, 7]
[1, 1, 1, 1, 5]
[1, 1, 1, 6, 3]
[1, 1, 7, 2]
[1, 10, 2]
[1, 2, 1, 1, 2]
[1, 1, 2, 2, 1, 1, 2]
[1, 3, 2, 2, 1, 2, 2]
[1, 3, 2, 9]
[22]
[3, 5, 8]
[2, 5, 3, 4]
[2, 6, 1]
[2, 6]
[3, 7]
[4, 7]
