Puzzle number: 17306
width:  50
height:  50
solved_count:  727
AVE_TIME:  '02:11:08'
ave_time_count:  253

top_values
[9]
[1, 2]
[1, 5, 2]
[2, 5, 6]
[1, 4, 3]
[1, 4, 4]
[1, 3, 5]
[1, 3, 4]
[1, 2, 3]
[1, 2, 3, 2]
[2, 2, 3, 4]
[2, 4, 4]
[2, 2, 3]
[2, 2, 3, 1]
[3, 3, 2]
[1, 2]
[2, 1, 1]
[3, 2, 2]
[2, 2, 3]
[2, 2, 1, 2]
[4, 1, 1]
[3, 1, 1]
[2, 1, 1]
[1, 1, 2]
[1, 1, 1, 1, 3]
[1, 1, 2, 1, 3]
[3, 2, 1, 2, 1]
[6, 3, 1, 1, 2, 1]
[3, 7, 4, 2, 1, 1, 1]
[2, 11, 4, 2, 1, 1, 1]
[2, 8, 2, 4, 1, 2, 1]
[3, 12, 2, 3, 1, 2, 3]
[3, 15, 4, 3, 1, 1, 2, 3]
[3, 16, 2, 2, 2, 1, 2, 2]
[3, 1, 17, 3, 3, 1, 1, 1]
[3, 1, 16, 3, 4, 1, 1, 1]
[3, 1, 14, 3, 9, 1, 2, 2, 1]
[2, 1, 12, 1, 9, 2, 1, 2, 1, 2]
[3, 1, 10, 13, 1, 2, 1, 3]
[2, 1, 7, 7, 1, 1, 2]
[3, 1, 5, 4, 2, 2, 1]
[2, 1, 3, 3, 2, 2, 2, 1, 1]
[2, 1, 3, 1, 5, 2, 1, 4]
[1, 2, 2, 9, 2, 1, 1, 3]
[1, 2, 2, 7, 3, 1, 2, 2, 1]
[1, 1, 4, 2, 5, 3, 1, 2, 3]
[1, 4, 3, 3, 1, 3, 2, 2, 3]
[1, 13, 2, 2, 4, 3]
[2, 9, 4, 3, 2, 6, 3]
[3, 4, 3, 3, 2, 3, 6, 4]

left_values
[5]
[8]
[11]
[3, 4]
[1, 4, 3]
[1, 3, 4, 2]
[1, 6, 1, 2, 2]
[1, 9, 2, 4]
[1, 10, 2, 1]
[1, 11, 3]
[17, 1]
[16, 2]
[15, 4]
[14, 6]
[2, 10, 6]
[2, 9, 1, 4]
[2, 8, 1, 1, 2]
[1, 6, 2]
[2, 6, 1, 3]
[1, 4, 2, 4]
[1, 3, 3, 3]
[2, 2, 3, 3]
[3, 4, 2, 3]
[3, 1, 2, 7]
[3, 1, 2, 6]
[2, 2, 2, 4]
[2, 1, 3, 3, 1]
[2, 2, 2, 2, 2]
[2, 1, 2, 3, 3]
[2, 2, 3, 2, 1, 1]
[2, 1, 3, 2, 1]
[2, 1, 3, 2, 2]
[1, 1, 3, 1, 4]
[1, 1, 4, 1, 3]
[6, 1, 4, 1, 3, 1]
[2, 2, 1, 2, 4, 3, 1]
[1, 2, 11, 5, 2]
[4, 3, 7, 7, 2]
[1, 7, 3, 6, 4, 4, 7]
[1, 9, 5, 2, 3, 3, 4]
[1, 4, 2, 2, 2, 2, 9, 4, 3]
[1, 2, 3, 2, 3, 4, 5, 2]
[1, 2, 4, 2, 2, 2, 3, 2, 1]
[1, 1, 5, 1, 1, 2, 3, 4, 4, 3, 1]
[1, 1, 5, 2, 1, 4, 5, 2, 3]
[1, 1, 3, 3, 2, 2, 1, 3]
[1, 1, 3, 4, 1, 1, 2, 2, 2, 2, 2]
[1, 4, 3, 1, 2, 2, 1, 1, 2, 2, 1]
[6, 3, 1, 2, 3, 2, 2, 2, 1]
[4, 3, 2, 3, 3, 3, 4, 1]
