Puzzle number: 17345
width:  32
height:  47
solved_count:  877
AVE_TIME:  '00:18:30'
ave_time_count:  343

top_values
[10]
[10]
[11]
[5, 11]
[12, 12]
[17, 12]
[21, 13]
[11, 1, 8, 13]
[10, 3, 8, 6, 5]
[9, 4, 8, 5, 4]
[7, 6, 9, 5, 4]
[7, 5, 1, 13, 4]
[6, 5, 2, 13, 2, 1]
[6, 4, 7, 8, 2, 2]
[7, 3, 7, 8, 2, 2]
[7, 7, 8, 2, 1]
[7, 3, 2, 3, 7, 2, 2]
[7, 3, 1, 2, 6, 5]
[7, 4, 2, 6, 5]
[7, 5, 1, 4, 5]
[7, 5, 4, 6]
[6, 3, 3, 6]
[7, 3, 3, 6]
[7, 1, 1, 7]
[9, 1, 12]
[10, 16]
[11, 16]
[15, 15]
[13, 14]
[9, 14]
[13]
[12]

left_values
[]
[7]
[12]
[16]
[18]
[20]
[22]
[23]
[7, 7]
[7, 6]
[6, 5]
[6, 6]
[5, 5]
[5, 5]
[5, 3, 2, 4]
[5, 6, 7, 4]
[4, 7, 8, 3]
[12, 7, 3]
[4, 6, 3, 3]
[3, 1, 3]
[3, 2]
[3]
[4, 7]
[6, 5]
[5, 3]
[11]
[13]
[13]
[9]
[5, 2]
[5, 3]
[13, 2]
[11, 4]
[13, 5]
[14, 6]
[15, 8]
[17, 8]
[17, 8]
[9, 2, 8]
[8, 8]
[8, 9]
[8, 12]
[9, 20]
[32]
[12, 15]
[12, 2, 16]
[32]
