Puzzle number: 17541
width:  50
height:  50
solved_count:  601
AVE_TIME:  '00:22:26'
ave_time_count:  241

top_values
[36, 10]
[35, 9]
[1, 33, 8, 1]
[34, 7, 2]
[33, 11]
[31, 11]
[29, 11]
[27, 10]
[13, 9, 10, 1]
[8, 3, 11]
[5, 6]
[5, 3, 1]
[7, 2, 1]
[10, 1]
[10]
[7, 2, 1]
[10, 1]
[10, 1]
[12]
[12]
[12]
[12]
[3, 7]
[11]
[11]
[11]
[12]
[12]
[4, 8]
[13]
[13]
[1, 1, 13]
[1, 1, 4, 8]
[1, 1, 5, 7]
[1, 1, 4, 8]
[1, 13]
[1, 13]
[1, 14]
[1, 1, 1, 11, 2]
[1, 1, 1, 1, 14]
[1, 1, 1, 1, 1, 2, 1, 3, 8]
[1, 1, 1, 1, 1, 1, 1, 3, 1, 9, 1]
[1, 1, 1, 1, 1, 1, 1, 2, 1, 3, 2, 11]
[3, 1, 1, 1, 1, 1, 4, 3, 2, 8, 1]
[4, 1, 1, 1, 1, 1, 8, 2, 9]
[3, 1, 1, 1, 1, 1, 4, 2, 2, 3, 8]
[1, 2, 1, 3, 1, 1, 5, 1, 1, 1, 4, 7]
[1, 2, 1, 2, 1, 1, 1, 2, 2, 1, 1, 2, 5, 3, 2]
[4, 6, 5, 1, 4, 1, 3, 11, 1]
[5, 2, 7, 1, 4, 1, 3, 13]

left_values
[6, 2]
[2, 4, 5, 2]
[8, 3, 2]
[8, 3, 6, 3]
[9, 3, 1]
[9, 1]
[10, 3]
[10, 8, 1]
[10, 2]
[10, 8]
[10, 1]
[10, 16]
[10, 2, 1]
[10, 4, 6, 2]
[9, 2]
[9, 4]
[9, 2]
[8, 3]
[9]
[9]
[9, 12]
[10]
[10, 1]
[10, 4]
[9, 9]
[9, 5, 2]
[9, 7]
[8, 3, 3]
[8, 2]
[7, 9]
[6, 5]
[5, 6, 3]
[5, 1, 2]
[4, 1, 3]
[3, 3]
[1]
[7]
[12, 8]
[15, 16, 6]
[2, 39, 5]
[44, 4]
[28, 3, 1, 5, 4, 3]
[22, 10, 12, 2]
[10, 35, 2]
[50]
[12, 2, 34]
[50]
[3, 7, 26, 2, 5, 2]
[1, 4, 2, 23, 1, 4, 1]
[5, 1, 4, 35]
