Puzzle number: 17556
width:  50
height:  50
solved_count:  502
AVE_TIME:  '00:39:10'
ave_time_count:  196

top_values
[2]
[]
[]
[]
[]
[7]
[5, 4]
[3, 6]
[9, 2]
[]
[3, 3]
[6]
[3, 6]
[2, 1, 8]
[2, 3]
[4, 4]
[4]
[2, 2, 8]
[15, 3]
[1, 2, 5, 1]
[2, 13, 1, 2]
[3, 2, 1, 9, 3]
[7, 1, 2, 1, 1, 4, 1, 5]
[6, 2, 1, 3, 21]
[5, 1, 5, 26]
[8, 3, 5, 1, 1, 7, 1, 6]
[6, 1, 20]
[8, 1, 7, 1, 1, 2]
[10, 3, 10]
[11, 2, 1]
[4, 9, 1, 6]
[23, 1, 1, 1, 1, 1, 2]
[3, 18, 1, 1, 1, 5, 2]
[2, 3, 19, 1, 5, 3]
[2, 1, 1, 6, 17, 3]
[3, 1, 2, 1, 2, 23]
[8, 2, 1, 2, 23]
[9, 2, 21]
[10, 4, 3, 10]
[1, 10, 1, 2, 12]
[1, 14, 4, 13]
[1, 1, 2, 11, 5, 2, 13]
[2, 2, 43]
[1, 2, 1, 3, 38]
[1, 2, 1, 40]
[3, 7, 38]
[1, 1, 2, 1, 1, 37]
[8, 2, 1, 35]
[2, 6, 5, 34]
[15, 11, 22]

left_values
[4, 9, 5]
[3, 5, 4, 3]
[3, 5, 3, 1]
[3, 4, 3, 3]
[4, 5, 4, 3]
[4, 5, 6]
[5, 6, 1, 5]
[5, 7, 2, 3]
[4, 4, 2, 1, 2]
[5, 6, 2, 1]
[7, 7, 3]
[7, 4, 1, 4]
[7, 6, 2]
[8, 10]
[3, 2, 1, 7, 2]
[4, 1, 1, 8]
[6, 1, 10]
[1, 6, 3, 10]
[2, 4, 1, 1, 9]
[2, 6, 1, 9]
[3, 4, 1, 8]
[2, 5, 8]
[1, 6, 10]
[1, 1, 5, 10]
[3, 6, 10]
[4, 8, 10]
[5, 4, 9]
[1, 3, 7, 7]
[1, 1, 1, 4, 2, 8]
[2, 4, 8, 8]
[1, 2, 2, 1, 8, 8]
[3, 5, 9, 9]
[3, 2, 1, 9, 9]
[2, 2, 5, 9, 8]
[1, 2, 1, 4, 6, 8]
[1, 1, 1, 1, 5, 7, 1, 8]
[1, 1, 1, 2, 6, 7, 8]
[1, 1, 3, 9, 8, 10]
[1, 1, 1, 5, 9, 16]
[1, 1, 1, 1, 1, 1, 8, 7, 11]
[4, 1, 2, 1, 1, 5, 3, 16]
[4, 2, 2, 1, 2, 3, 19]
[4, 3, 3, 8, 18]
[2, 1, 3, 3, 1, 2, 1, 1, 19]
[4, 4, 3, 8, 18]
[1, 1, 4, 1, 1, 4, 1, 18]
[2, 4, 1, 1, 1, 4, 2, 15]
[2, 3, 1, 2, 5, 1, 17]
[1, 3, 1, 1, 1, 9, 2, 19]
[1, 3, 1, 1, 1, 2, 2, 3, 2, 19]
