Puzzle number: 17564
width:  50
height:  50
solved_count:  506
AVE_TIME:  '00:43:58'
ave_time_count:  205

top_values
[21, 24]
[21, 27]
[15, 5, 10, 16]
[14, 6, 12, 4, 4, 4]
[9, 4, 5, 28]
[9, 10, 28]
[8, 11, 17, 10]
[8, 6, 4, 28]
[14, 4, 14, 10, 3]
[10, 3, 4, 7, 5, 15]
[9, 8, 30]
[8, 6, 2, 8, 5, 2, 1, 2, 4, 3]
[8, 2, 2, 6, 11, 6, 5, 3]
[5, 7, 6, 6, 20]
[50]
[8, 11, 12, 5, 9]
[9, 11, 6, 11, 9]
[9, 5, 5, 6, 11, 9]
[8, 5, 6, 28]
[50]
[8, 2, 3, 12, 11, 9]
[2, 10, 13, 13, 2, 4]
[2, 7, 16, 11, 10]
[1, 6, 36, 3]
[1, 6, 6, 12, 11, 9]
[1, 6, 6, 4, 24, 4]
[3, 23, 4, 5, 10]
[3, 7, 2, 12, 5, 2, 3, 5, 3]
[2, 5, 3, 11, 4, 3, 3, 9]
[1, 32, 3, 9]
[1, 13, 19, 3, 9]
[2, 12, 17, 6, 9]
[12, 2, 24, 9]
[2, 4, 3, 1, 4, 18, 9]
[1, 1, 2, 3, 1, 2, 2, 4, 3, 5, 3, 9]
[1, 1, 3, 3, 4, 2, 5, 1, 1, 4, 3, 9]
[1, 2, 1, 1, 3, 4, 2, 5, 3, 2, 2, 3, 9]
[4, 1, 1, 3, 2, 1, 2, 5, 2, 2, 2, 3, 3, 1, 3]
[3, 1, 5, 2, 1, 2, 1, 2, 3, 1, 3, 1, 1, 3, 3]
[2, 2, 1, 2, 1, 2, 2, 2, 2, 1, 1, 3, 1, 4, 1, 1]
[2, 4, 3, 2, 2, 2, 4, 1, 3, 1, 1, 1, 1, 1]
[2, 1, 2, 4, 3, 1, 1, 4, 1, 2, 1, 1, 1, 2, 1]
[2, 2, 1, 1, 2, 1, 5, 1, 2, 1, 2, 1, 1, 1, 1]
[2, 2, 1, 1, 2, 1, 2, 2, 1, 2, 5, 2, 1, 2, 1]
[2, 4, 1, 2, 1, 5, 1, 1, 2, 2, 2, 4, 2]
[1, 1, 2, 2, 1, 1, 2, 1, 1, 1, 1, 1, 4]
[1, 1, 2, 1, 1, 2, 1, 1, 1, 2, 2]
[3, 1, 1, 2, 2, 1, 2, 1, 1, 1, 1, 1]
[1, 1, 3, 4, 1, 1, 2, 3, 1, 1]
[1, 1, 2, 5, 1, 1, 2, 2, 1]

left_values
[28, 8, 5]
[23, 8, 8]
[21, 5, 1, 5]
[21, 4, 8, 3]
[26, 7, 6]
[13, 27, 3]
[36, 5]
[33, 7, 2]
[6, 3, 2, 2, 1, 3, 7, 1, 3]
[4, 4, 4, 5, 4, 10, 3]
[9, 12, 19]
[12, 7, 6, 19]
[32, 6]
[13, 14, 11]
[3, 3, 2, 4, 2, 5, 4, 4, 4]
[2, 4, 3, 5, 2, 3, 5, 3, 3]
[30, 17]
[34, 3, 3]
[10, 31, 1, 1]
[8, 30, 3, 2]
[4, 15, 7, 6]
[4, 1, 14, 3, 3]
[37, 2]
[37, 2]
[42, 2, 2]
[41, 6]
[28, 5, 4, 1]
[11, 10, 4, 8, 6, 1, 1]
[9, 3, 2, 2, 2, 1, 8, 3, 3]
[13, 31, 3]
[34, 4, 2]
[35, 8, 2]
[28, 9, 6, 1]
[2, 8, 13, 3, 4, 3, 3]
[9, 5, 23, 2]
[3, 4, 33, 3]
[11, 15, 3, 2, 2]
[39, 8]
[11, 26, 2]
[6, 15, 3, 12, 4, 2]
[3, 8, 2, 2, 3, 2, 2, 3]
[11, 28, 9]
[21, 20, 3, 2]
[40, 4]
[37, 1, 1, 1]
[3, 17, 3, 12, 2, 2, 2]
[8, 2, 10, 3, 9, 1, 2]
[39, 3]
[40]
[38]
