Puzzle number: 17578
width:  50
height:  50
solved_count:  570
AVE_TIME:  '00:27:03'
ave_time_count:  235

top_values
[23, 15]
[17, 1, 3, 7]
[3, 1]
[2, 4]
[3, 4, 7, 1, 6]
[1, 8, 5, 1, 7, 12]
[9, 1, 7, 8, 14]
[10, 1, 13, 1, 6]
[31]
[6, 26, 2]
[30, 2, 4]
[34, 3]
[36, 4]
[35, 2, 4]
[11, 14, 11]
[6, 16, 3, 6]
[3, 21, 8]
[2, 1, 23, 2, 7]
[9, 14, 10]
[23, 2, 14]
[27, 2, 9]
[22, 3, 6]
[5, 5, 12, 3, 2, 7]
[24, 5, 6, 8]
[2, 21, 1, 8, 9]
[20, 1, 17]
[18, 1, 1, 1, 1, 10]
[17, 26]
[17, 26, 5]
[50]
[50]
[50]
[50]
[50]
[44, 5]
[25, 12, 4, 6]
[50]
[50]
[50]
[50]
[50]
[33, 16]
[31, 18]
[1, 24, 18]
[41]
[21, 19]
[1, 8, 3, 9, 1, 12, 5]
[2, 25, 2, 16]
[7, 20, 4, 3, 12]
[2, 3, 21, 2, 17]

left_values
[13, 24, 2]
[1, 12, 23, 3]
[1, 12, 4, 18, 2]
[2, 12, 23, 2]
[2, 12, 1, 24, 4]
[2, 12, 3, 20, 3]
[2, 4, 5, 24, 2]
[2, 10, 26, 2, 1]
[2, 10, 27, 4]
[2, 1, 8, 34]
[2, 1, 7, 34]
[2, 6, 6, 27]
[2, 6, 34]
[2, 6, 35]
[2, 1, 42]
[2, 40, 3]
[2, 1, 10, 31]
[2, 1, 19, 21]
[2, 2, 18, 22]
[2, 2, 18, 18, 3]
[1, 20, 22]
[1, 1, 19, 22]
[1, 17, 3, 1, 22]
[1, 1, 15, 3, 22]
[1, 15, 23]
[17, 1, 8, 14]
[15, 23]
[1, 13, 23]
[10, 4, 1, 1, 21]
[11, 5, 1, 20, 2]
[1, 3, 3, 3, 1, 3, 1, 18, 4]
[2, 1, 1, 3, 1, 1, 15, 2, 2]
[2, 1, 1, 3, 1, 2, 21, 1]
[2, 3, 2, 14, 5, 1]
[1, 2, 2, 23]
[1, 1, 1, 28]
[3, 4, 1, 4, 23]
[3, 2, 1, 1, 4, 21, 1]
[2, 2, 1, 1, 3, 8, 14]
[1, 2, 1, 1, 5, 23]
[1, 2, 2, 2, 3, 25]
[2, 2, 1, 2, 4, 26]
[2, 2, 1, 1, 1, 3, 27]
[3, 2, 1, 5, 13, 14]
[2, 4, 14, 5, 11, 3]
[2, 4, 1, 36]
[2, 5, 1, 38]
[2, 5, 40]
[1, 2, 2, 41]
[1, 2, 2, 1, 39]
