Puzzle number: 17602
width:  50
height:  50
solved_count:  855
AVE_TIME:  '00:15:53'
ave_time_count:  419

top_values
[4, 10, 25]
[3, 1, 10, 12, 12]
[4, 9, 25]
[4, 1, 10, 13, 11]
[7, 10, 25]
[7, 1, 10, 25]
[5, 18, 25]
[24, 25]
[17, 6, 10, 14]
[5, 5, 5, 6, 10, 13]
[11, 5, 6, 10, 13]
[11, 5, 16, 13]
[11, 5, 16, 1, 10]
[34, 12]
[5, 5, 22, 12]
[34, 12]
[33, 13]
[33, 13]
[33, 13]
[2, 2, 27, 12]
[2, 1, 27, 12]
[2, 1, 28, 13]
[2, 1, 27, 2, 10]
[2, 2, 20, 1, 13]
[2, 1, 19, 1, 13]
[1, 1, 19, 13]
[2, 1, 19, 13]
[1, 1, 19, 14]
[2, 20, 3, 9]
[1, 19, 13]
[2, 19, 13]
[3, 1, 19, 13]
[1, 1, 19, 13]
[1, 19, 5, 7]
[1, 1, 19, 13]
[1, 1, 1, 1, 19, 14]
[3, 1, 1, 19, 13]
[1, 2, 1, 23, 12]
[1, 2, 1, 1, 21, 2, 10]
[4, 1, 22, 12]
[3, 1, 23, 13]
[2, 2, 1, 22, 14]
[1, 2, 1, 20, 2, 14]
[2, 2, 23, 14]
[1, 2, 25, 16]
[4, 24, 14]
[29, 14]
[6, 17, 2, 1, 11]
[20, 13]
[14, 1, 13]

left_values
[25, 1, 1, 10, 1, 1, 1]
[32, 1, 7]
[19, 1, 6, 2]
[1, 21, 10]
[1, 16, 4, 1]
[3, 2, 4, 4, 1, 1]
[19, 8, 3]
[19, 4]
[18, 4, 5]
[18, 3, 11]
[17, 2, 1, 9]
[3, 1, 9, 11]
[25, 1, 13, 1]
[43]
[2, 46]
[49]
[49]
[8, 36]
[49]
[50]
[50]
[50]
[50]
[50]
[39]
[50]
[50]
[50]
[50]
[42, 7]
[45, 1, 2]
[23, 1, 1, 1, 1, 1, 1, 1, 3]
[25, 1, 1]
[16]
[11, 1]
[8, 1, 1]
[9, 1, 1, 6]
[1, 10, 3, 16, 1, 10]
[3, 43, 2]
[12, 9, 15, 11]
[28, 21]
[50]
[33, 16]
[50]
[50]
[50]
[50]
[50]
[50]
[50]
