Puzzle number: 17727
width:  30
height:  40
solved_count:  1250
AVE_TIME:  '00:09:28'
ave_time_count:  661

top_values
[5, 18, 2]
[6, 1, 2, 2, 1]
[1, 5, 1, 2, 2, 3]
[2, 2, 4, 2, 4]
[1, 2, 3, 2, 4]
[1, 2, 2, 7]
[1, 2, 11]
[1, 2, 13]
[1, 2, 10]
[2, 8]
[1, 2, 8]
[4, 2, 8]
[18]
[10]
[]
[]
[]
[]
[8]
[12]
[35]
[28]
[12]
[]
[]
[40]
[]
[]
[40]
[40]

left_values
[7, 3, 3, 1, 2]
[1, 1, 2, 3, 1, 2]
[1, 2, 3, 1, 2]
[1, 2, 3, 1, 2]
[1, 2, 3, 1, 2]
[1, 2, 3, 1, 2]
[3, 3, 1, 2]
[1, 5, 3, 1, 2]
[4, 3, 2, 3, 1, 2]
[9, 2, 3, 1, 2]
[3, 4, 2, 3, 1, 2]
[3, 2, 3, 1, 2]
[3, 2, 2, 1, 2]
[2, 3, 2, 1, 2]
[1, 2, 2, 1, 2]
[1, 2, 3, 1, 2]
[1, 3, 3, 1, 2]
[1, 3, 3, 1, 2]
[1, 3, 3, 1, 2]
[6, 3, 3, 1, 2]
[1, 3, 4, 3, 1, 2]
[1, 3, 4, 3, 1, 2]
[4, 4, 3, 1, 2]
[2, 5, 3, 1, 2]
[1, 4, 3, 1, 2]
[5, 3, 1, 2]
[6, 3, 1, 2]
[8, 2, 1, 2]
[3, 4, 2, 1, 2]
[1, 5, 2, 1, 2]
[4, 2, 1, 2]
[5, 2, 1, 2]
[2, 2, 2, 1, 2]
[2, 2, 2, 1, 2]
[2, 2, 1, 2]
[2, 1, 1, 2]
[1, 2]
[1, 2]
[1, 2]
[1, 2]
