Puzzle number: 17769
width:  50
height:  50
solved_count:  696
AVE_TIME:  '01:08:49'
ave_time_count:  271

top_values
[15, 10, 2]
[1, 5, 9, 10, 2, 1, 1]
[1, 1, 1, 1, 21, 2, 5]
[4, 3, 3, 7, 15, 5]
[8, 4, 1, 8, 16, 2, 2]
[1, 5, 2, 1, 8, 12, 4, 1, 3]
[7, 13, 11, 4, 5]
[9, 5, 12, 3, 5, 1]
[1, 1, 2, 1, 5, 11, 4, 7]
[2, 2, 6, 2, 6, 4, 7, 1]
[1, 2, 5, 2, 6, 4, 7, 2]
[3, 5, 3, 5, 5, 6, 3]
[5, 8, 5, 11, 5]
[8, 4, 2, 5, 9, 6]
[5, 1, 9, 15, 8]
[6, 8, 2, 24]
[7, 10, 23, 1]
[6, 1, 9, 20, 2, 3]
[7, 9, 19, 2, 4]
[6, 8, 19, 1, 3, 1]
[5, 1, 8, 20, 7]
[6, 9, 19, 7]
[5, 9, 18, 6, 3]
[5, 10, 16, 5, 6]
[5, 27, 14]
[4, 11, 1, 30]
[3, 11, 2, 28]
[2, 13, 2, 29]
[1, 12, 2, 5, 16, 5]
[1, 7, 3, 5, 1, 15, 8]
[1, 8, 8, 2, 2, 11, 8]
[4, 13, 3, 4, 5, 1, 2, 2]
[4, 12, 3, 3, 8, 1, 4]
[3, 15, 3, 6, 5]
[2, 19, 4, 6]
[1, 1, 18, 7, 8]
[4, 13, 7, 1, 5, 2]
[5, 12, 3, 2, 9]
[25, 3, 7, 1]
[7, 15, 4, 1, 5, 1, 1]
[9, 16, 4, 1, 5, 4]
[3, 29, 5, 4]
[2, 10, 7, 4, 1, 1, 6, 2]
[1, 11, 8, 3, 1, 1, 5, 3]
[11, 10, 3, 2, 12]
[8, 13, 3, 1, 6, 2]
[10, 1, 12, 3, 8]
[2, 6, 9, 3, 4, 2]
[1, 6, 13, 3, 5]
[1, 6, 1, 13, 2, 6, 1]

left_values
[2, 2, 13, 2]
[9, 7, 4, 2]
[2, 2, 6, 4, 2]
[3, 2, 8, 4, 1, 5, 2, 4]
[6, 8, 4, 5, 6]
[4, 7, 20, 1]
[5, 7, 25]
[3, 1, 7, 25]
[3, 2, 8, 13, 12]
[1, 11, 28]
[2, 8, 9, 8, 10]
[4, 1, 7, 19, 8]
[2, 4, 2, 27, 1, 1]
[2, 1, 1, 32]
[2, 1, 1, 14, 12, 2]
[2, 2, 16, 12, 3]
[2, 1, 1, 14, 14, 5]
[1, 2, 11, 4, 10, 1, 3]
[3, 3, 12, 2, 4, 11, 6]
[21, 3, 2, 1, 19]
[19, 6, 2, 2, 16]
[15, 2, 7, 2, 2, 3, 12]
[13, 3, 11, 1, 3, 13]
[10, 4, 13, 3, 6, 7]
[7, 1, 3, 13, 1, 2, 7, 4, 2]
[5, 2, 3, 13, 4, 3, 4, 4, 2]
[3, 7, 17, 1, 4, 1, 2, 4, 2]
[8, 18, 1, 4, 1, 2, 3]
[9, 27, 1, 2]
[31, 2, 2, 1, 1]
[31, 2, 1, 4, 3]
[13, 17, 2, 12]
[12, 19, 11]
[11, 21, 10]
[10, 22, 2]
[9, 13, 8, 1]
[8, 14, 8, 2, 3]
[6, 14, 8]
[3, 16, 8, 4]
[7, 9, 8, 1]
[9, 9, 1, 7, 1, 5, 1]
[7, 5, 3, 1, 8, 2, 9]
[2, 6, 5, 2, 4, 2, 1, 12, 2]
[7, 3, 1, 3, 4, 3, 15]
[8, 5, 8, 3, 16]
[3, 12, 3, 8, 6, 8]
[3, 6, 5, 4, 8, 7, 3, 6]
[2, 2, 2, 5, 14, 4, 1, 3, 2, 1, 1]
[4, 1, 6, 2, 1, 8, 8, 8]
[4, 1, 6, 5, 8, 6, 9, 1]
