Puzzle number: 17789
width:  50
height:  40
solved_count:  1449
AVE_TIME:  '00:15:38'
ave_time_count:  646

top_values
[1]
[1]
[1]
[1]
[2]
[5]
[9]
[20]
[22]
[24]
[26]
[22]
[21]
[19]
[18]
[17]
[18]
[3, 12]
[4, 13]
[4, 15]
[4, 4, 9]
[4, 5, 8]
[4, 3, 9]
[4, 3, 9]
[4, 2, 9]
[4, 2, 9]
[3, 2, 9]
[4, 2, 8]
[3, 3, 7]
[3, 2, 7]
[3, 2, 6]
[3, 2, 5]
[4, 3, 2, 5]
[11, 3, 3, 4]
[11, 3, 4, 3]
[10, 3, 4, 3]
[10, 3, 5, 3]
[10, 2, 4, 2]
[8, 3, 4, 2]
[7, 3, 2, 2]
[6, 2, 3, 2]
[6, 3, 2, 2]
[7, 3, 3, 2]
[3, 8, 2, 2]
[3, 7, 3, 2]
[4, 5, 3, 2]
[3, 5, 3, 2]
[4, 4, 3, 2]
[4, 8, 2]
[4, 7, 3]

left_values
[11, 5, 2]
[7, 5, 3]
[6, 6, 5]
[6, 7, 7]
[6, 15]
[5, 13]
[6, 10]
[6, 11]
[7, 13]
[6, 14]
[6, 6, 4]
[6, 6, 4]
[7, 6, 6]
[7, 6, 10]
[7, 7, 13]
[8, 7, 6, 4]
[8, 7, 5, 3]
[16, 6, 2]
[14, 6, 2]
[12, 3, 6]
[9, 4, 8]
[9, 4, 10]
[8, 4, 5]
[8, 5, 5]
[13, 3]
[12, 4]
[11, 4]
[9, 4]
[8, 4]
[8, 3]
[10]
[13]
[14]
[15]
[15]
[16]
[16]
[18, 1]
[28]
[27]
