Puzzle number: 18019
width:  50
height:  49
solved_count:  178
AVE_TIME:  '00:34:57'
ave_time_count:  100

top_values
[]
[4]
[10]
[14]
[10]
[5, 8]
[10, 7]
[14, 6]
[17, 5]
[20, 4]
[22, 5]
[24, 4]
[26, 3]
[1, 1, 3, 14, 3]
[1, 1, 9, 16]
[1, 1, 6, 12, 2]
[1, 1, 1, 4, 11, 2]
[1, 2, 1, 4, 9, 2]
[1, 2, 2, 3, 5, 4]
[1, 1, 1, 3, 5]
[3, 2, 2, 6]
[3, 2, 8]
[3, 2, 5]
[3, 3, 3, 3]
[5, 2, 5, 3]
[1, 9, 2, 2]
[3, 6, 1, 3]
[2, 1, 3, 2, 2, 3]
[5, 2, 1, 1, 3, 3]
[6, 3, 14]
[6, 2, 16]
[7, 2, 4]
[5, 2, 3]
[3, 4, 3]
[1, 5, 3]
[5, 3]
[3, 3]
[1, 3]
[3]
[3]
[9, 3]
[21, 3]
[7, 8, 2]
[3, 1, 1, 4, 3]
[2, 1, 1, 4, 2]
[2, 2, 2, 2, 2, 2]
[3, 2, 2, 1, 3, 1]
[2, 2, 1, 2, 5]
[2, 2, 1, 2, 1, 2, 4]
[1, 3, 2, 3, 2]

left_values
[3, 22, 10, 1, 2]
[3, 8, 5, 8, 2, 2, 1]
[3, 20, 11, 2, 1]
[3, 8, 2, 2, 5, 2, 1, 2]
[2, 8, 1, 2, 6, 2, 2, 1]
[2, 9, 2, 3, 2, 2, 2]
[3, 9, 6, 3, 1, 2, 4, 2]
[3, 9, 2, 10, 1, 2, 2, 2]
[3, 7, 1, 1, 11, 1, 3, 1]
[3, 7, 1, 2, 4, 1, 4]
[2, 6, 2, 3, 1, 1]
[3, 6, 2, 2, 2, 2, 3, 2]
[3, 6, 2, 1, 2, 5]
[3, 7, 1, 2, 2]
[3, 6, 2, 3, 2, 2, 1, 1]
[3, 6, 2, 5, 1, 2, 3, 1]
[2, 7, 2, 2, 2, 2]
[3, 6, 2, 3, 2, 2]
[3, 7, 2, 4, 2, 1]
[2, 7, 3, 5, 3, 1]
[3, 7, 10, 2, 2]
[2, 7, 8, 2, 2]
[3, 7, 4, 2, 2]
[11, 2, 2, 2]
[3, 7, 3, 2, 2]
[10, 2, 2, 2]
[2, 6, 2, 3, 2]
[3, 8, 3, 2]
[7, 2, 4, 2]
[6, 2, 5, 1]
[2, 4, 7, 2]
[2, 2, 9, 2]
[2, 1, 8, 2]
[3, 7, 3]
[1, 6, 2]
[7]
[3]
[]
[]
[]
[]
[]
[]
[]
[]
[]
[]
[]
[]
