Puzzle number: 18032
width:  31
height:  49
solved_count:  173
AVE_TIME:  '00:32:04'
ave_time_count:  100

top_values
[1, 3, 1, 3]
[1, 1, 3, 3]
[3, 1, 3]
[2, 2, 1, 3]
[1, 1, 1, 1, 4, 3]
[1, 1, 2, 3, 3]
[1, 1, 1, 1, 1, 3]
[1, 1, 2, 1, 2, 3]
[1, 2, 2, 1, 6, 1, 2]
[3, 1, 1, 5, 2, 3]
[2, 2, 2, 2, 2, 3]
[1, 3, 1, 4, 2, 1, 3, 3]
[2, 1, 2, 1, 1, 3]
[2, 1, 1, 2, 1, 3]
[1, 2, 1, 1, 1, 2]
[2, 2, 3, 3, 3]
[2, 3, 2]
[5, 2, 3, 2]
[1, 5, 2, 2, 3]
[3, 2, 1, 2, 3]
[13, 2, 1, 3, 2]
[10, 1, 1, 5]
[2, 1, 2, 2, 2]
[1, 2, 2, 1, 4, 2]
[1, 1, 1, 2, 2, 2]
[4, 4, 3]
[1, 2, 2, 2, 2]
[4, 5, 2, 5, 4, 3]
[1, 10, 1, 26, 1]
[1, 6, 1, 1, 2, 1, 12]
[2]

left_values
[1, 7, 1, 2, 1, 2, 1]
[1, 1, 2, 2, 5, 1, 2]
[1, 2, 2, 1, 4, 2, 1]
[1, 4, 1, 1, 2, 3]
[2, 4, 2]
[3, 2, 2, 2]
[2, 2, 2]
[3, 2, 2]
[2, 1, 1, 4, 2, 2]
[2, 1, 2, 2, 1]
[1, 2, 2]
[1, 5, 1, 1, 1, 1]
[10, 1]
[4, 2]
[2, 1]
[2, 1, 1]
[3, 1]
[1, 7, 1]
[2, 12]
[1, 1, 2, 4, 2]
[1, 2, 1, 3, 2, 1, 1]
[1, 2, 2, 2, 1]
[2, 1, 2, 1, 2]
[2, 1, 3, 2, 2]
[1, 2, 2, 6, 1, 2]
[1, 1, 2]
[1, 2, 2]
[1, 1, 1]
[1]
[1]
[2]
[2]
[1, 1, 1, 1, 2]
[2, 1, 2]
[4, 1, 1, 1, 1, 2]
[4, 2, 6]
[5, 1, 1, 1, 1, 3]
[4, 1, 2, 1, 2, 1, 4]
[5, 1, 1, 1, 1, 1, 4]
[5, 1, 2, 1, 1, 2]
[5, 1, 2, 1, 2]
[6, 1, 3]
[8, 1, 4]
[13, 1]
[8]
[]
[]
[]
[]
