Puzzle number: 18031
width:  31
height:  49
solved_count:  315
AVE_TIME:  '00:12:23'
ave_time_count:  131

top_values
[5]
[11]
[2, 4]
[2, 6, 3]
[3, 6, 3]
[3, 1, 6, 2]
[6, 6, 2]
[4, 1, 7, 2]
[4, 1, 6, 2]
[12, 5]
[10, 4, 3]
[4, 3, 3, 1, 2]
[3, 2, 5]
[3, 3, 4, 2]
[2, 8, 2]
[1, 10]
[4, 12]
[1, 1, 1, 7, 1]
[2, 2, 10]
[3, 16]
[7, 4]
[18, 4]
[4, 14, 3]
[19, 3]
[6, 9, 3]
[4, 7, 3]
[10, 3]
[8, 3]
[7, 3]
[5, 3, 1]
[4, 3]

left_values
[1, 6, 2, 5]
[9, 1, 5]
[2, 7, 1, 6]
[1, 1, 6, 3, 4]
[1, 1, 2, 3, 2, 2]
[2, 1, 7, 5]
[2, 2, 5, 5]
[2, 8, 3, 2, 4]
[2, 9, 7, 5]
[2, 10, 1, 1, 5]
[2, 6, 9, 3, 1]
[2, 6, 7, 6]
[3, 4, 2, 7, 4, 1]
[3, 1, 3, 6, 7]
[3, 3, 7, 7]
[7, 7, 8]
[4, 9, 8]
[2, 5, 2, 9]
[3, 5, 8]
[7, 2, 7]
[3, 2, 5]
[2, 3]
[3, 1]
[2]
[2]
[3]
[3]
[3]
[3]
[3]
[3]
[3]
[3]
[2]
[1, 1]
[]
[]
[]
[]
[]
[]
[]
[]
[]
[]
[]
[]
[]
[]
