Puzzle number: 18070
width:  45
height:  50
solved_count:  728
AVE_TIME:  '00:12:11'
ave_time_count:  360

top_values
[1, 8, 2, 2]
[1, 11, 6]
[3, 6]
[2, 7]
[2, 6]
[2, 6]
[2, 5]
[2, 13]
[2, 13]
[2, 10]
[2, 9]
[2, 9]
[2, 8]
[3, 8]
[5, 8]
[18]
[18]
[18]
[18]
[4, 1, 6]
[4, 1, 1, 2]
[4, 1, 1, 3]
[4, 2, 1, 3]
[4, 1, 1, 3]
[4, 1, 1, 3]
[4, 1, 4]
[4, 1, 3]
[4, 1, 3]
[3, 4]
[3, 4]
[3, 3]
[3, 4]
[3, 4]
[2, 2]
[3, 4]
[3, 4]
[4, 3]
[4, 3]
[5, 4]
[1, 5, 3]
[1, 5, 2]
[2, 5, 2]
[2, 5, 3, 3]
[2, 3, 3, 7]
[2, 4, 19]

left_values
[17, 5]
[26, 4]
[2, 20, 1]
[2, 29]
[2, 29]
[2, 4, 11]
[2, 4, 9]
[2, 2, 4, 7]
[2, 2, 4, 1]
[2, 2, 8]
[2, 3, 4, 3]
[1, 12]
[1, 12]
[3, 13]
[25]
[19]
[20]
[23]
[14, 9]
[3, 5, 7]
[3, 7]
[1, 6]
[5]
[5]
[5]
[5]
[5]
[6]
[6]
[6]
[3]
[3]
[1]
[1]
[1]
[1]
[1]
[1]
[1]
[1]
[1]
[1]
[1]
[2]
[2]
[2]
[2]
[3]
[3]
[2]
