Puzzle number: 18126
width:  30
height:  30
solved_count:  4015
AVE_TIME:  '00:19:23'
ave_time_count:  2055

top_values
[6, 5]
[1, 4, 4]
[3, 5, 4]
[4, 2, 3]
[5, 2, 3, 1]
[6, 2, 3, 1]
[6, 3, 2, 1]
[6, 2, 4]
[6, 2, 4]
[6, 2, 4]
[6, 2, 4]
[5, 2, 4]
[5, 2, 5]
[1, 7, 5]
[2, 6, 5]
[4, 5, 3]
[8, 4, 5]
[9, 5, 3]
[11, 3, 4, 2]
[10, 4, 3, 3]
[6, 4]
[10, 7, 4]
[2, 5, 3, 4, 4]
[8, 3, 3, 4]
[5, 2, 13, 4]
[4, 4, 4, 6, 3]
[8, 3, 3]
[9, 3, 1]
[10, 4, 1]
[7, 3, 5]

left_values
[5, 7, 4]
[5, 6, 4]
[6, 5, 3]
[6, 5, 3, 1]
[6, 4, 3, 2]
[1, 6, 4, 3, 3]
[1, 5, 4, 3, 3]
[3, 5, 4, 9]
[3, 5, 3, 2, 6]
[3, 4, 2, 1, 5]
[5, 4, 1, 1, 4]
[5, 4, 1, 4]
[3, 4, 1, 6]
[4, 5, 2, 6]
[10, 6]
[10, 4]
[7, 2]
[5, 1]
[3, 2]
[2, 2]
[3, 6]
[5, 6]
[14]
[3, 5, 2]
[3, 5, 3, 1]
[6, 5]
[17, 5]
[15, 8]
[1, 8, 9]
[10, 11]
