Puzzle number: 18136
width:  30
height:  30
solved_count:  5543
AVE_TIME:  '00:07:41'
ave_time_count:  3011

top_values
[3, 4, 4, 2, 9]
[5, 2, 2, 3, 2, 8]
[4, 3, 6, 2, 8]
[4, 2, 2, 4, 3, 6]
[3, 2, 2, 4, 4, 2]
[2, 3, 2, 2, 4, 1]
[1, 2, 3, 2, 11]
[2, 3, 2, 3, 11]
[6, 2, 3, 10]
[6, 2, 3, 10]
[9, 2, 9]
[9, 2, 9]
[8, 2, 8]
[8, 2, 6]
[8, 3, 5]
[8, 3]
[6, 3]
[10]
[10]
[9]
[8]
[1, 8]
[1, 7]
[2, 7]
[2, 6]
[3, 5]
[3, 6]
[3, 6]
[4, 5]
[4, 5]

left_values
[15, 9]
[5, 9, 7]
[5, 12, 5]
[4, 15, 2]
[2, 19]
[23]
[5, 18]
[3, 24]
[1, 9, 13]
[7, 16]
[3, 23]
[17, 4]
[10]
[5]
[5]
[1]
[]
[]
[4]
[8]
[7]
[1, 8]
[3, 9]
[3, 7]
[4, 8]
[4, 9]
[5, 9]
[5, 9]
[4, 9]
[4, 10]
