Puzzle number: 18207
width:  30
height:  30
solved_count:  5352
AVE_TIME:  '00:09:24'
ave_time_count:  2899

top_values
[8, 7]
[8, 7]
[8, 7]
[9, 8]
[10, 8]
[10, 9]
[10, 9]
[10, 10]
[10, 10]
[21]
[2, 16]
[17]
[17]
[17]
[17]
[2, 17]
[2, 13]
[1, 14]
[1, 3, 10]
[1, 3, 3, 2]
[2, 1, 2, 1, 2, 2]
[4, 2, 2, 1, 2]
[2, 2, 1]
[2, 1, 2]
[2, 1, 2]
[4, 3]
[3, 3]
[1, 4]
[1, 4]
[1, 2]

left_values
[11]
[11, 1]
[10, 2]
[10, 1, 1]
[10, 2, 1]
[10, 6]
[16]
[16]
[13]
[12]
[7, 12]
[27]
[20, 2]
[18, 4]
[19, 2]
[22]
[20]
[22]
[16, 1]
[14]
[12]
[9]
[11]
[14]
[6]
[5]
[3]
[]
[]
[]
