Puzzle number: 18205
width:  30
height:  30
solved_count:  6012
AVE_TIME:  '00:05:22'
ave_time_count:  3291

top_values
[2]
[2]
[4]
[5]
[8]
[9]
[8, 11]
[17]
[15]
[11]
[6, 7]
[2, 6]
[11, 4, 4]
[9, 5]
[9]
[13]
[1, 9]
[18, 6]
[10, 1, 7]
[2, 17]
[1, 1, 6]
[7, 1, 7]
[3, 13]
[2, 4, 8, 5]
[7, 1, 12]
[30]
[30]
[30]
[28]
[2, 27]

left_values
[5, 1]
[5, 1]
[5]
[1, 6]
[1, 1, 6]
[1, 1, 2, 6]
[1, 1, 4, 6]
[1, 1, 3, 1, 5]
[1, 1, 2, 1, 5]
[1, 1, 2, 2, 5]
[1, 1, 2, 1, 5]
[1, 1, 2, 1, 5]
[1, 1, 2, 7]
[1, 1, 1, 1, 1, 5]
[1, 1, 1, 1, 1, 1, 5]
[2, 1, 1, 1, 1, 1, 1, 5]
[2, 1, 1, 1, 1, 1, 1, 5]
[2, 1, 1, 1, 1, 1, 3, 5]
[2, 1, 1, 1, 1, 1, 9]
[5, 1, 1, 1, 11]
[5, 1, 1, 1, 1, 8]
[5, 19]
[6, 7, 1, 1, 6]
[7, 5, 2, 2, 6]
[9, 9, 6]
[9, 17]
[28]
[28]
[30]
[30]
