Puzzle number: 18265
width:  50
height:  50
solved_count:  1145
AVE_TIME:  '00:43:06'
ave_time_count:  414

top_values
[35, 1]
[3, 9, 6]
[7, 26]
[3, 5, 9, 5]
[6, 12, 3, 4]
[3, 9, 3, 3, 2]
[4, 2, 5]
[4, 6]
[4, 6]
[5, 12]
[7, 4, 7]
[5, 4, 5, 6]
[5, 1, 7, 4, 2]
[31, 2, 2]
[1, 16, 4, 2, 4]
[2, 4, 7, 8, 5, 6]
[3, 4, 8, 11, 2]
[2, 5, 6, 5]
[4, 6, 8]
[3, 10, 7]
[1, 11, 5]
[25]
[24]
[23]
[1, 10, 7, 1]
[1, 7, 7, 2]
[21, 3]
[20, 4]
[5, 8, 4]
[19, 4, 1]
[16, 4, 2]
[15, 4, 2]
[13, 1, 4, 3]
[10, 2, 4, 3]
[8, 3, 5, 3]
[5, 4, 5, 3]
[6, 5, 4, 2]
[4, 4, 4, 3]
[2, 4, 4, 5]
[1, 3, 4, 4]
[3, 3, 5]
[3, 7, 1]
[3, 4, 7]
[2, 3, 7]
[2, 4, 4]
[2, 7]
[3, 12]
[3, 15]
[3, 5, 3]
[4, 5]

left_values
[3, 2, 7]
[2, 8]
[4, 9]
[4, 10]
[3, 12]
[12]
[7, 6]
[9, 6]
[11, 5]
[13, 5]
[15, 4]
[16, 2, 4]
[19, 7]
[15, 7, 6]
[15, 5, 6]
[16, 5, 5]
[1, 1, 1, 1, 3, 5, 4]
[1, 1, 1, 2, 4, 4, 4]
[1, 1, 2, 1, 4, 3, 5, 4]
[1, 2, 1, 1, 4, 3, 4, 5]
[1, 1, 1, 6, 7, 5]
[1, 1, 1, 4, 7, 6]
[1, 1, 1, 2, 1, 6, 2]
[1, 2, 1, 2, 2, 6, 1]
[1, 1, 2, 5, 5]
[1, 1, 2, 3, 1, 4]
[1, 1, 2, 1, 1, 1, 4]
[1, 1, 1, 1, 4, 4]
[1, 1, 1, 2, 8]
[3, 1, 2, 2, 5, 7]
[3, 1, 2, 2, 4, 9]
[3, 1, 2, 2, 3, 4, 4]
[3, 1, 3, 4, 3, 2]
[5, 3, 4, 3, 1]
[6, 3, 5, 3, 1]
[6, 1, 1, 3, 3, 2]
[4, 2, 2, 5, 3, 2, 2, 2]
[4, 1, 1, 4, 3, 8]
[1, 2, 2, 4, 3, 10]
[1, 2, 2, 3, 3, 1, 2, 6]
[1, 2, 1, 2, 3, 2, 2, 5]
[1, 3, 4, 1, 3, 5, 5]
[3, 2, 3, 3, 3, 3, 2, 6]
[3, 3, 3, 4, 3, 5, 6, 1]
[3, 9, 1, 4, 3, 2, 3, 2]
[4, 7, 1, 4, 3, 3, 3, 2]
[5, 6, 2, 4, 3, 2, 2, 2]
[5, 5, 1, 4, 3, 2, 2, 2]
[4, 3, 2, 4, 4, 3, 2, 2]
[1, 3, 3, 2, 4, 4, 3, 3, 2]
