Puzzle number: 18307
width:  30
height:  30
solved_count:  2841
AVE_TIME:  '00:12:58'
ave_time_count:  1378

top_values
[11]
[13]
[14]
[3, 11]
[2, 7, 3]
[2, 8, 2]
[12, 3]
[5, 2, 2]
[9, 2, 2]
[9, 2, 2]
[12, 3]
[2, 8, 2]
[2, 3]
[3, 4, 11]
[23]
[12, 14]
[11, 4, 10]
[2, 11]
[2, 10, 1]
[12, 3]
[5, 1, 3]
[9, 1, 3]
[9, 1, 3]
[12, 3]
[2, 10, 1]
[2, 11]
[4, 10]
[14]
[13]
[11]

left_values
[1, 2]
[2, 2]
[4, 4]
[17]
[17]
[3, 5, 3]
[4, 7, 4]
[17]
[7, 9]
[7, 9]
[7, 4, 3]
[6, 4, 3, 1]
[6, 2, 2, 2]
[11, 4, 4]
[2, 5, 17]
[3, 17]
[4, 2, 4, 5, 4]
[8, 3, 7, 3]
[5, 17]
[7, 9]
[7, 9]
[7, 9]
[6, 8]
[6, 6]
[15]
[5, 5]
[4, 4]
[2, 5, 2]
[9]
[5]
