Puzzle number: 18343
width:  45
height:  46
solved_count:  3290
AVE_TIME:  '00:03:20'
ave_time_count:  2075

top_values
[19]
[17]
[16]
[15]
[14]
[14]
[13]
[12]
[12]
[11]
[11]
[11]
[11]
[11]
[11]
[12]
[12]
[13]
[14]
[14]
[16]
[17]
[18]
[18]
[18]
[18]
[19]
[21]
[21]
[22]
[24]
[26]
[28]
[29]
[29]
[29]
[30]
[30]
[30]
[30]
[29]
[27]
[28]
[27]
[29]

left_values
[40]
[41]
[41]
[42]
[43]
[43]
[44]
[45]
[45]
[45]
[45]
[9, 30]
[7, 28]
[6, 27]
[4, 25]
[3, 25]
[2, 24]
[1, 23]
[1, 19]
[18]
[18]
[16]
[15]
[15]
[14]
[14]
[13]
[13]
[12]
[9]
[3]
[3]
[2]
[1]
[1]
[1]
[]
[]
[]
[]
[]
[]
[]
[]
[]
[]
