Puzzle number: 18396
width:  35
height:  35
solved_count:  857
AVE_TIME:  '00:39:38'
ave_time_count:  296

top_values
[9, 2]
[4, 4, 2, 1]
[8, 3, 2]
[5, 4, 3, 2]
[8, 3, 3, 2]
[7, 3, 1, 2]
[7, 4, 2, 2, 1]
[3, 4, 3, 2, 2, 1]
[3, 1, 4, 3, 2, 2]
[12, 2, 2, 2, 1]
[5, 5, 2, 2, 4]
[1, 7, 7, 4, 1]
[14, 5, 6]
[7, 5, 5, 5]
[4, 14, 9]
[4, 6, 8]
[2, 4, 8, 8]
[5, 11, 12]
[4, 5, 2, 15]
[2, 3, 2, 6, 2]
[2, 11, 4, 4]
[1, 6, 2, 4, 1, 3]
[4, 6, 6, 5]
[3, 26]
[1, 12, 5, 9]
[12, 3, 3]
[9, 4, 3, 2]
[12, 3, 4, 1]
[14, 2, 2, 1]
[3, 14, 2, 1]
[5, 9, 2, 2, 1]
[13, 1, 7, 2]
[13, 1, 4, 1, 2]
[13, 1, 7, 2]
[13, 1, 3, 3, 2]

left_values
[2]
[4, 2, 7]
[5, 2, 8]
[5, 3, 9]
[3, 2, 2, 4, 5]
[5, 3, 11]
[2, 2, 1, 3, 6, 4]
[2, 2, 2, 4, 11]
[3, 2, 2, 4, 12]
[4, 2, 1, 2, 1, 12]
[4, 4, 2, 1, 12]
[2, 1, 2, 2, 2, 1, 12]
[1, 2, 2, 4, 1, 3, 8]
[1, 1, 1, 2, 1, 2, 1, 12]
[2, 1, 1, 2, 1, 2, 1, 4, 3]
[2, 1, 1, 2, 1, 2, 2, 5, 6]
[5, 1, 2, 1, 4, 3, 4]
[6, 4, 5, 1, 2, 8]
[5, 1, 2, 6, 2, 2, 6]
[2, 2, 1, 1, 6, 2, 3, 4]
[2, 2, 2, 1, 4, 7, 3]
[3, 2, 1, 2, 3, 2, 4, 1, 2]
[2, 2, 1, 1, 3, 2, 2, 3, 2]
[1, 2, 1, 2, 2, 2, 3, 3, 8]
[2, 2, 2, 5, 1, 2, 2, 3]
[2, 2, 2, 5, 2, 3, 3]
[3, 2, 2, 4, 2, 14]
[4, 2, 2, 4, 3, 5, 4]
[1, 3, 2, 2, 2, 3, 5]
[1, 2, 2, 3, 1, 3, 1, 2]
[1, 3, 2, 4, 9]
[2, 2, 6, 5, 3]
[3, 2, 5, 3, 5]
[1, 4, 3, 3, 3, 6]
[2, 4, 4, 3, 2, 4]
