Puzzle number: 18478
width:  37
height:  30
solved_count:  1177
AVE_TIME:  '00:14:47'
ave_time_count:  591

top_values
[7, 1, 1]
[3, 2, 1]
[3, 1, 2, 1]
[2, 2, 2, 1]
[5, 2, 2, 1]
[4, 2, 2, 1]
[3, 2, 3, 1]
[2, 1, 3, 1]
[2, 1, 4, 1]
[2, 1, 4, 1]
[1, 2, 5, 1]
[1, 2, 5, 1]
[1, 2, 7, 1]
[1, 3, 1, 13]
[1, 5, 1, 11]
[16, 3]
[4, 6, 1]
[1, 5, 1]
[5, 3, 1]
[7, 3, 1]
[8, 5]
[3, 3]
[2, 1]
[2, 1]
[2, 1]
[1, 1]
[6, 1]
[10, 1]
[3, 3, 1]
[2, 4, 1]
[2, 5, 1]
[1, 3, 1]
[2, 3, 3, 1]
[1, 2, 4]
[2, 3, 2]
[1, 2, 3, 1]
[6, 3, 1]

left_values
[1, 17, 2]
[1, 6, 2, 3, 1]
[1, 3, 2, 3, 1]
[6, 2, 3, 1]
[5, 1, 3, 3]
[3, 1, 2, 5]
[1, 1, 2, 3]
[7, 2, 2, 2]
[3, 6, 1, 2]
[2, 4, 2, 1]
[2, 3, 2, 2, 1]
[2, 2, 1, 2]
[1, 4, 3]
[5, 1, 2, 4]
[11, 1, 2, 3]
[16, 2, 1]
[2, 5, 1, 2]
[4, 1, 2]
[3, 2, 2]
[3, 2, 3]
[3, 2, 3]
[2, 1, 2]
[2, 2, 2]
[2, 1, 2]
[2, 2, 2]
[2, 2, 2]
[2, 2, 2]
[3, 2, 2]
[3, 2, 2]
[37]
