Puzzle number: 18473
width:  37
height:  32
solved_count:  978
AVE_TIME:  '00:17:01'
ave_time_count:  477

top_values
[1, 1, 1, 1]
[2, 1, 1, 1, 1]
[3, 1, 1, 1, 1]
[2, 1, 1, 2]
[2, 1, 2, 2]
[2, 1, 3, 2]
[2, 1, 3, 2]
[2, 1, 7]
[1, 1, 1, 3, 1]
[2, 2, 1, 2, 1, 1]
[4, 1, 2, 2, 1]
[3, 2, 2, 4]
[2, 2, 3]
[2, 2, 4]
[2, 2, 4]
[14]
[14]
[4, 2, 3]
[4, 2, 2]
[4, 2, 1]
[4, 1, 2]
[3, 1, 2]
[3, 1]
[3, 1]
[3, 1]
[4, 8]
[6, 2]
[2, 2, 1, 1]
[2, 2, 1, 1]
[2, 3, 2]
[2, 3, 2]
[2, 3, 2]
[2, 2, 3]
[2, 1, 5]
[2, 4, 2]
[3, 4, 2]
[1, 1, 2, 1]

left_values
[2]
[2]
[3]
[4]
[3]
[3]
[2]
[4, 2]
[8]
[3]
[]
[]
[]
[]
[]
[]
[26]
[32]
[8, 12, 2]
[16, 2]
[10, 1, 3]
[2, 2, 7]
[8, 5, 10]
[8, 9, 3]
[2, 2, 2, 2]
[6, 1, 7]
[6, 9]
[9, 2, 2]
[6, 1, 1]
[6, 1, 2]
[2, 1, 2]
[3, 1, 1, 2, 2]
