Puzzle number: 18618
width:  34
height:  50
solved_count:  173
AVE_TIME:  '00:50:28'
ave_time_count:  100

top_values
[4, 1, 2, 8, 4, 1, 2, 3]
[4, 1, 1, 2, 2, 4, 1, 3, 2, 3]
[1, 4, 1, 2, 10, 3, 2, 3]
[4, 2, 4, 7, 2, 1, 2, 3]
[4, 2, 5, 3, 1, 1, 3]
[5, 3, 5, 2, 1, 2]
[5, 1, 3, 2]
[5, 2, 3, 2, 2]
[1, 5, 2, 11, 2]
[5, 11, 1, 2]
[5, 8, 3]
[5, 9, 2, 1]
[6, 3, 2, 1, 2]
[6, 2, 5]
[7, 3, 1]
[10, 5]
[2, 2, 4, 1, 3]
[1, 2, 7, 2, 2, 2, 1]
[3, 7, 2, 2, 3, 1, 3, 1]
[1, 3, 8, 2, 3, 3, 1]
[4, 13, 5, 3]
[4, 1, 10, 5, 1]
[5, 2, 8, 6]
[5, 1, 8, 6]
[6, 9, 7]
[6, 4, 5, 2, 9]
[6, 2, 10, 7]
[7, 8, 2, 4]
[7, 3, 2, 1]
[9, 3]
[10, 3]
[17]
[1, 11, 1]
[1, 1, 1]

left_values
[1, 5, 1]
[10]
[11]
[12]
[3, 8]
[5]
[4, 1, 1, 1]
[3, 5]
[2, 3, 7]
[6, 2, 3, 5]
[4, 3, 2, 5]
[1, 1, 3, 2, 3, 1, 5]
[4, 6, 2, 2, 4]
[4, 5, 7, 4]
[2, 4, 8, 4]
[3, 5, 1, 4, 4]
[2, 5, 8, 4]
[3, 2, 5, 9, 4]
[4, 1, 2, 1, 3, 3, 4]
[1, 2, 1, 2, 1, 2, 5, 3]
[4, 2, 1, 1, 8, 4]
[4, 1, 1, 2, 6, 3]
[4, 2, 1, 6, 4]
[4, 1, 1, 9, 3]
[1, 2, 2, 9, 3, 1]
[1, 2, 5, 4]
[3, 4, 4, 3]
[1, 1, 2, 4, 3]
[2, 2, 1, 4, 3]
[3, 2, 2, 3, 3, 1]
[1, 4, 3, 2, 3, 3]
[10, 1, 2, 3, 2, 1]
[1, 7, 1, 2, 3, 2]
[2, 3, 2]
[3, 2, 2]
[2, 2, 2]
[3, 2, 1, 1]
[2, 1, 2]
[4, 1, 3, 2]
[5, 3, 2]
[3, 1]
[1, 1, 3, 2]
[2, 2, 2]
[2, 4]
[1, 3, 3]
[2, 2, 2]
[1, 2, 3]
[5, 1, 1, 3]
[6, 1, 3]
[6, 2, 3, 3]
