Puzzle number: 19038
width:  40
height:  36
solved_count:  2091
AVE_TIME:  '00:03:32'
ave_time_count:  1149

top_values
[1, 1, 2, 2, 2, 2, 1]
[2, 1, 21, 1]
[1, 1, 21, 1]
[2, 1, 2, 2, 2, 2, 1]
[2, 1, 2, 2, 2, 2, 1]
[1, 1, 2, 2, 2, 2, 1]
[3, 21, 1]
[2, 1, 1]
[24, 1]
[1, 1]
[1, 1]
[1, 1]
[1, 1]
[1, 1]
[1, 1]
[1, 1]
[1, 1]
[1, 1]
[1, 1]
[1, 1]
[16, 1, 1]
[2, 1, 1, 1, 2, 1, 1]
[2, 1, 1, 1, 2, 1, 1]
[16, 1, 1]
[1, 1, 1, 1, 1, 1]
[1, 1, 1, 1, 1, 1]
[1, 1, 1, 1, 1, 1]
[1, 1, 1, 1, 1, 1]
[1, 1, 1, 1, 1, 1]
[16, 1, 1]
[1, 1, 1, 1, 1, 1]
[1, 1, 1, 1, 1, 1]
[16, 1, 1]
[16, 1, 1]
[2, 1, 1, 1, 2, 1, 1]
[16, 1, 1]
[1, 1]
[1, 1]
[1, 1]
[1, 1]

left_values
[]
[]
[]
[]
[]
[]
[2]
[3]
[2]
[3]
[3, 16]
[9, 4, 1, 4]
[1, 1, 1, 1, 2, 1]
[7, 1, 1, 1, 1, 2, 1]
[7, 1, 16]
[2, 1, 1, 1, 1, 1, 2, 1]
[7, 1, 1, 1, 1, 2, 1]
[7, 1, 1, 1, 1, 2, 1]
[2, 1, 1, 16]
[2, 1, 1, 1, 1, 1, 2, 1]
[2, 1, 1, 1, 1, 1, 2, 1]
[2, 1, 1, 4, 1, 4]
[2, 1, 1, 1, 1, 1, 2, 1]
[2, 1, 1, 1, 1, 1, 2, 1]
[2, 1, 1, 4, 1, 4]
[2, 1, 1, 16]
[7, 1]
[7, 1]
[2, 1, 1]
[2, 1, 1]
[2, 1, 1]
[2, 1, 1]
[7, 1]
[40]
[]
[40]
