Puzzle number: 19118
width:  50
height:  50
solved_count:  1024
AVE_TIME:  '00:37:34'
ave_time_count:  408

top_values
[1, 1, 1, 1, 1, 7, 3, 2, 1, 2, 1, 1]
[6, 1, 1, 1, 1, 1, 1, 2, 2, 1, 1]
[1, 1, 1, 1, 1, 1, 1, 1, 1, 1, 2, 1, 1]
[6, 1, 1, 1, 1, 1, 2, 2, 2, 1, 1]
[1, 1, 1, 1, 1, 7, 1, 2, 2, 2, 1, 1]
[6, 1, 1, 1, 1, 1, 2, 4, 1, 1]
[1, 1, 1, 1, 1, 1, 1, 1, 2, 3, 1, 1]
[6, 1, 1, 1, 1, 1, 3, 4, 1]
[1, 1, 1, 1, 1, 7, 1, 3, 2, 11]
[6, 1, 1, 1, 1, 1, 6]
[1, 1, 1, 1, 3, 1, 1, 15]
[6, 1, 2, 1, 1]
[1, 3, 1, 30]
[1, 1, 1]
[1, 1, 1]
[1, 1, 1]
[1, 2, 1]
[1, 1, 1]
[1, 1, 1]
[1, 8, 29]
[6, 1, 2, 1, 1]
[1, 1, 1, 1, 1, 14]
[6, 1, 9, 1, 6]
[6, 1, 1, 1, 1, 3, 3, 11]
[1, 1, 1, 1, 1, 3, 5, 1]
[6, 1, 1, 1, 1, 2, 3, 3, 1]
[6, 1, 9, 1, 2, 2, 3, 1]
[1, 1, 1, 1, 1, 1, 2, 3, 1]
[6, 1, 1, 1, 1, 2, 1, 3, 1]
[6, 1, 1, 1, 1, 1, 2, 3, 1]
[6, 1, 1, 1, 1, 1, 2, 3, 1]
[1, 1, 2, 1, 3, 1, 1, 3, 1]
[6, 1, 1, 1, 3, 1, 3, 1]
[6, 1, 1, 1, 1, 11, 11]
[1, 1, 1, 1, 1, 1, 3, 1]
[6, 1, 1, 1, 3, 1, 3, 1]
[6, 1, 1, 1, 3, 1, 2, 3, 1]
[1, 1, 1, 1, 1, 1, 1, 3, 1]
[6, 1, 1, 1, 1, 2, 2, 3, 1]
[6, 1, 1, 1, 1, 1, 2, 3, 1]
[1, 1, 1, 1, 1, 2, 2, 3, 1]
[6, 1, 1, 1, 1, 2, 2, 3, 1]
[6, 1, 1, 1, 1, 2, 6, 1]
[1, 1, 1, 1, 1, 2, 3, 11]
[6, 1, 1, 1, 1, 7]
[1, 1, 1, 1, 1, 14]
[8, 1, 1, 1]
[8, 1, 1, 29]
[1, 1, 1, 1, 1, 6]
[1, 1, 1, 1, 1, 3, 1]

left_values
[12, 1, 2, 2, 3, 2, 2, 2, 2, 1, 4]
[1, 1, 1, 1, 1, 1, 1, 2, 2, 3, 2, 2, 2, 2, 1, 2]
[1, 1, 1, 1, 1, 1, 1, 2, 2, 3, 2, 2, 2, 2, 1, 2]
[12, 1, 2, 2, 3, 2, 2, 2, 2, 1, 2]
[1, 1, 1, 1, 1, 1, 1, 2, 2, 3, 2, 2, 2, 2, 1, 2]
[12, 28]
[2]
[50]
[]
[11, 5, 12]
[3, 5, 1, 1, 19]
[13, 1, 1, 1]
[1, 1, 1, 1, 1, 1]
[1, 1, 1, 1, 1, 1]
[1, 1, 1, 1, 1, 1]
[1, 1, 1, 1, 1, 1]
[1, 1, 1, 1, 1, 1]
[50]
[]
[]
[13]
[1, 1, 13, 14]
[1, 1, 1, 1, 1, 1]
[1, 1, 2, 2, 1]
[1, 1, 1, 1, 1, 1]
[4, 1, 1, 11, 1]
[2, 1, 1, 3, 2, 1]
[2, 2, 1, 1, 2, 7, 1, 1]
[3, 2, 1, 1, 2, 2, 1, 3, 2, 1]
[2, 2, 1, 1, 1, 3, 1, 2, 2, 1]
[2, 1, 1, 1, 2, 2, 1, 2, 2, 1]
[1, 2, 1, 1, 1, 2, 1, 2, 2, 1]
[7, 2, 1, 1, 2, 1, 1, 2, 1, 1]
[7, 2, 1, 1, 1, 2, 1, 1, 1, 1]
[2, 1, 1, 1, 1, 1, 1, 1, 1, 1]
[1, 2, 1, 1, 23, 1]
[4, 1, 1, 25, 1]
[11, 1, 1, 25, 1, 1]
[1, 1, 1, 1, 1, 3]
[9, 1, 1, 1, 1, 21, 1, 3]
[1, 1, 1, 1, 1, 1, 1, 1, 1, 2]
[1, 1, 1, 1, 1, 1, 1, 1, 1, 2]
[1, 1, 1, 1, 1, 1, 1, 1, 1, 2]
[1, 1, 1, 1, 1, 1, 1, 1, 1, 3]
[1, 1, 1, 1, 1, 1, 1, 1, 1, 1]
[1, 1, 1, 1, 1, 1, 1, 1, 1, 1]
[1, 1, 1, 1, 1, 1, 1, 1, 1, 1]
[1, 1, 1, 1, 1, 1, 1, 1, 1, 1]
[1, 1, 1, 1, 1, 1, 1, 1, 1, 1]
[1, 1, 1, 1, 1, 1, 1, 1, 1, 1]
