Puzzle number: 19499
width:  50
height:  50
solved_count:  1972
AVE_TIME:  '00:16:25'
ave_time_count:  892

top_values
[6, 5, 1]
[2, 4, 4, 2]
[2, 5, 4, 2]
[2, 9, 4, 1, 3]
[2, 7, 3, 2, 3]
[2, 8, 3, 1, 4, 1]
[2, 2, 4, 3, 2, 1, 1, 2]
[2, 2, 3, 3, 4]
[2, 3, 4, 7, 5, 4]
[2, 2, 21, 4]
[2, 3, 7, 9, 4]
[2, 3, 3, 5]
[2, 3, 3, 5]
[2, 3, 3, 2, 2]
[2, 4, 3, 1, 1]
[2, 5, 3, 1]
[2, 8, 3]
[2, 9, 4, 3]
[2, 3, 16]
[2, 15]
[2, 2, 3]
[2, 3]
[2, 5]
[2, 5]
[2, 3]
[2, 3]
[2, 3]
[2, 6]
[2, 5]
[2, 3]
[2, 4]
[2, 3]
[2, 2]
[2, 1]
[2]
[2]
[2]
[2]
[2]
[2]
[2]
[2]
[2]
[2]
[2]
[2]
[2]
[2]
[2]
[2]

left_values
[50]
[50]
[1]
[2]
[3]
[4]
[3]
[7]
[9]
[3, 4]
[3, 3]
[3, 3]
[4, 3]
[5, 3]
[4, 3]
[4, 4]
[2, 4]
[3, 4]
[2, 3]
[2, 2]
[2, 3]
[2, 3]
[2, 3]
[3, 3]
[2, 3]
[2, 3]
[2, 3]
[3, 3]
[3, 3]
[3, 3]
[2, 2]
[2, 2]
[3, 2]
[12]
[14]
[16]
[6, 4]
[7, 3]
[6, 2]
[4, 3]
[3, 4]
[1, 1, 4]
[3, 3]
[4, 3]
[3, 2, 2]
[3, 6, 2]
[13, 4]
[3, 6, 5]
[8, 4]
[3, 4, 4]
