Puzzle number: 19687
width:  43
height:  50
solved_count:  337
AVE_TIME:  '00:29:39'
ave_time_count:  166

top_values
[4, 2, 4, 3, 4]
[4, 3, 3, 2, 3]
[4, 4, 5, 2, 3]
[3, 10, 2, 3]
[3, 8, 6]
[3, 6, 5]
[4, 4, 4, 1]
[1, 2, 5, 4, 1]
[4, 5, 3, 2]
[1, 1, 7, 3, 1]
[1, 1, 8, 3]
[1, 10, 3]
[10, 3]
[2, 11, 3]
[2, 1, 13, 6]
[4, 13, 8]
[4, 14, 8]
[4, 4, 9, 7]
[1, 2, 4, 7, 7]
[1, 2, 3, 15]
[1, 3, 3, 14]
[1, 3, 5, 10]
[1, 3, 8, 2]
[1, 4, 3, 5]
[1, 3, 4, 4]
[2, 3, 1, 4, 7, 1]
[2, 4, 3, 5, 17]
[2, 5, 3, 5, 16]
[11, 9, 15]
[26]
[25, 7]
[50]
[50]
[20, 25]
[7, 11, 13]
[4, 1, 17, 1]
[8, 6, 11, 3]
[7, 6, 12, 5]
[7, 6, 11, 7]
[16, 18]
[14, 15]
[11, 10]
[4, 6]

left_values
[3, 5, 26]
[7, 1, 5, 15]
[12, 9, 12]
[9, 13, 13]
[15, 5]
[19]
[9, 6]
[7, 1, 3]
[7, 3]
[6, 3]
[6, 4]
[5, 4]
[6, 5]
[14]
[13]
[13]
[4, 1, 12]
[5, 3, 10]
[7, 12]
[8, 9]
[9, 5, 2]
[10, 5, 2]
[4, 8, 6, 3]
[4, 8, 8, 2]
[1, 3, 9, 9, 2]
[4, 10, 6, 7]
[3, 10, 7, 7]
[2, 17, 7]
[6, 7, 8]
[6, 3, 8]
[6, 3, 4, 3]
[5, 3, 4, 4]
[6, 4, 4, 4]
[5, 5, 4, 4]
[5, 5, 4, 4]
[5, 5, 4, 4]
[5, 4, 4, 5]
[6, 4, 4, 4]
[5, 4, 3, 5]
[3, 3, 3, 4]
[3, 3, 3, 4]
[1, 2, 4, 3, 3, 4]
[6, 3, 4, 3, 3, 4]
[22, 3, 4, 5]
[18, 3, 4, 4]
[22, 3, 4, 5]
[8, 8, 3, 4, 4]
[5, 6, 3, 4, 5]
[1, 2, 6, 3, 3, 4]
[3, 5, 4, 3, 4]
