Puzzle number: 19688
width:  45
height:  48
solved_count:  2394
AVE_TIME:  '00:02:39'
ave_time_count:  1677

top_values
[]
[]
[]
[]
[]
[]
[]
[]
[]
[]
[]
[]
[]
[]
[]
[]
[]
[]
[]
[]
[]
[]
[]
[]
[]
[]
[]
[]
[]
[]
[]
[]
[]
[12]
[14]
[15]
[16]
[8]
[7]
[6]
[6]
[3, 7]
[8, 7]
[10, 6]
[1, 7]

left_values
[4, 3]
[4, 3]
[4, 3]
[4, 2]
[4, 2]
[4, 2]
[4, 2]
[4, 2]
[4, 1]
[5, 2]
[5]
[6]
[6]
[8]
[8]
[9]
[8]
[7]
[5]
[4]
[3]
[1]
[]
[]
[]
[]
[]
[]
[]
[]
[]
[]
[]
[]
[]
[]
[]
[]
[]
[]
[]
[]
[]
[]
[]
[]
[]
[]
