Puzzle number: 19691
width:  39
height:  50
solved_count:  535
AVE_TIME:  '00:26:29'
ave_time_count:  262

top_values
[1]
[]
[4]
[5]
[7, 2]
[14, 2]
[21]
[25]
[28]
[30]
[22, 1]
[11, 10, 2, 3]
[10, 10, 7]
[11, 9, 4]
[11, 7, 3, 5]
[13, 8, 2, 7]
[14, 9, 2, 3, 2]
[15, 8, 3, 3, 2]
[15, 10, 7]
[14, 11, 8]
[14, 13, 2]
[14, 15, 6]
[14, 28]
[14, 29]
[14, 29]
[14, 24]
[14, 1, 15, 9]
[13, 2, 26]
[16, 1, 16, 8]
[16, 2, 2, 13, 5]
[18, 14, 6]
[18, 14, 7]
[18, 15, 8]
[17, 15, 9]
[33, 10]
[31, 10]
[12, 16, 12, 2]
[12, 14, 13, 3]
[9, 2, 8, 4, 13, 5]

left_values
[11]
[17]
[22]
[23]
[23]
[24]
[24]
[25]
[26]
[26]
[26]
[26]
[27]
[16, 11]
[8, 9]
[8, 13]
[8, 9]
[6, 10]
[4, 5, 5]
[3, 5]
[4, 6]
[3, 2, 7]
[4, 3, 7]
[4, 3, 2, 7]
[3, 2, 1, 7, 12]
[7, 10, 3, 9]
[32]
[32]
[31]
[31, 1]
[33]
[30, 2]
[33]
[8, 17, 3]
[7, 15, 4]
[6, 13, 5]
[6, 12, 6]
[7, 6, 10, 7]
[6, 8, 9, 8]
[6, 4, 3, 6, 9]
[6, 2, 2, 4, 12]
[6, 2, 2, 17]
[6, 2, 2, 16]
[6, 2, 5, 15]
[5, 6, 14]
[1, 5, 4, 1, 8, 1]
[2, 5, 2, 1, 8, 1]
[2, 4, 2, 8, 2]
[8, 4, 8, 3]
[1, 9, 3, 8, 3]
