Puzzle number: 19703
width:  50
height:  45
solved_count:  812
AVE_TIME:  '00:08:39'
ave_time_count:  527

top_values
[1, 5, 4]
[2, 4, 4]
[4, 5]
[4, 5]
[3, 5]
[4, 4]
[3, 4, 4]
[3, 4, 4]
[2, 3, 3]
[6, 3, 1]
[10, 3, 1]
[17, 4]
[17, 5]
[18, 3, 1]
[5, 7, 3]
[6, 1, 4]
[5, 3]
[4, 2]
[3]
[3]
[3]
[2]
[2]
[2]
[2]
[3, 1]
[3, 3]
[8]
[8]
[5, 2]
[3, 1]
[1]
[1]
[]
[]
[]
[]
[]
[]
[]
[]
[]
[]
[]
[]
[]
[]
[]
[]
[]

left_values
[1, 1, 3]
[2, 2, 3]
[2, 4]
[2, 5]
[9]
[7]
[6]
[5]
[5]
[5]
[4]
[4]
[4]
[5]
[4]
[1, 4]
[7, 4]
[8, 5]
[15]
[2, 1, 10]
[1, 7]
[]
[]
[]
[]
[]
[]
[]
[]
[]
[]
[]
[]
[]
[]
[]
[]
[6]
[13]
[17]
[3, 9, 3]
[8, 6, 3]
[9, 3, 1, 3]
[9, 2, 4]
[14, 8]
