Puzzle number: 19784
width:  43
height:  47
solved_count:  410
AVE_TIME:  '00:25:34'
ave_time_count:  184

top_values
[3]
[1, 3]
[4, 3]
[4, 4]
[2, 3, 1]
[4, 2, 3]
[2, 6, 4]
[6, 2, 4]
[12, 4]
[7, 6, 3, 1]
[14, 3, 3]
[13, 3, 4]
[13, 2, 4, 1]
[8, 1, 5]
[6, 5]
[4, 3, 1, 6, 6]
[3, 4, 1, 21]
[2, 5, 1, 19]
[1, 3, 2, 1, 3, 7]
[1, 3, 2, 2, 3]
[1, 3, 5, 3]
[1, 2, 3, 2]
[1, 2, 2]
[2, 3, 4]
[4, 3, 5]
[17]
[13]
[7]
[]
[]
[7]
[12]
[4, 5]
[3, 1, 3, 3]
[3, 2, 2]
[3, 3, 2, 2, 2, 3]
[2, 3, 2, 3, 3, 2, 1, 6]
[1, 11, 2, 2, 4, 1, 9]
[16, 2, 21]
[21, 4, 7, 2]
[29, 5, 3]
[34, 3]
[2, 2, 15, 6, 3]

left_values
[3, 19, 8]
[2, 13, 3, 2, 5]
[4, 10, 2, 1, 5]
[14, 3, 7]
[10, 2, 8]
[9, 3, 7]
[2, 6, 9, 1, 6]
[4, 4, 10, 6]
[7, 4, 5, 7]
[5, 3, 3, 7]
[5, 2, 3, 6]
[6, 6, 3, 6]
[4, 7, 2, 6]
[2, 1, 2, 2, 5]
[2, 2, 5]
[1, 2, 3, 5]
[4, 2, 4, 4]
[3, 6, 4]
[2, 4, 7]
[1, 3, 2, 5]
[8, 2, 4]
[1, 6, 2, 2]
[2, 6, 2, 2]
[1, 3, 2, 1, 3, 2]
[2, 3, 2, 6, 2]
[1, 3, 2, 1, 6]
[3, 3, 2, 1, 5]
[3, 3, 3, 5]
[4, 2, 2, 6]
[6, 3, 2, 3, 2]
[8, 3, 2, 3, 2]
[7, 3, 3, 6]
[4, 1, 3, 3, 4]
[3, 7]
[3, 3]
[3, 3]
[3, 3]
[3, 3]
[4, 3]
[3, 3]
[3, 4]
[3, 4]
[3, 4]
[3, 7]
[4, 6]
[3, 3]
[3, 1]
