Puzzle number: 19927
width:  30
height:  20
solved_count:  2570
AVE_TIME:  '00:13:38'
ave_time_count:  1175

top_values
[20]
[1, 2, 4, 3]
[1, 1, 1, 1, 3, 1, 1]
[1, 1, 2, 2, 3, 1, 1]
[1, 2, 1, 2, 2, 1]
[1, 1, 1, 1, 2, 1]
[1, 1, 3, 2, 1]
[1, 1, 3, 3, 1]
[1, 1, 1, 2, 2, 1]
[1, 1, 1, 1, 3, 2]
[1, 2, 2, 1, 2, 2]
[1, 1, 2, 2, 3, 1, 2]
[1, 1, 2, 1, 1, 2, 1, 1]
[3, 1, 3, 2, 2, 1]
[2, 6, 2, 1, 1]
[2, 2, 4, 2, 1, 1]
[2, 2, 4, 1, 1]
[1, 1, 2, 2, 1, 1, 1]
[1, 2, 2, 1]
[1, 1, 2, 1, 2]
[1, 1, 2, 3]
[1, 2, 3]
[1, 2, 9]
[1, 2, 2, 1]
[1, 2, 2, 1]
[1, 2, 2, 1]
[1, 2, 1, 3, 3]
[1, 2, 2, 2, 4]
[1, 1, 1, 2, 4]
[2, 3, 1, 9, 1]

left_values
[30]
[1, 4, 1]
[1, 3, 4, 3, 1]
[1, 2, 3, 2, 4]
[1, 4, 4, 1]
[1, 4, 3, 2, 6, 3]
[4, 5, 2, 6, 2]
[2, 8, 1]
[1, 2, 2, 4]
[1, 1, 5, 2, 2, 1]
[2, 1, 3, 2, 1, 4]
[2, 2, 3, 2, 8]
[3, 1, 9, 5, 1]
[4, 5, 3, 1, 1]
[1, 8, 1, 1]
[1, 5, 3, 1, 1]
[1, 3, 1, 3]
[4, 5, 3, 4]
[2, 3, 4, 3]
[18, 3, 7]
