Puzzle number: 19943
width:  49
height:  50
solved_count:  158
AVE_TIME:  '00:45:45'
ave_time_count:  100

top_values
[2, 13, 19]
[2, 29, 4]
[1, 10, 3, 15, 3]
[2, 16, 2, 8, 4]
[17, 2, 6, 4]
[8, 4, 11, 5, 4]
[14, 2, 3, 7, 7]
[18, 4, 1, 3, 1, 2, 2]
[3, 8, 5, 2]
[3, 11, 4, 7]
[2, 16, 3, 5]
[2, 19, 3, 2]
[23, 2]
[28]
[4, 20, 2, 2]
[5, 19, 4]
[4, 8, 1, 1, 4]
[4, 8, 8, 3]
[4, 6, 3, 4, 3, 1]
[4, 6, 2, 2, 3, 3, 2]
[3, 7, 6, 3, 6]
[2, 6, 3, 2, 3, 3, 3]
[2, 8, 5, 3, 6]
[2, 22, 4, 3]
[3, 19, 3, 5, 3]
[3, 20, 3, 5, 3]
[3, 21, 3, 3]
[5, 22, 2]
[6, 20, 2]
[2, 19, 2, 3]
[1, 19, 3, 6]
[4, 19, 3]
[26, 3, 3, 2]
[3, 22, 4, 3, 2, 1]
[2, 1, 19, 3, 2, 4, 3, 1]
[1, 6, 16, 3, 3, 3, 3, 1]
[10, 12, 5, 3, 3, 3]
[2, 4, 5, 5, 2, 3, 3]
[6, 7, 2, 3, 1]
[16, 2, 4]
[13, 1, 3]
[6, 3]
[]
[]
[]
[]
[]
[]
[]

left_values
[]
[3, 1]
[5, 1, 4]
[6, 1, 2, 1]
[2, 5, 2, 2, 2]
[2, 3, 2, 3, 2, 2]
[3, 4, 2, 3, 1, 2]
[2, 5, 4, 2, 1, 2, 3]
[2, 5, 4, 2, 1, 3, 2]
[2, 6, 9, 3, 3, 2]
[2, 7, 7, 2, 6, 2]
[3, 9, 4, 3, 3]
[3, 12, 14, 2]
[2, 3, 27, 3]
[4, 3, 28, 2]
[1, 3, 28, 3]
[2, 3, 28, 3]
[4, 3, 28, 2]
[8, 9, 18, 2]
[5, 2, 7, 16, 3]
[5, 2, 6, 3, 15, 3]
[5, 3, 6, 5, 15, 3]
[6, 2, 6, 2, 2, 15, 3]
[6, 3, 5, 1, 2, 14, 3]
[7, 3, 6, 1, 14, 4]
[7, 4, 3, 1, 2, 15, 3]
[2, 2, 7, 1, 3, 14, 3]
[9, 8, 15, 4]
[9, 3, 3, 14, 4]
[8, 3, 12, 3]
[1, 3, 3, 9, 4]
[6, 4, 5]
[6, 6, 7]
[3, 3, 13]
[7, 10]
[4, 3, 1]
[3, 3, 2]
[8, 1, 1]
[4, 2, 1, 1, 2]
[5, 3, 2, 2, 2]
[6, 2, 2, 3, 3]
[6, 3, 3, 3, 2]
[7, 3, 2, 3, 3]
[7, 3, 4, 5, 1]
[8, 3, 5, 1, 6]
[1, 1, 2, 3, 7, 1, 3, 4]
[2, 4, 3, 6, 3, 1, 5, 2]
[9, 4, 7, 2, 1, 6]
[8, 3, 8, 2, 1, 2]
[6, 2, 4, 2, 2, 2, 1]
