Puzzle number: 20487
width:  30
height:  49
solved_count:  352
AVE_TIME:  '00:19:07'
ave_time_count:  130

top_values
[2, 7, 3, 3, 5]
[2, 11, 3, 3, 4]
[3, 4, 3, 3, 4]
[2, 4, 3, 3, 4]
[2, 3, 3, 3, 4]
[2, 4, 3, 2, 4]
[3, 5, 4, 2, 4]
[2, 6, 3, 2, 4]
[2, 4, 9, 2, 4]
[5, 2, 3, 7, 3, 4]
[4, 2, 3, 3, 3, 3]
[5, 2, 3, 3, 3]
[6, 3, 3, 3, 3]
[2, 3, 3, 3]
[2, 3, 3, 3]
[6, 2, 3, 3, 3]
[4, 2, 3, 4, 4]
[4, 2, 3, 4, 3]
[2, 3, 5, 3]
[2, 12, 4]
[2, 8, 4]
[1, 2, 3, 6]
[2, 2, 16]
[4, 1, 3, 9]
[4, 1, 3]
[5, 1, 3]
[6, 2]
[9, 3]
[15]
[11]

left_values
[3]
[1, 3]
[3, 1, 3]
[3, 2, 3]
[4, 3, 3]
[4, 3, 2]
[2, 2, 3]
[1, 1, 2]
[1, 1, 3]
[1, 1, 3]
[2]
[3]
[3]
[3]
[3]
[2]
[2]
[3, 2]
[7, 2]
[11, 2]
[20, 2]
[4, 11, 3]
[9, 6]
[28]
[26]
[2, 18]
[2, 2, 2, 1]
[2, 2, 2, 2]
[1, 2, 2, 2]
[1, 2, 2, 2]
[1, 2, 2, 2]
[1, 3, 1, 2]
[3, 2, 2]
[1, 5, 2, 2]
[10, 2, 2]
[9, 2, 3]
[6, 3, 2]
[3, 2]
[1, 4, 3]
[5, 8, 3]
[15, 3]
[13, 3]
[4]
[4]
[1, 5]
[17]
[15]
[13]
[10]
