Puzzle number: 20594
width:  44
height:  50
solved_count:  315
AVE_TIME:  '00:22:25'
ave_time_count:  107

top_values
[5]
[2, 3]
[2]
[2]
[9]
[2, 5]
[2, 4]
[2, 3]
[2, 3]
[2, 2]
[2, 3]
[2, 2]
[2, 2]
[2, 2, 5]
[2, 2, 2, 2]
[2, 1, 1, 2]
[2, 3, 1]
[2, 2, 1]
[2, 2, 1]
[2, 1, 1]
[2, 1, 1]
[2, 1, 2]
[2, 1, 1]
[2, 1, 1]
[2, 2, 2]
[2, 2, 2]
[2, 5]
[2, 2]
[2, 2]
[2, 2]
[2, 1]
[2, 9]
[2, 2, 1, 4]
[2, 4, 1, 1, 1, 3]
[2, 7, 1, 3, 1, 2]
[2, 2, 5, 1, 2, 2, 1, 2]
[2, 2, 6, 1, 1, 1, 1, 1]
[2, 2, 5, 1, 2, 2, 1, 7]
[2, 2, 6, 2, 3, 1, 9]
[2, 2, 5, 2, 1, 1, 11]
[2, 3, 5, 1, 1, 14]
[2, 4, 5, 1, 1, 14]
[2, 6, 5, 1, 1, 7, 6]
[3, 6, 5, 1, 1, 6, 5]

left_values
[1]
[2]
[1]
[1]
[2, 1]
[44]
[43]
[1]
[1]
[1]
[1]
[1, 2]
[1, 3]
[2, 5]
[1, 6]
[1, 2, 4]
[1, 2, 2]
[2, 2]
[1, 2]
[1, 1]
[2, 4]
[1, 6]
[2, 9]
[1, 11]
[2, 10]
[2, 8]
[1, 6]
[2, 2]
[2, 8]
[2, 2, 6]
[2, 1, 3]
[3, 1, 2, 2]
[3, 1, 1, 1]
[16, 5, 7]
[2, 8, 3]
[1, 1, 1]
[1, 1, 13]
[1, 2, 2, 4]
[2, 2, 1, 5]
[2, 4, 2, 6]
[7, 1, 7]
[2, 7]
[2, 6]
[7]
[6]
[7]
[7]
[6]
[5]
[4]
