Puzzle number: 20656
width:  40
height:  34
solved_count:  746
AVE_TIME:  '00:09:34'
ave_time_count:  489

top_values
[1]
[1]
[2]
[2]
[3]
[3]
[4]
[5]
[5]
[5]
[5]
[6]
[6]
[6]
[6]
[6]
[7, 5]
[7, 3, 3]
[7, 1, 2, 1]
[8, 2, 2, 3]
[8, 2, 2, 2]
[1, 8, 1, 1, 2]
[2, 8, 1, 2, 5]
[2, 9, 1, 1, 1, 2]
[1, 9, 1, 3, 3]
[1, 1, 10, 1, 2, 2]
[3, 11, 2, 2, 1]
[2, 12, 2, 1, 1]
[2, 12, 1, 1, 1]
[5, 5, 1, 1]
[1, 8, 1, 2, 1]
[15, 1, 1]
[17, 1, 1]
[18, 1, 1]
[20, 1]
[21, 1]
[21, 1]
[22, 2]
[20, 2]
[20, 2]

left_values
[2, 2, 3]
[2, 2, 5]
[17]
[2, 9]
[1, 9]
[13]
[14]
[4, 10]
[6, 10]
[10, 10]
[13, 10]
[18, 10]
[33]
[24, 9]
[26, 9]
[28, 9]
[40]
[8]
[8]
[9, 7]
[4, 5, 4]
[1, 8]
[2, 2]
[1, 3, 3]
[1, 2, 2]
[1, 2, 2]
[3, 1]
[1, 3]
[3, 1]
[1, 1]
[4]
[5, 1]
[3, 3]
[15]
