Puzzle number: 20721
width:  50
height:  45
solved_count:  292
AVE_TIME:  '00:38:36'
ave_time_count:  146

top_values
[10, 17]
[31]
[4, 4, 2, 19]
[4, 4, 3, 19]
[2, 4, 8, 9, 1]
[4, 5, 8, 13]
[10, 7, 3, 12]
[5, 7, 3, 9]
[5, 4, 7, 1, 1, 2, 3]
[13, 7, 1, 2, 2, 2]
[8, 9, 1, 1, 1]
[1, 5, 8, 3, 2]
[1, 2, 7, 3, 3, 1]
[1, 1, 7, 7, 3, 2]
[1, 1, 11, 7, 3, 4]
[2, 4, 2, 2, 4]
[1, 2, 6, 4]
[1, 3, 3, 4]
[1, 12, 3]
[1, 10, 4]
[1, 4, 4, 2]
[2, 4, 4, 3]
[2, 11, 7, 3]
[2, 14, 10, 2]
[6, 10]
[4, 4, 1, 6]
[2, 2, 2, 3]
[1, 4, 5]
[6]
[7]
[7]
[2]
[4, 2]
[6, 2]
[6, 2]
[6, 2]
[4, 2]
[1, 3]
[1, 1, 3, 8]
[2, 2, 2, 10]
[3, 2, 2, 7]
[4, 1, 3, 9]
[5, 13]
[2, 14, 4]
[2, 9, 7]
[1, 2, 5]
[1, 2, 4]
[1, 1, 10, 6, 1]
[1, 26]
[2, 8, 5]

left_values
[4, 1, 4, 7, 1, 9, 1]
[4, 1, 12, 6]
[5, 2, 3]
[6, 2, 3]
[6, 2, 2]
[2, 1, 4, 4, 2, 1]
[3, 1, 6, 4, 7]
[2, 2, 3, 10, 4]
[2, 2, 3, 10, 2]
[1, 2, 2, 2, 4, 2, 2]
[2, 2, 2, 2, 2, 2]
[2, 1, 2, 2, 2, 2]
[2, 2, 2, 2, 2, 2, 1, 2, 1, 2]
[3, 2, 2, 2, 2, 3, 4, 2]
[3, 2, 2, 2, 2, 1, 1, 1, 1, 1]
[4, 1, 2, 2, 2, 3, 4, 1]
[3, 2, 2, 2, 1, 2, 2, 2, 1]
[2, 1, 1, 2, 1, 1]
[2, 6, 1, 2, 2, 1]
[2, 8, 2, 2, 2]
[13, 3, 2, 2]
[14, 3, 2, 2]
[2, 11, 4, 3, 2]
[2, 11, 5, 3, 3]
[2, 12, 2, 2, 3, 2]
[5, 6, 3, 1, 4, 2]
[4, 8, 2, 1, 4, 2]
[3, 2, 2, 2, 2, 2, 2, 2, 2]
[4, 2, 2, 1, 2, 2, 1, 2, 3, 2]
[4, 2, 2, 1, 2, 3, 1, 1, 2, 2]
[4, 2, 1, 2, 2, 2, 2, 2]
[4, 2, 1, 3, 3, 2, 3, 2, 2, 2]
[6, 1, 2, 3, 2, 3, 5, 2, 2, 2]
[7, 3, 2, 2, 5, 2, 2, 1]
[10, 2, 2, 2, 5, 2, 3, 1]
[10, 1, 2, 2, 5, 1, 2, 1]
[8, 1, 1, 3, 2, 3, 1, 3]
[12, 2, 2, 2, 3]
[10, 2, 8, 2]
[9, 2, 6, 2]
[8, 2, 3]
[4, 3, 3, 3]
[4, 3, 2, 2, 2]
[3, 2, 3, 4, 2]
[2, 3, 2, 4, 3]
