Puzzle number: 20727
width:  50
height:  45
solved_count:  664
AVE_TIME:  '00:23:17'
ave_time_count:  423

top_values
[2, 2]
[3, 2, 1]
[2, 1, 2]
[3, 3, 1]
[4, 3]
[3, 2, 3]
[3, 1, 3]
[2, 4, 3, 4]
[13, 7]
[9, 6]
[8, 5]
[3, 4, 4]
[1, 4, 4]
[5, 3]
[4, 3]
[4, 4]
[4, 6]
[4, 8]
[3, 5, 3]
[9, 3]
[4, 3]
[6, 3]
[7, 3]
[9, 3]
[8, 3]
[6, 3]
[3, 2]
[2]
[3]
[5]
[5]
[5]
[3]
[3, 3]
[5, 3, 1, 2, 1]
[13, 3]
[2, 2]
[3, 2, 2]
[5, 2, 2]
[4, 2, 1]
[5, 3, 2]
[2, 1, 2, 6]
[3, 3, 2, 5]
[3, 3, 2, 5]
[3, 2, 2, 5]
[2, 1, 5, 3, 1]
[2, 3, 1, 3, 2]
[3, 2, 4, 2]
[3, 2, 3, 2]
[45]

left_values
[2, 1]
[2, 1]
[1, 1, 1]
[2, 1, 1]
[2, 2, 1]
[2, 1, 1]
[2, 1, 1]
[2, 2, 1]
[1, 1, 1, 1]
[2, 2, 1, 1, 2, 1]
[1, 3, 1, 2, 3, 1]
[2, 4, 1, 2, 2, 1]
[1, 4, 3, 2, 1]
[2, 4, 2, 2, 1]
[7, 4, 2, 2, 1]
[8, 3, 3, 3]
[9, 3, 2, 3]
[10, 3, 1, 2]
[3, 6, 3, 1]
[2, 5, 2, 1, 1]
[2, 6, 1, 1]
[2, 3, 2, 1]
[1, 3, 1, 1]
[1, 2, 2, 1, 1]
[2, 1, 2, 1]
[2, 2, 2, 1]
[3, 2, 5]
[2, 3, 10]
[2, 2, 1, 11, 1, 1]
[2, 2, 3, 8, 2]
[6, 2, 5, 3]
[4, 3, 5, 1, 3]
[3, 12, 5, 2, 1]
[3, 20, 3, 1]
[25, 2, 1]
[7, 2, 2, 1]
[5, 2, 3]
[4, 2, 4]
[4, 4, 1]
[1, 4, 5, 1]
[2, 4, 7, 1]
[7, 2, 2, 1]
[3, 2, 1]
[3, 2, 1]
[2, 1, 1, 1]
