Puzzle number: 20865
width:  23
height:  47
solved_count:  1676
AVE_TIME:  '00:20:28'
ave_time_count:  657

top_values
[1]
[4, 16, 2]
[38]
[38, 2]
[2, 17, 11]
[2, 3, 7, 6]
[7, 8, 4]
[2, 7, 8, 3]
[2, 7, 1, 1]
[2, 1, 3, 3, 1]
[4, 3, 1, 3, 1]
[2, 3, 2, 12, 3]
[9, 16]
[11, 1]
[2, 5, 1]
[8, 2]
[6, 1]
[5, 9]
[22]
[18, 1]
[7]
[6]
[4]

left_values
[2]
[3]
[3]
[2, 1]
[1, 1]
[3, 1]
[6]
[2, 3]
[2, 4]
[8]
[8]
[4, 4]
[4, 1, 1]
[3, 2]
[3, 1]
[3, 2]
[3, 1]
[3, 2]
[3, 1]
[4, 1]
[5, 1, 3]
[5, 6]
[6, 2, 4]
[6, 7]
[6, 9]
[6, 10]
[3, 3, 3, 2]
[3, 2, 3, 2]
[3, 2, 2, 3]
[3, 2, 3, 3]
[3, 1, 4, 4]
[3, 1, 5, 4]
[3, 1, 4, 4]
[3, 1, 1, 2, 4]
[3, 2, 5]
[3, 2, 2, 2]
[3, 2, 3, 1]
[3, 2, 3, 1]
[3, 2, 3]
[3, 2, 3]
[3, 2, 3]
[4, 1, 3]
[5, 4, 2]
[8, 9]
[3, 4, 1, 1, 1]
[6]
[1, 1]
