Puzzle number: 21485
width:  25
height:  20
solved_count:  2843
AVE_TIME:  '00:14:49'
ave_time_count:  1386

top_values
[1, 1]
[1, 1]
[1, 4, 1]
[1, 7, 2]
[1, 8, 1]
[1, 1, 4, 3, 2]
[3, 5, 4, 1]
[7, 5, 1]
[5, 1, 4, 1]
[1, 5, 1]
[1, 6, 1]
[1, 1, 8, 1]
[1, 1, 4, 2, 1, 1]
[1, 5, 3, 1, 1]
[2, 4, 4, 1, 1]
[1, 3, 4, 1, 1]
[1, 1, 7, 1, 1, 1]
[1, 1, 2, 3, 3, 1]
[1, 1, 9, 1]
[1, 1, 4, 4, 1]
[1, 1, 1, 3, 2]
[1, 1, 2, 1]
[1, 1, 2, 1]
[1, 1, 1, 1, 1]
[1, 1, 1, 1, 1]

left_values
[3, 9]
[3, 3]
[4, 4]
[2, 11]
[3]
[3]
[3, 6]
[2, 1, 7]
[2, 3, 1, 5, 2, 2]
[3, 1, 4, 5]
[2, 1, 4, 5]
[3, 1, 4, 5]
[3, 6, 4, 2, 2]
[14, 6]
[13, 6]
[9, 4, 1]
[6]
[4]
[3, 5]
[16]
