Puzzle number: 21842
width:  30
height:  30
solved_count:  4832
AVE_TIME:  '00:08:23'
ave_time_count:  2739

top_values
[12, 4, 2]
[17, 2]
[13, 3, 3]
[11, 3]
[9, 1, 3]
[1, 11, 3]
[11, 3]
[11, 1, 1]
[12, 2, 1]
[9, 4, 2, 1]
[10, 4, 1, 1]
[10, 4, 2, 1]
[11, 2, 2, 2, 1]
[10, 2, 1, 2, 1]
[14, 1, 2, 1]
[8, 4, 1, 2, 1]
[16, 1, 4]
[9, 1, 4, 1, 4]
[3, 7, 2, 1, 1, 3]
[10, 2, 1, 1, 4]
[3, 3, 1, 4, 2, 4]
[3, 3, 1, 1, 2, 2, 4]
[16, 2, 1, 2]
[6, 5, 2, 1, 2]
[13, 2, 2, 1, 2]
[13, 5, 1, 2]
[10, 2, 4, 1, 2]
[8, 2, 4, 1, 2]
[1, 8, 2, 1, 1, 1, 2]
[10, 2, 3, 4]

left_values
[3, 1, 12, 2]
[3, 15, 1]
[3, 20]
[3, 9, 1, 8]
[3, 1, 21]
[5, 22]
[23, 6]
[20, 1, 6]
[15, 5, 1, 6]
[15, 1, 2, 2, 6]
[13, 1, 3, 1, 2]
[13, 1, 1, 8]
[8, 16]
[2, 18, 2]
[4, 13, 6]
[12, 15]
[3, 8, 3, 1]
[18]
[8]
[]
[]
[]
[]
[]
[]
[]
[10, 11]
[8, 11, 1]
[7, 14]
[30]
