Puzzle number: 21933
width:  30
height:  30
solved_count:  5786
AVE_TIME:  '00:08:41'
ave_time_count:  2816

top_values
[3, 18, 4, 2]
[2, 19, 4, 2]
[2, 12, 1, 4, 3]
[1, 4, 1, 1, 4, 1, 3]
[13, 2, 1, 3]
[2, 11, 2, 3]
[1, 12, 3]
[8, 2]
[6, 1]
[4, 1]
[3, 2]
[3, 2]
[2, 3]
[1, 3]
[2, 3]
[1, 2]
[1, 2]
[1, 1, 2]
[2, 1, 1]
[4, 1, 1]
[1, 2, 2, 1]
[1, 3, 2, 3]
[1, 3, 2, 2]
[2, 3, 2, 2]
[3, 2, 2]
[3, 2, 2]
[3, 2, 2]
[1, 3, 2, 2]
[1, 3, 2, 3]
[2, 2, 6, 3]

left_values
[4, 2]
[3, 2]
[1, 2]
[4]
[5, 1]
[5, 1]
[3, 1]
[3, 1, 3, 1, 1]
[3, 2, 1, 1, 2]
[3, 2]
[3, 2]
[6]
[3, 3]
[3, 3, 9]
[3, 2, 11]
[2, 2, 13]
[2, 1, 3, 2, 1]
[2, 3, 11]
[3, 4, 10]
[2, 2, 3]
[2, 2, 4]
[2, 1, 5]
[10]
[3, 8]
[3, 4]
[4, 3]
[2, 2, 2]
[5, 5, 3, 2]
[8, 7, 9]
[9, 8, 9]
