Puzzle number: 22194
width:  45
height:  25
solved_count:  2111
AVE_TIME:  '00:15:31'
ave_time_count:  864

top_values
[6, 1]
[8, 3]
[4, 4, 3, 3]
[1, 4, 8]
[4, 9]
[4, 9]
[10, 1]
[8, 1]
[4, 8, 1]
[4, 8, 1]
[1, 2, 9, 1]
[4, 4, 5, 1]
[3, 6, 1]
[3, 7]
[3, 6]
[3, 4]
[2, 2]
[3, 2]
[3, 1]
[2, 1]
[1]
[1, 1, 1]
[2, 2, 1]
[2, 1, 1]
[2, 2, 1]
[3, 1]
[2, 1]
[2, 3, 1]
[1, 4, 2]
[2, 4, 3]
[1, 4, 7]
[3, 8]
[3, 7, 1]
[8, 1]
[8, 1]
[4, 8, 1]
[1, 2, 8, 1]
[4, 9, 1]
[4, 3, 8, 1]
[3, 10]
[4, 9]
[7, 3, 3]
[8, 3]
[5, 1]
[1]

left_values
[]
[2]
[2]
[2, 2, 1]
[1, 2, 3, 1]
[2, 3, 4, 3]
[4, 4, 3, 1, 2, 3]
[3, 2, 1, 3, 2, 4, 3]
[2, 4, 2, 3, 4, 3]
[2, 4, 3, 4, 4]
[7, 6, 4, 3, 4]
[19, 13]
[15, 11]
[12, 7]
[6, 5]
[5, 7]
[8, 9]
[10, 10]
[12, 5, 5]
[5, 5, 3, 4]
[4, 4, 3, 4]
[3, 4, 3, 3]
[5, 4, 4, 5]
[5, 5, 4, 4]
[45]
