Puzzle number: 22282
width:  50
height:  50
solved_count:  214
AVE_TIME:  '01:22:02'
ave_time_count:  100

top_values
[]
[2]
[2]
[1, 5]
[1, 2, 7]
[2, 3, 2, 3, 2]
[1, 1, 2, 2, 3, 1, 2, 3]
[2, 3, 2, 2, 3, 7, 2, 3]
[2, 2, 5, 4, 7, 2, 3]
[3, 1, 3, 4, 5, 3, 4]
[3, 1, 1, 9, 3, 8]
[2, 2, 1, 1, 4, 4, 2, 8]
[3, 2, 1, 3, 2, 3, 3, 1, 2, 3]
[6, 2, 3, 4, 2, 2, 3, 2, 2]
[2, 1, 1, 4, 2, 9, 5, 7]
[2, 3, 4, 2, 3, 4, 5, 2, 8]
[2, 9, 2, 1, 2, 4, 5, 3, 3, 4]
[2, 3, 4, 2, 1, 1, 2, 1, 4, 3, 2, 3]
[7, 1, 2, 1, 2, 7, 4, 6]
[2, 5, 2, 2, 1, 4, 8, 6]
[1, 4, 3, 2, 2, 5, 2, 3, 5]
[1, 4, 2, 3, 2, 5, 4, 4]
[2, 4, 2, 3, 6, 2, 4]
[3, 1, 4, 3, 5, 2, 1, 1]
[3, 2, 3, 4, 4, 4, 1, 1]
[2, 4, 5, 5, 5, 4, 3, 1]
[1, 4, 5, 1, 5, 5, 5]
[4, 8, 1, 1, 4, 6, 5]
[5, 2, 3, 2, 2, 3, 6, 3, 1]
[1, 4, 2, 3, 2, 6, 2, 5]
[2, 6, 2, 4, 8, 4, 2]
[3, 6, 2, 3, 6, 7]
[4, 6, 1, 2, 3, 8, 8, 1]
[2, 2, 8, 9, 7, 8, 1]
[2, 3, 7, 10, 3, 3, 3, 2]
[4, 3, 5, 10, 5, 2, 3, 1]
[1, 7, 5, 18, 7, 1]
[2, 4, 1, 4, 6, 5, 4, 2, 6]
[1, 12, 2, 4, 2, 4]
[4, 8, 3, 2, 2, 2, 1]
[4, 8, 5, 3, 2, 2, 1, 1]
[2, 2, 4, 1, 3, 10, 2, 4, 1]
[6, 5, 3, 9, 7, 1]
[5, 5, 4, 7, 7]
[6, 1, 6, 8, 5]
[8, 1, 3, 5, 2, 4]
[2, 5, 2, 2, 6, 6]
[2, 1, 3, 2, 3, 3, 1, 1, 1, 6]
[1, 9, 5, 4, 3, 3]
[29, 3, 3]

left_values
[2, 2, 2]
[3, 2, 5]
[6, 3, 1, 1]
[2, 5, 2, 4, 2, 2, 2]
[7, 2, 3, 2, 10]
[6, 2, 4, 4, 1, 2, 5, 2]
[2, 6, 8, 19]
[2, 6, 2, 16]
[2, 4, 2, 1, 2, 6, 8]
[7, 3, 6, 3, 2]
[7, 3, 6, 3, 8]
[12, 3, 5, 7, 4]
[13, 11, 6, 1]
[7, 7, 18, 3]
[2, 1, 5, 21]
[3, 3, 16, 6]
[4, 4, 5, 9, 3, 2]
[2, 3, 6, 4, 3, 2, 2]
[3, 3, 4, 2, 2, 3, 1]
[6, 3, 6, 2, 6, 3, 1]
[15, 2, 6, 2, 1]
[10, 4, 9, 2]
[2, 2, 2, 6, 11, 2]
[1, 12, 9, 2, 3]
[12, 4, 11, 2, 4]
[12, 6, 3, 4, 3, 4, 1]
[8, 4, 5, 9, 6, 1]
[4, 2, 4, 15, 7, 1]
[2, 4, 9, 5, 7, 1]
[2, 1, 6, 6, 4, 3, 8, 1]
[3, 2, 5, 5, 9, 5]
[7, 6, 1, 3, 9, 5]
[6, 9, 4, 5, 5]
[7, 5, 5, 6, 2, 3, 2]
[3, 3, 3, 2, 6, 1, 3]
[5, 2, 2, 5, 1, 2]
[3, 5, 4, 2]
[2, 3, 2]
[1, 2, 2]
[1, 6, 3]
[13, 2]
[7, 5, 3]
[3, 3, 7, 3, 2, 2]
[8, 4, 5, 9, 4]
[17, 20, 2]
[3, 6, 10, 10, 9]
[2, 3, 3, 5, 4, 1, 8]
[2, 21, 2, 2, 8]
[22, 2, 3, 1]
[12, 5, 3, 3, 2, 1]
