Puzzle number: 22284
width:  50
height:  50
solved_count:  179
AVE_TIME:  '01:29:22'
ave_time_count:  100

top_values
[23, 2, 2, 1]
[12, 5, 4, 2, 2, 1]
[5, 9, 2, 6, 2, 3]
[15, 3, 6, 3, 2]
[4, 1, 4, 3, 7, 1, 3]
[2, 1, 1, 5, 5, 4, 7, 2, 1]
[3, 1, 10, 2, 5, 4, 3, 4]
[2, 5, 6, 2, 3, 4, 2, 2]
[2, 5, 6, 3, 4, 2]
[3, 13, 6, 3, 1, 1]
[7, 12, 3, 4, 4, 2]
[11, 5, 3, 4, 4, 6, 1]
[1, 6, 1, 5, 9, 4, 11]
[2, 8, 5, 2, 4, 1, 4, 5, 2]
[3, 8, 3, 5, 1, 4, 4, 4]
[3, 19, 4, 4, 5]
[3, 9, 9, 5, 3, 7]
[3, 20, 4, 4, 3, 5]
[5, 9, 4, 2, 8, 10]
[1, 3, 3, 5, 4, 8, 12]
[1, 13, 4, 6, 3, 3, 10]
[4, 5, 5, 3, 2, 8, 2]
[1, 2, 3, 26, 4]
[8, 16, 16]
[2, 3, 7, 2, 4, 10, 7]
[2, 3, 5, 2, 2, 9, 2, 3, 2]
[2, 3, 5, 1, 11, 2, 5, 1]
[2, 1, 6, 2, 11, 2, 6]
[6, 2, 10, 2, 7]
[6, 2, 9, 2, 2, 3]
[6, 3, 10, 2, 1, 1]
[4, 2, 3, 11, 2, 2]
[4, 2, 3, 8, 2, 3, 3]
[4, 1, 3, 8, 2, 4, 3]
[4, 2, 5, 8, 3, 3, 1, 3]
[4, 6, 7, 2, 2, 3, 2, 2]
[3, 3, 2, 7, 2, 4, 1, 1]
[1, 4, 2, 7, 1, 3, 1]
[7, 3, 7, 2, 2, 3]
[3, 2, 2, 7, 3, 3, 1]
[3, 1, 2, 8, 2, 1, 3, 1]
[2, 10, 2, 1, 4, 1, 1]
[10, 2, 3, 2, 3]
[10, 2, 3, 2, 4]
[2, 7, 3, 2, 6]
[2, 7, 3, 3, 7]
[2, 7, 4, 2, 2, 2, 4]
[10, 4, 1, 1, 2, 2]
[3, 7, 4, 2, 1, 2, 1]
[11, 3, 1, 1]

left_values
[7, 3, 1]
[2, 6, 3, 1, 2, 1]
[1, 1, 3, 11, 3, 1, 1, 2]
[3, 7, 10, 3, 3, 2]
[7, 6, 5, 5, 3, 2, 3]
[5, 9, 4, 2, 2, 2, 1]
[7, 14, 3, 2, 5]
[5, 14, 4, 3, 4, 2, 3]
[2, 1, 3, 17, 3, 1, 1, 2, 4]
[6, 12, 7, 3, 2, 2, 5]
[4, 6, 11, 3, 3, 10]
[4, 17, 10, 12]
[7, 2, 7, 6, 1, 2, 8]
[21, 4, 2, 2, 8]
[1, 14, 4, 3, 4, 8]
[1, 16, 4, 3, 8]
[4, 8, 6, 4, 2, 8]
[3, 15, 4, 3, 8]
[2, 8, 7, 3, 3, 8, 1]
[7, 12, 4, 3, 8, 1]
[6, 8, 3, 3, 8, 2]
[1, 2, 2, 5, 4, 3, 7, 1]
[2, 5, 2, 4, 5, 2, 7, 1]
[5, 3, 7, 4, 3, 7, 1, 2]
[7, 6, 7, 8, 2, 1]
[7, 5, 7, 8, 2, 2]
[1, 6, 4, 5, 2, 9, 2, 2]
[6, 1, 2, 5, 12, 2, 2]
[3, 2, 5, 12, 2, 2]
[1, 11, 6, 8, 2]
[4, 19, 2]
[5, 4, 2, 10, 3]
[3, 5, 2, 10, 3]
[6, 7, 2, 1, 5, 1, 3, 2]
[1, 1, 8, 3, 6, 2, 3, 3]
[6, 2, 7, 11]
[4, 2, 7, 5, 4]
[2, 3, 1, 4, 4, 2]
[1, 3, 7, 3, 3]
[1, 2, 3, 1, 4, 3]
[2, 1, 3, 16]
[2, 2, 4, 19]
[2, 2, 3, 7, 4]
[5, 5, 9, 4, 4, 2]
[1, 3, 2, 12, 1, 4]
[2, 2, 8, 6, 2, 2]
[2, 9, 7, 4, 2]
[1, 9, 3, 9, 5]
[2, 3, 12, 3, 5, 6]
[3, 2, 11, 3, 5, 8]
