Puzzle number: 22330
width:  50
height:  50
solved_count:  532
AVE_TIME:  '01:18:00'
ave_time_count:  197

top_values
[4, 3]
[1, 2, 3, 2, 1]
[2, 6, 4]
[2, 2, 6]
[3, 2, 3]
[1, 1, 1]
[1, 3]
[2, 4]
[3, 3]
[1, 4]
[2, 3, 1, 2, 3]
[6, 9, 2, 6]
[2, 20, 4, 4]
[25, 8]
[16, 7, 7]
[12, 5, 7]
[11, 2, 3, 4]
[9, 3, 2, 4, 2]
[9, 1, 4, 9, 1]
[9, 1, 1, 2, 3, 5, 3]
[9, 1, 2, 2, 3, 4, 3]
[10, 1, 2, 2, 3, 2, 3]
[9, 2, 2, 1, 3, 2, 3]
[10, 3, 2, 2, 1, 2]
[11, 1, 1, 2]
[10, 1, 2, 2, 1]
[11, 2, 2, 2, 1]
[11, 1, 1, 1, 2, 2]
[11, 1, 1, 2, 2, 2]
[13, 5, 1, 3]
[10, 3, 1, 9, 2, 4]
[10, 6, 3, 18]
[17, 14, 9]
[32, 9]
[31, 8]
[28, 9]
[23, 5, 3]
[26, 2]
[2, 2, 11, 3, 4, 1]
[3, 2, 7, 4]
[1, 1, 2, 3, 2, 5]
[1, 2, 2, 2, 4]
[2, 7, 1]
[2, 4, 1]
[7, 1, 2]
[1, 3, 10, 4]
[4, 3, 18]
[2, 3, 4, 4]
[8, 4, 3]
[11, 1]

left_values
[4]
[1, 3]
[1, 1, 1]
[4, 1, 3]
[2, 3, 2]
[4, 3, 3]
[2, 2, 2, 2]
[4, 2, 5, 1, 1, 2]
[17, 6, 2]
[19, 7, 1]
[22, 2, 1]
[23, 2, 1]
[25, 2, 1]
[27, 2, 1]
[27, 1, 1]
[28, 2]
[6, 19, 1]
[6, 4, 1, 9, 1]
[6, 2, 9, 2]
[7, 5, 3, 11, 1]
[6, 1, 3, 9, 1, 1]
[5, 3, 1, 9, 1, 2]
[4, 2, 1, 3, 8, 2, 1]
[3, 2, 2, 9, 1, 2]
[4, 2, 8, 1, 1]
[4, 2, 1, 6, 1, 1]
[3, 2, 2, 9, 1]
[4, 1, 1, 8, 1]
[4, 7, 1, 1]
[5, 4, 9, 1]
[4, 6, 9, 1]
[4, 7, 7, 1]
[5, 2, 3, 8, 2]
[4, 8, 1]
[3, 4, 9, 1]
[1, 2, 4, 7, 1, 1]
[1, 2, 2, 8, 1, 1]
[3, 4, 2, 11, 1]
[2, 1, 5, 7, 6, 1, 1]
[2, 1, 2, 5, 5, 1, 1]
[2, 1, 1, 3, 2, 1, 1]
[1, 1, 3, 4, 2, 1]
[2, 1, 2, 4, 5, 1]
[1, 1, 1, 1, 6, 6, 1]
[2, 2, 2, 2, 6, 8, 1]
[1, 1, 3, 1, 3, 3, 3, 5, 1]
[4, 4, 6, 3, 4, 6, 3]
[6, 8, 7, 8, 4]
[3, 9, 4, 11, 5]
[4, 10, 2, 14, 8]
