Puzzle number: 22557
width:  50
height:  50
solved_count:  379
AVE_TIME:  '00:45:05'
ave_time_count:  216

top_values
[8, 1]
[8, 2]
[3, 10, 2]
[7, 14, 1]
[11, 15]
[15, 17]
[14, 15]
[15, 13]
[16, 5, 1]
[14, 4, 2]
[4, 2, 6, 5]
[1, 3, 6, 5, 3, 6]
[1, 4, 4, 5, 2, 7]
[3, 7, 5, 2, 5, 1]
[3, 5, 4, 5, 4, 1]
[4, 6, 5, 5, 3, 3]
[2, 9, 6, 3, 3, 3]
[11, 10, 1, 2, 8]
[13, 8, 2, 4, 8]
[2, 11, 10, 3, 9]
[4, 4, 9, 4, 1, 6]
[3, 6, 5, 5, 7]
[3, 5, 9, 7]
[9, 3, 2, 6]
[12, 4, 4, 5]
[5, 5, 9, 3, 2, 1]
[6, 5, 10, 2]
[3, 2, 6, 1, 8, 3]
[3, 2, 3, 4, 8, 4]
[5, 2, 3, 2, 7, 4]
[1, 3, 2, 2, 2, 8, 3]
[1, 2, 3, 2, 9, 3]
[2, 4, 20]
[2, 3, 7, 4, 8]
[2, 2, 2, 4, 3, 3, 3]
[2, 1, 3, 2, 8]
[2, 1, 2, 8]
[4, 4, 2]
[2, 2, 2, 2]
[1, 3, 3, 2]
[1, 3, 2, 2]
[3, 3, 2, 2]
[7, 5]
[2, 4, 4]
[3, 3, 3]
[4, 3, 3]
[4, 2, 3]
[7, 3]
[6, 2]
[50]

left_values
[4, 5, 7, 1]
[4, 3, 7, 1]
[5, 3, 5, 1]
[4, 1, 1, 2, 1]
[5, 3, 3, 3, 1]
[5, 2, 5, 3, 4, 1]
[5, 3, 5, 4, 3, 1]
[4, 2, 2, 1, 8, 1]
[4, 4, 1, 2, 3, 5]
[4, 4, 4, 3, 4]
[5, 1, 3, 3, 4, 3, 3]
[4, 2, 4, 2, 4, 6]
[4, 3, 4, 2, 4, 5]
[4, 2, 6, 2, 5, 3]
[4, 11, 1, 3, 1]
[4, 7, 4, 3, 1]
[3, 8, 6, 1]
[3, 6, 4, 7, 1]
[3, 7, 12, 1]
[5, 4, 13, 1]
[7, 4, 5, 1, 4, 1]
[6, 9, 2, 2, 3, 1]
[6, 10, 2, 2, 1]
[5, 4, 6, 2, 1]
[5, 5, 5, 3, 1]
[5, 7, 9, 1]
[3, 2, 19, 1]
[4, 3, 4, 14, 1]
[6, 6, 18, 1]
[5, 11, 1, 13, 1]
[13, 2, 11, 1]
[11, 2, 1, 6, 1]
[8, 3, 6, 2, 3, 1]
[4, 3, 2, 12, 2, 1]
[4, 3, 2, 4, 7, 3, 1]
[4, 10, 9, 1]
[4, 6, 8, 1]
[4, 2, 3, 1]
[5, 2, 1]
[6, 3, 1]
[5, 4, 1]
[5, 2, 3, 1]
[4, 3, 3, 1]
[4, 11, 4, 1]
[4, 13, 6, 1]
[2, 16, 9, 1]
[1, 5, 9, 2, 5, 1]
[4, 10, 2, 6, 1]
[2, 4, 10, 13]
[4, 12, 5, 12]
