Puzzle number: 22850
width:  45
height:  45
solved_count:  706
AVE_TIME:  '00:34:08'
ave_time_count:  323

top_values
[2]
[3]
[2]
[3]
[8, 3, 2]
[10, 3, 7]
[12, 12]
[4, 4, 12]
[3, 4, 5, 4]
[2, 3, 3, 4]
[3, 6, 3]
[4, 4, 3]
[8, 4, 2]
[9, 3, 6, 2, 2]
[5, 3, 11, 5]
[3, 2, 6, 10]
[2, 1, 4, 6]
[3, 2, 3, 3]
[2, 1, 1, 2, 4]
[3, 2, 1, 2, 3]
[3, 1, 1, 1, 3]
[3, 1, 1, 1, 2]
[3, 2, 1, 1, 1, 2]
[4, 2, 1, 1, 1, 1, 3]
[3, 1, 1, 3, 1, 5]
[4, 1, 2, 1, 3, 1, 6]
[4, 1, 2, 1, 3, 1, 3, 2]
[7, 2, 2, 1, 3, 1, 4, 1]
[9, 1, 1, 1, 3, 2, 1, 4]
[4, 4, 2, 2, 5, 4, 5]
[3, 4, 2, 8, 3, 6]
[2, 4, 1, 8, 4, 6]
[2, 3, 2, 7, 6, 8]
[2, 3, 9, 5, 2, 6]
[3, 13, 5, 2, 6]
[3, 2, 12, 2, 1, 2, 5]
[2, 2, 16, 2, 4]
[3, 18, 6]
[3, 1, 16, 6, 2]
[4, 24, 3]
[4, 11, 8, 2, 1]
[6, 13, 15]
[8, 11, 11]
[22, 10, 3]
[3, 14, 12]

left_values
[7]
[5, 12, 1]
[9, 4, 8, 2]
[15, 8]
[4, 6, 5]
[2, 4, 4]
[2, 3, 3]
[3, 2, 3]
[3, 3, 2]
[2, 3, 2]
[2, 3, 3]
[3, 3, 1, 2]
[6, 3, 1, 1, 1, 2]
[8, 3, 2, 1, 4]
[4, 6, 3, 3, 2, 6]
[5, 3, 3, 3, 8]
[4, 3, 2, 11]
[3, 5, 3, 11]
[3, 6, 13]
[3, 7, 12]
[3, 16]
[3, 15]
[4, 27]
[4, 16]
[3, 12]
[5, 18]
[5, 16]
[20, 5]
[10, 8]
[15, 13]
[10, 3, 7, 9]
[10, 3, 15, 6]
[2, 3, 3, 6, 7]
[4, 2, 2, 2, 9]
[3, 2, 2, 10]
[3, 3, 2, 2, 3, 4]
[4, 4, 3, 2, 3, 4]
[4, 3, 6, 3, 5]
[4, 4, 6, 3, 6]
[5, 6, 13, 1, 2, 1]
[25, 5, 2, 1, 1]
[9, 10, 4, 1, 1, 2]
[3, 2, 3, 4, 2, 1]
[3, 3, 3, 1]
[3, 3, 3]
