Puzzle number: 22872
width:  45
height:  45
solved_count:  706
AVE_TIME:  '00:29:32'
ave_time_count:  309

top_values
[]
[1]
[3]
[4]
[2, 2]
[2, 2, 1]
[2, 1, 2]
[2, 2, 2, 3]
[1, 7, 5]
[9, 7, 2]
[3, 13, 3]
[2, 8, 2, 3, 3]
[6, 6, 2, 5, 4]
[6, 6, 2, 5, 4]
[6, 6, 2, 1, 9]
[6, 7, 2, 4, 9]
[6, 6, 2, 15]
[6, 6, 2, 15]
[1, 3, 2, 2, 1, 15, 1]
[1, 2, 3, 2, 1, 14, 3]
[2, 3, 3, 12, 4]
[2, 4, 2, 11, 4]
[7, 4, 12, 3]
[14, 14, 4, 1]
[9, 2, 16, 3, 3]
[1, 5, 1, 14, 5, 5]
[2, 4, 2, 8, 5, 6]
[14, 2, 14]
[12, 15]
[3, 2, 4, 11]
[4, 2, 4, 11]
[10, 3, 10]
[10, 3, 9]
[12, 2, 10]
[13, 3, 9]
[15, 2, 8]
[16, 2, 5]
[19, 3, 9]
[24, 14]
[21, 19]
[21, 21]
[20, 24]
[20, 24]
[19, 25]
[19, 25]

left_values
[5, 4, 3, 15]
[2, 3, 4, 19]
[3, 3, 10, 18]
[3, 2, 33]
[2, 3, 7, 7, 14]
[3, 3, 6, 7, 14]
[4, 3, 4, 8, 14]
[10, 6, 2, 14]
[6, 6, 2, 14]
[2, 7, 2, 2, 15]
[10, 2, 4, 12]
[9, 2, 3, 12]
[9, 1, 2, 11]
[11, 2, 2, 10]
[12, 5, 10]
[4, 4, 6, 9]
[5, 4, 8]
[16, 1, 8]
[8, 2, 8]
[3, 5]
[3, 3, 2]
[2, 4, 1, 4]
[5, 5, 8]
[12, 9]
[12, 4, 6]
[11, 3, 6]
[12, 3, 7]
[12, 2, 7]
[11, 3, 7]
[15, 3, 8]
[17, 3, 8]
[16, 5, 8]
[20, 8]
[10, 5, 8]
[7, 6, 8]
[7, 10, 8]
[7, 3, 8, 8]
[4, 2, 9, 8]
[3, 2, 9, 7]
[2, 3, 10, 7]
[1, 2, 12, 6]
[2, 12, 5]
[3, 13, 5]
[2, 13, 4]
[3, 9, 4, 4]
