Puzzle number: 23341
width:  42
height:  45
solved_count:  1317
AVE_TIME:  '00:04:57'
ave_time_count:  960

top_values
[11]
[12]
[8, 3]
[7]
[6, 1, 1]
[5, 2, 1]
[5, 4, 2]
[13]
[13]
[14]
[14]
[3, 10]
[3, 10]
[15]
[16]
[17]
[11]
[4, 4]
[3, 3]
[2, 2]
[2, 1]
[2, 1]
[2]
[1]
[]
[]
[]
[]
[]
[]
[]
[]
[]
[]
[]
[]
[]
[]
[]
[]
[]
[]

left_values
[]
[]
[]
[]
[]
[]
[]
[]
[]
[]
[]
[]
[]
[]
[]
[]
[]
[]
[]
[]
[]
[]
[]
[]
[]
[2]
[3]
[5]
[5]
[5]
[7, 1]
[8, 3]
[17]
[10, 6]
[11, 5]
[18]
[17]
[5, 10]
[4, 11]
[3, 11]
[3, 12]
[2, 10]
[3, 9]
[3, 10]
[3, 12]
