Puzzle number: 23439
width:  30
height:  30
solved_count:  996
AVE_TIME:  '00:42:12'
ave_time_count:  454

top_values
[9]
[5, 11]
[19, 1, 1, 2]
[6, 2, 5, 1, 2]
[4, 1, 1, 1, 1, 3, 3, 2]
[4, 2, 3, 1]
[1, 2, 2, 3, 3, 2, 2]
[1, 3, 2, 3, 3, 1, 1, 2]
[2, 1, 3, 2, 1, 2, 3]
[3, 3, 2, 3, 2]
[2, 1, 1, 1, 1, 1]
[4, 2, 1, 1, 2, 3, 3, 2]
[2, 1, 3, 3, 3, 1, 3, 2]
[2, 4, 1, 3, 3, 3]
[4, 3, 3, 1, 1]
[2, 1, 2, 3, 3, 2, 2]
[2, 1, 3, 2, 3, 2, 3]
[2, 4, 1, 3]
[4, 3, 2, 1, 6, 3]
[2, 1, 1, 3, 1, 1, 5]
[3, 2, 3, 1, 1, 1, 1, 2]
[1, 3, 2, 1, 1, 1, 3, 2]
[2, 3, 1, 2, 1, 1, 1, 2]
[1, 1, 6, 1, 1, 1, 1, 2]
[13, 2, 1, 1, 1, 2]
[14, 5, 2, 1, 2]
[9, 8, 1, 1, 5]
[6, 2, 2, 1, 2, 3]
[3, 15, 1]
[7]

left_values
[3, 3, 1, 2, 3, 2, 2, 3]
[3, 1, 1, 2, 3, 2, 1, 4]
[3, 2, 6]
[3, 3, 1, 3, 2, 5]
[2, 2, 1, 1, 2, 2, 2, 5]
[2, 2, 1, 4, 3, 3, 4]
[2, 2, 1, 2, 2, 2, 3]
[2, 1, 1, 1, 1, 1, 1, 3]
[3, 1, 2, 2, 3, 4, 4]
[3, 1, 2, 3, 3, 1, 2, 3]
[2, 2, 2, 1, 5]
[3, 1, 4]
[2, 2, 2, 3, 2, 6]
[4, 2, 2, 2, 11]
[2, 1, 3, 1, 2, 1, 1]
[4, 1, 1, 1]
[2, 3, 1, 1, 1, 3, 5]
[2, 5, 3, 2, 11]
[2, 3, 3, 2, 2, 1, 2]
[1, 1, 1, 1, 1, 1, 2]
[4, 4, 1, 2, 2, 9]
[2, 1, 2, 1, 4, 1, 1, 2]
[3, 1, 2, 1, 1, 2, 1, 1, 5]
[2, 1, 4, 3, 3]
[2, 2, 3, 3, 1, 1, 1]
[2, 1, 1, 1, 2, 2, 4, 1, 1]
[1, 1, 2, 3, 3, 1, 6]
[1, 2, 3]
[1, 1, 4, 4, 2, 10]
[1, 1, 1, 2, 1, 2, 1, 9, 1]
