Puzzle number: 23499
width:  30
height:  35
solved_count:  639
AVE_TIME:  '00:30:46'
ave_time_count:  269

top_values
[4, 9, 3]
[3, 6, 10]
[3, 8, 10, 1]
[3, 10, 11, 1]
[4, 12, 11]
[3, 14, 9]
[14, 6]
[3, 16, 3]
[4, 18]
[3, 3, 17]
[5, 3, 16]
[6, 2, 15, 3]
[7, 1, 13, 4]
[7, 1, 12, 6]
[4, 11, 6]
[3, 1, 10, 7]
[5, 1, 9, 3, 4]
[4, 3, 6, 2]
[4]
[2, 4]
[6]
[1, 2, 5]
[3, 2, 4]
[2, 1, 3, 4]
[2, 1, 2, 3]
[2, 2, 2, 3]
[1, 2, 1, 2]
[2, 1, 1]
[2, 1]
[1]

left_values
[5]
[5, 2]
[5, 2]
[4, 4, 3, 2]
[5, 5, 2, 3, 1]
[5, 4, 2, 3, 2]
[2, 2, 3, 1, 2, 3]
[4, 2, 5]
[5, 2]
[2, 6, 4]
[5, 3]
[9, 7, 1]
[17, 1]
[18, 1, 3]
[18, 2, 3]
[17, 2, 3]
[17, 3, 5]
[16, 4]
[1, 15, 6]
[2, 14, 7]
[2, 12, 7]
[3, 10, 1]
[4, 9, 2]
[4, 7, 2]
[5, 5, 3]
[5, 5, 3]
[6, 4, 3]
[5, 2, 5]
[6, 2, 5]
[5, 6]
[6, 3, 1]
[1, 5, 1]
[1, 5]
[1, 3]
[4]
