Puzzle number: 23827
width:  45
height:  50
solved_count:  390
AVE_TIME:  '00:27:20'
ave_time_count:  219

top_values
[14, 2]
[17]
[17]
[13, 3]
[13, 3]
[17]
[16]
[15]
[2, 4]
[2, 3]
[2, 2]
[1, 3]
[1, 2]
[1]
[1]
[1, 3, 2]
[4, 3]
[5, 3]
[1, 5, 3]
[3, 5, 5]
[5, 11]
[5, 12]
[5, 13]
[5, 29]
[3, 28]
[2, 27]
[26]
[13]
[24]
[24]
[24]
[24]
[25]
[16]
[2, 12, 6]
[14, 9, 12]
[14, 21]
[15, 11, 5]
[15, 2, 7]
[8, 6, 3, 11]
[2, 6, 11, 12]
[4, 6, 23]
[5, 7, 10, 9]
[3, 12, 7, 7]
[4, 13, 6, 5]

left_values
[15, 8, 2]
[10, 7, 2]
[8, 2, 6, 2]
[13, 4, 1]
[12, 4]
[10]
[9]
[8]
[8]
[8]
[8, 2]
[8, 3]
[8, 2, 4]
[3, 3, 4, 4]
[8, 5, 3]
[7, 3, 5, 2]
[5, 4, 10]
[5, 10]
[5, 10]
[5, 10]
[5, 10]
[5, 10]
[5, 5, 3]
[6, 5, 2]
[8, 7, 1]
[9, 8, 1]
[17, 4]
[20, 5]
[21, 4]
[3, 16, 4]
[16, 3]
[16, 4]
[16, 5]
[22]
[22]
[11, 3, 6]
[11, 2, 5]
[12, 3, 4]
[4, 11, 3]
[4, 14]
[4, 5, 8]
[4, 5, 10]
[4, 5, 3, 7]
[4, 5, 2, 7]
[4, 5, 2, 6]
[4, 5, 3, 6]
[4, 5, 3, 6]
[4, 5, 3, 5]
[1, 4, 5, 3, 4]
[1, 4, 5, 3, 4]
