Puzzle number: 23869
width:  45
height:  47
solved_count:  313
AVE_TIME:  '00:26:08'
ave_time_count:  156

top_values
[9, 1, 13, 3]
[5, 1, 1, 18, 1]
[1, 2, 1, 22, 2]
[6, 25, 1]
[1, 1, 4, 25, 1]
[11, 24, 1]
[1, 2, 1, 1, 20, 1]
[1, 8, 18, 2]
[2, 1, 1, 18]
[9, 14]
[1, 5, 11]
[2, 2, 3, 8]
[1, 1, 10, 2, 5]
[1, 9, 3, 1]
[12, 7, 2]
[1, 8, 1, 4, 1]
[1, 9, 2, 7]
[1, 10, 1]
[1, 10, 2]
[13, 1]
[1, 5, 2]
[2, 5, 1]
[1, 1]
[1, 2, 1]
[1, 1]
[1, 1, 1]
[6, 1, 1]
[47]
[9, 2, 2]
[2]
[3]
[2]
[2]
[1]
[2]
[2]
[1]
[2]
[1]
[1]
[1]
[3, 1, 1]
[1, 3, 5]
[1, 3, 6]
[3, 4, 9]

left_values
[2, 5, 1, 1, 2, 3, 1, 1, 4, 4]
[4, 1, 4, 3, 3, 3, 1, 1]
[2, 7, 2, 1, 3, 2, 1]
[2, 1, 10, 4, 3, 1]
[2, 1, 1, 1, 3, 7, 3, 2]
[1, 4, 4, 7, 3, 1]
[3, 4, 11, 2, 2]
[1, 2, 1, 11, 2, 1]
[6, 3, 9, 2, 1]
[1, 3, 9, 1, 1]
[4, 10, 1]
[5, 1, 8, 1]
[4, 1, 5, 1]
[6, 1, 2, 1]
[6, 1, 3, 1]
[6, 2, 5]
[6, 1, 1]
[6, 2, 1]
[6, 3, 1]
[7, 1, 3, 1]
[7, 1, 3, 1]
[7, 1, 8]
[7, 1, 1]
[8, 2, 1]
[8, 1, 1]
[8, 1, 1]
[7, 2, 1]
[8, 1, 1]
[8, 1, 1]
[7, 1, 1]
[8, 1, 1]
[8, 1, 1]
[8, 3, 1]
[7, 3, 2]
[9, 3]
[7, 1, 2]
[8, 1, 1]
[7, 1, 2]
[7, 1, 2, 1]
[6, 1, 3, 1]
[6, 1, 2, 1]
[4, 1, 3, 2]
[1, 3, 1, 8]
[1, 2, 1, 3]
[3, 2, 1, 3]
[6, 2, 3]
[2, 4]
