Puzzle number: 23895
width:  20
height:  20
solved_count:  8110
AVE_TIME:  '00:03:53'
ave_time_count:  3882

top_values
[11]
[2, 1, 1, 1, 2]
[2, 1]
[3, 2, 1]
[2, 1, 2, 1, 1]
[2, 1, 1, 2, 1]
[2, 2, 2, 1]
[2, 2, 1, 1, 1]
[2, 1, 2, 2, 1]
[2, 1, 1, 1]
[2, 2, 2, 1, 1]
[1, 2, 2, 2, 1]
[1, 2, 1]
[1, 2, 1]
[2, 2, 1, 1]
[2, 2, 3, 1]
[1, 1, 1]
[1, 1]
[11]
[1]

left_values
[2]
[2]
[2]
[2]
[2]
[2]
[2]
[2]
[2, 2, 2, 2]
[19]
[2, 1]
[1, 13, 1]
[2, 2, 1, 1, 6, 1]
[1, 1]
[2, 1, 1]
[1, 2, 2, 2, 3, 1]
[2, 1, 1, 1, 1, 1]
[1, 1]
[2, 1]
[20]
