Puzzle number: 24368
width:  35
height:  50
solved_count:  943
AVE_TIME:  '00:08:37'
ave_time_count:  589

top_values
[2, 8]
[2, 12]
[3, 2, 2, 9]
[4, 2, 2, 18]
[13, 2, 14]
[13, 2, 3, 4]
[3, 11, 8, 2]
[4, 20, 4, 7]
[4, 13, 2, 7]
[3, 2, 2, 2, 2]
[5, 2, 2, 2, 2]
[7, 2, 2, 2, 2]
[13, 2, 2, 2, 2]
[19, 2, 2, 2, 2]
[13, 2, 2, 2, 2]
[2, 2, 2, 2, 2]
[2, 2, 2, 2, 2]
[2, 2, 2, 2, 2]
[2, 2, 2, 2, 2]
[2, 2, 2, 2, 2]
[2, 2, 2, 2, 2]
[2, 2, 2, 2, 2]
[2, 2, 2, 2, 2]
[2, 2, 2, 2, 2]
[2, 2, 2, 2, 2]
[2, 2, 2, 2, 2]
[2, 2, 2, 2, 2]
[2, 2, 2, 2, 2]
[2, 2, 2, 2, 2]
[2, 2, 2, 2, 2]
[2, 2, 2, 2, 2]
[2, 2, 2, 2, 2]
[2, 2, 2, 2, 2]
[2, 2, 2, 2, 2]
[2, 2, 2, 2, 2]

left_values
[6, 2]
[9]
[9]
[9]
[2, 3]
[2, 2]
[2, 3]
[2, 2]
[2, 2]
[3, 2]
[2, 3, 1]
[7, 2]
[7, 2]
[2, 2, 2]
[8, 2]
[8, 2]
[2, 2, 2]
[2, 2, 3]
[2, 2, 3]
[2, 2, 2]
[2, 2, 2]
[2, 2, 2]
[2, 2, 2]
[2, 2, 2]
[2, 2, 2]
[2, 2, 2]
[3, 2, 2]
[2, 2, 2]
[2, 2, 22]
[2, 2, 22]
[2, 2]
[2, 28]
[2, 28]
[2]
[2]
[2]
[2]
[32]
[32]
[5]
[2]
[2]
[2, 25]
[30]
[5]
[2]
[29]
[29]
[2]
[2]
