Puzzle number: 24618
width:  13
height:  30
solved_count:  11011
AVE_TIME:  '00:03:47'
ave_time_count:  5632

top_values
[25]
[6, 1]
[6, 8, 1, 1, 1, 1, 1, 1, 1]
[1, 1, 1, 1, 1, 1, 1, 1, 1, 1]
[1, 1, 2, 1, 1, 1]
[1, 1, 1, 1, 1, 1, 1, 1, 1, 1, 1]
[1, 1, 1, 1, 3, 1, 1, 1, 1, 1]
[1, 1, 1, 1, 1, 1, 1, 1, 1, 1, 1]
[1, 1, 2, 1, 1, 1]
[1, 1, 1, 1, 1, 1, 1, 1, 1, 1]
[1, 8, 1, 1, 1, 1, 1, 1, 1]
[1, 1]
[25]

left_values
[2]
[2]
[2]
[2]
[2]
[13]
[1, 1]
[1, 9, 1]
[1, 1, 1, 1]
[1, 1, 1, 1, 1, 1]
[1, 1, 1, 1]
[1, 1, 1, 1, 1, 1]
[1, 1, 5, 1, 1]
[1, 1, 1, 1]
[1, 9, 1]
[1, 1]
[1, 3, 3, 1]
[1, 1, 1]
[1, 3, 1]
[1, 2, 1, 2, 1]
[1, 1]
[1, 2, 3, 2, 1]
[1, 1]
[1, 2, 3, 2, 1]
[1, 1]
[1, 2, 3, 2, 1]
[1, 1]
[1, 2, 3, 2, 1]
[1, 1]
[13]
