Puzzle number: 24666
width:  25
height:  25
solved_count:  3855
AVE_TIME:  '00:07:31'
ave_time_count:  2012

top_values
[2]
[3]
[4]
[5]
[5]
[6]
[7]
[2, 5]
[1, 9]
[2, 10]
[13]
[1, 13]
[5, 12]
[2, 2, 10]
[1, 2, 1, 9]
[7, 9]
[3, 8]
[1, 3, 7]
[7, 7]
[1, 1, 2, 6]
[3, 3, 6]
[2, 6]
[1, 3, 6]
[6, 6]
[2, 6]

left_values
[1]
[1, 1]
[1, 1, 1]
[1, 1, 1, 1]
[1, 1, 1, 2]
[1, 1, 2, 3]
[1, 1, 1, 4]
[1, 1, 1, 5]
[1, 1, 6]
[2, 7]
[8]
[6]
[10]
[4, 6]
[11]
[14]
[16]
[16]
[12]
[17]
[16]
[15]
[14]
[13]
[12]
