Puzzle number: 24883
width:  31
height:  40
solved_count:  1048
AVE_TIME:  '00:09:59'
ave_time_count:  404

top_values
[1]
[1]
[4]
[11]
[7, 5]
[7, 5]
[5, 1, 9]
[2, 1, 1, 6]
[1, 2, 7]
[2, 1, 5, 2, 4]
[14, 8, 4]
[21, 2, 2]
[4, 3, 13, 2]
[3, 3, 6, 5, 3]
[4, 2, 4, 6, 5]
[11, 17]
[10, 1, 17]
[3, 2, 4, 2, 13, 5]
[3, 2, 13, 1, 8, 3]
[31]
[27, 1]
[18, 1, 1, 4, 2]
[8, 2, 14]
[2, 1, 1, 1, 3, 1, 3, 1, 6]
[1, 1, 2, 2, 2, 13]
[1, 9, 1, 3]
[7, 8]
[10]
[6]
[2]
[1]

left_values
[8, 2, 1, 5, 5]
[28]
[5, 13, 3]
[27]
[4, 1, 3, 3, 4, 4]
[3, 1, 2, 2, 11]
[4, 2, 10, 4]
[1, 8, 4, 1, 1]
[1, 5, 2, 3, 4]
[1, 4, 2, 4, 5]
[2, 3, 7, 2]
[1, 3, 5, 4]
[1, 3, 5, 2, 1]
[1, 2, 7, 2]
[2, 1, 5, 1, 1]
[1, 2, 4, 4]
[1, 3, 5, 2]
[1, 3, 8]
[2, 3, 4, 3]
[1, 3, 9]
[1, 3, 3, 1, 1]
[1, 4, 8]
[2, 1, 2, 1, 2, 1, 1]
[5, 13]
[4, 6, 6]
[3, 6, 6]
[19]
[6, 5, 2]
[3, 6, 3]
[15]
[9]
[6]
[6]
[6]
[2]
[4]
[6]
[6]
[6]
[4]
