Puzzle number: 24931
width:  50
height:  39
solved_count:  353
AVE_TIME:  '00:34:02'
ave_time_count:  111

top_values
[2, 2, 14]
[2, 1, 14]
[4, 1, 2, 4, 4, 2]
[4, 3, 2, 2, 1, 2]
[4, 3, 2, 2, 1, 2]
[4, 2, 2, 1, 2]
[8, 1, 2, 1, 2, 1]
[2, 3, 3, 8, 3]
[2, 3, 3, 8, 3]
[11, 12]
[2, 1, 1, 3, 12]
[2, 1, 3, 3, 12]
[3, 1, 2, 3, 10, 1]
[3, 1, 2, 3, 10]
[2, 2, 2, 3, 11]
[2, 2, 2, 11]
[2, 11, 1, 10]
[2, 4, 2, 10]
[2, 5, 2, 10]
[2, 2, 1, 1, 10]
[2, 2, 7, 10]
[6, 7, 10]
[7, 7, 10]
[3, 2, 6, 1, 8]
[7, 7, 8]
[7, 3, 8, 10]
[12, 8, 10]
[2, 9, 6, 7]
[2, 1, 3, 6, 10]
[2, 1, 3, 6, 10]
[3, 2, 2, 6, 8]
[7, 2, 5, 9]
[5, 5, 4, 6]
[5, 4, 4, 6]
[1, 2, 6, 8]
[3, 4, 6]
[2, 4, 6]
[2, 5, 6]
[2, 3, 5]
[2, 4, 1]
[2, 4, 1]
[1]
[2]
[2]
[1]
[2]
[2]
[2]
[1]
[1]

left_values
[22, 6]
[22, 6]
[2, 6, 6]
[3, 3, 3, 4, 3]
[3, 3, 3, 4, 3]
[1, 2, 1, 11]
[1, 1, 1, 6, 4]
[1, 1, 1, 2, 3]
[1, 1, 1, 2, 3]
[1, 1, 1, 9]
[5, 1, 1, 8]
[5, 1, 1, 5]
[10, 5]
[19]
[2]
[2]
[3, 3]
[2, 2, 2, 9]
[2, 2, 2, 7]
[3, 3, 3, 2, 7]
[1, 11]
[6, 2, 11]
[4, 2, 2, 11]
[2, 2, 2, 2, 3, 7]
[7, 2, 2, 8]
[7, 2, 8]
[3, 5, 1, 1, 10]
[16, 1, 7]
[2, 16, 2, 5]
[2, 16, 2, 2, 5]
[3, 20, 2, 1, 2]
[3, 25, 1, 2]
[3, 25, 1, 2]
[3, 31, 2]
[2, 32]
[39]
[39]
[5, 25, 2, 3]
[1, 1, 22]
