Puzzle number: 25117
width:  25
height:  25
solved_count:  3593
AVE_TIME:  '00:10:56'
ave_time_count:  1916

top_values
[7, 7, 6]
[12, 5]
[14, 2, 4]
[12, 3, 1, 3]
[1, 4, 2, 2, 1, 2]
[1, 3, 2, 3, 1, 1]
[3, 1, 3, 1, 1]
[3, 6, 1, 4, 1]
[4, 2, 2, 1, 4, 1]
[4, 6, 1, 3, 1, 1]
[5, 3, 3, 1, 1]
[6, 5, 2, 1, 1]
[12, 4, 2, 1, 1]
[6, 5, 2, 1, 1]
[5, 3, 3, 1, 1]
[4, 1, 3, 1, 1]
[4, 6, 1, 4, 1]
[3, 2, 2, 1, 4, 1]
[3, 6, 1, 3, 1, 1]
[1, 3, 2, 3, 1, 1]
[1, 4, 2, 2, 1, 2]
[12, 3, 1, 3]
[14, 2, 4]
[12, 5]
[7, 7, 6]

left_values
[1, 1, 2, 9, 2, 1, 1]
[1, 2, 13, 2, 1]
[1, 21, 1]
[1, 21, 1]
[1, 4, 5, 4, 1]
[1, 3, 3, 3, 1]
[1, 2, 3, 1, 3, 2, 1]
[3, 3, 1, 3, 3]
[3, 1, 1, 1, 1, 1, 3]
[3, 1, 1, 1, 1, 1, 3]
[4, 3, 1, 3, 4]
[4, 3, 1, 3, 4]
[5, 1, 1, 5]
[3, 2, 5, 2, 3]
[2, 1, 15, 1, 2]
[2, 1, 5, 1, 2]
[2, 1, 3, 1, 2]
[1, 2, 2, 1]
[2, 17, 2]
[1, 1, 15, 1, 1]
[2, 1, 5, 5, 1, 2]
[3, 1, 2, 2, 1, 3]
[4, 2, 7, 2, 4]
[5, 2, 2, 5]
[7, 7, 7]
