Puzzle number: 25332
width:  40
height:  25
solved_count:  2243
AVE_TIME:  '00:15:01'
ave_time_count:  1061

top_values
[2]
[1, 1]
[6]
[3, 3]
[4, 2]
[4, 3]
[3, 1]
[4, 5]
[1, 2, 3]
[5, 1]
[6, 4]
[8, 5, 3]
[1, 7, 6, 1]
[1, 10, 2, 3]
[1, 14, 4]
[1, 13, 2]
[1, 9, 2, 1]
[1, 8, 2, 3]
[1, 8, 2, 1]
[1, 7, 2, 1]
[1, 7, 2, 4]
[1, 7, 4]
[7, 3, 3]
[7, 4, 2]
[7, 2, 2]
[14, 3]
[10, 4, 3]
[9, 2, 2, 2]
[13, 2]
[12, 3]
[10, 4]
[9, 1, 1]
[8, 2]
[8, 5]
[5, 1]
[3, 3]
[3, 2]
[4, 3]
[2, 2, 8]
[2, 2, 3, 2]

left_values
[2]
[3]
[9]
[4, 4, 3, 2]
[13, 3, 4, 3]
[16, 9, 3]
[3, 30]
[29]
[23]
[22]
[22]
[21]
[22]
[6, 6]
[2, 2, 2, 4, 2]
[2, 7, 4, 3]
[8, 2, 4, 1]
[4, 2, 2, 2]
[3, 2]
[2, 2, 1]
[1, 1, 1, 2, 1]
[1, 1, 1, 2, 1, 2, 2, 2, 1, 2]
[3, 1, 2, 2, 3, 1, 3, 10, 5]
[7, 21, 1, 4]
[4, 2, 2, 2, 1, 4, 2, 2, 1, 2]
