Puzzle number: 25482
width:  30
height:  50
solved_count:  181
AVE_TIME:  '00:25:58'
ave_time_count:  100

top_values
[4, 1, 3, 1, 1, 3, 3, 14, 1]
[4, 3, 1, 1, 1, 4, 6, 4, 1]
[5, 1, 1, 1, 6, 1, 3, 1]
[8, 1, 5, 16, 2, 1]
[4, 5, 19, 1]
[2, 1, 14, 4, 1]
[20, 3, 1]
[17, 2, 1]
[17, 1]
[16, 1]
[12, 1]
[11, 1]
[10, 1]
[4, 10, 1]
[5, 4, 2, 1]
[4, 6, 1, 1]
[4, 1, 2, 1]
[3, 3, 2, 1]
[5, 2, 5, 1, 1]
[7, 6, 1, 1]
[4, 10, 1]
[1, 4, 4, 1, 1]
[9, 3, 1]
[6, 6, 1]
[5, 4, 1, 1]
[4, 1, 1]
[3, 1]
[1]
[1]
[1]

left_values
[1]
[1, 1]
[2, 2]
[2, 2]
[3, 3]
[3, 2]
[3, 2]
[7]
[1, 2, 4, 1]
[2, 5, 1, 3]
[3, 7, 6]
[4, 8, 8]
[3, 9, 1, 8]
[1, 2, 9, 1, 4, 3]
[3, 8, 2, 7]
[2, 2, 9, 2, 6]
[2, 2, 10, 2, 3, 1]
[5, 8, 3, 3]
[1, 8, 1, 5]
[3, 1, 6, 6]
[2, 5, 3, 1]
[3, 1, 5, 1, 1]
[2, 4, 2]
[5, 4]
[1, 2, 5]
[1, 2, 5]
[3, 5]
[2, 5]
[3, 4]
[2, 4]
[1, 5]
[1, 4]
[2, 3]
[2, 3]
[2, 3]
[2, 3]
[2, 3]
[1, 3]
[1, 2]
[1, 2]
[1, 2]
[1, 2]
[1, 2]
[1, 2]
[2, 3]
[3, 3]
[3, 3]
[3, 3]
[]
[30]
