Puzzle number: 25702
width:  30
height:  30
solved_count:  4425
AVE_TIME:  '00:07:09'
ave_time_count:  2376

top_values
[2, 2]
[2, 2, 2, 2, 2, 2]
[3, 3, 2, 3, 3, 2, 4]
[5, 2, 5, 2, 6]
[3, 2, 3, 2, 6]
[5, 2, 5, 2, 6]
[3, 3, 2, 3, 3, 2, 6]
[2, 2, 2, 2, 2, 2, 4]
[2, 2]
[30]
[30]
[2, 2]
[4, 2, 4, 2]
[6, 2, 6, 2]
[6, 2, 6, 2]
[6, 2, 6, 2]
[6, 2, 6, 2]
[4, 2, 4, 2]
[2, 2]
[30]
[30]
[2, 2]
[2, 2, 2, 2, 2, 2, 4]
[3, 3, 2, 3, 3, 2, 6]
[5, 2, 5, 2, 6]
[3, 2, 3, 2, 6]
[5, 2, 5, 2, 6]
[3, 3, 2, 3, 3, 2, 4]
[2, 2, 2, 2, 2, 2]
[2, 2]

left_values
[2, 2]
[2, 2, 2, 2, 2, 2]
[3, 3, 2, 4, 2, 3, 3]
[5, 2, 6, 2, 5]
[3, 2, 6, 2, 3]
[5, 2, 6, 2, 5]
[3, 3, 2, 6, 2, 3, 3]
[2, 2, 2, 4, 2, 2, 2]
[2, 2]
[30]
[30]
[2, 2]
[2, 2, 2, 4, 2, 2, 2]
[3, 3, 2, 6, 2, 3, 3]
[5, 2, 6, 2, 5]
[3, 2, 6, 2, 3]
[5, 2, 6, 2, 5]
[3, 3, 2, 4, 2, 3, 3]
[2, 2, 2, 2, 2, 2]
[2, 2]
[30]
[30]
[2, 2]
[4, 2, 2, 4]
[6, 2, 2, 6]
[6, 2, 2, 6]
[6, 2, 2, 6]
[6, 2, 2, 6]
[4, 2, 2, 4]
[2, 2]
