Puzzle number: 25912
width:  50
height:  32
solved_count:  659
AVE_TIME:  '00:11:31'
ave_time_count:  490

top_values
[]
[]
[]
[]
[1]
[1, 4]
[2, 3, 3]
[4, 9]
[6, 9, 3]
[7, 14]
[10, 11]
[8, 8]
[7, 8]
[7, 8]
[10, 4]
[8, 3]
[8, 2]
[9, 2]
[12]
[11]
[9]
[7]
[6]
[5]
[5]
[4]
[4]
[4]
[4]
[4]
[3]
[3]
[3]
[2]
[2]
[2]
[2]
[2]
[1]
[1]
[]
[]
[]
[]
[]
[]
[]
[]
[]
[]

left_values
[4]
[4]
[4]
[5]
[5]
[7]
[10]
[12]
[12]
[13]
[14]
[2, 12]
[1, 12]
[1, 24]
[3, 2, 23]
[6, 3, 9]
[6, 2, 4]
[8, 3]
[11]
[11]
[10]
[9]
[1, 6]
[3, 2]
[7]
[3]
[1]
[]
[]
[]
[]
[]
