Puzzle number: 25944
width:  30
height:  25
solved_count:  1744
AVE_TIME:  '00:19:09'
ave_time_count:  757

top_values
[5]
[1]
[3, 5, 2]
[1, 2, 1, 4]
[5, 1, 2, 4]
[1, 7]
[5, 2, 3, 3]
[1, 1, 1, 4, 5]
[5, 1, 3, 2, 4]
[2, 1, 3, 4]
[5, 3, 1, 2]
[1, 1, 2, 1]
[2, 2, 1, 2]
[1, 3]
[5, 3, 1]
[1, 2, 1]
[1, 1, 2]
[5, 1, 3, 2]
[3, 1, 4]
[5, 2, 1, 4]
[1, 6]
[5, 1, 5]
[1, 2, 3, 5]
[1, 1, 4, 1, 4]
[5, 1, 3, 2, 4]
[2, 1, 3, 2]
[5, 3, 1]
[1, 1, 2, 1]
[1, 1, 1, 5]
[1, 3]

left_values
[1, 1, 3, 3, 1, 1, 1, 1, 1, 4]
[1, 1, 1, 1, 1, 1, 2, 1, 1, 2, 1, 1]
[1, 1, 1, 3, 2, 1, 2, 1, 1, 2, 1, 2]
[1, 1, 1, 1, 1, 1, 1, 1, 1, 1, 1, 1, 1, 1]
[5, 1, 1, 1, 1, 1, 1, 1, 1, 1, 4]
[]
[]
[2, 2]
[1, 1, 1, 1]
[1, 1, 1, 1]
[2, 2]
[2, 2]
[27]
[2, 2, 2, 2, 2, 2, 3]
[1, 2, 2, 2, 2, 2, 2, 1]
[1, 2, 2, 2, 2, 2, 2, 1]
[27]
[3, 3]
[3, 3]
[2, 2, 2, 2]
[2, 2, 2, 2]
[2, 2, 2, 2]
[2, 2, 2, 2]
[2, 2, 2, 2]
[2, 2, 2, 2]
