Puzzle number: 26078
width:  50
height:  20
solved_count:  2640
AVE_TIME:  '00:14:02'
ave_time_count:  1183

top_values
[2, 2]
[8, 8]
[1]
[9]
[13]
[12, 1]
[10, 2]
[7, 1]
[5, 1]
[4, 1]
[3, 1]
[3, 1]
[3, 1, 3]
[3, 1, 5]
[3, 1, 3, 3]
[3, 1, 2, 2]
[3, 1, 2, 2]
[3, 1, 2, 2]
[3, 1, 2, 2]
[3, 1, 2, 2]
[3, 1, 2, 2]
[3, 1, 2, 2]
[1, 1, 2, 2]
[1, 16]
[4, 10, 1]
[1, 16]
[1, 1, 2, 2]
[1, 16]
[4, 10, 1]
[1, 16]
[1, 1, 2, 2]
[1, 16]
[4, 10, 1]
[1, 16]
[1, 3, 2]
[5, 2]
[5, 2]
[5, 2]
[4, 2]
[4, 3]
[4, 3]
[7]
[6]
[2]
[2]
[2]
[4]
[2, 1]
[4, 1]
[6]

left_values
[1, 1]
[2, 3]
[1, 3, 3, 3, 3]
[1, 5, 1, 1, 1]
[1, 7, 3, 3, 3]
[1, 31]
[2, 19, 1, 1, 1, 1, 1, 5, 2]
[2, 19, 1, 1, 1, 1, 1, 1, 6, 4]
[6, 3, 3, 3, 15]
[5, 37, 2]
[4, 2, 3, 3, 12, 2, 1]
[1, 3, 1, 21, 2, 2]
[1, 1, 1, 21, 2]
[1, 1, 1, 3, 3, 3, 3, 3]
[1, 1, 2, 3, 3, 3, 3]
[1, 3, 18]
[1, 27]
[2, 12, 3, 3]
[2, 1, 1, 1, 1, 1, 1]
[3, 3, 3]
