Puzzle number: 26108
width:  24
height:  23
solved_count:  9448
AVE_TIME:  '00:02:04'
ave_time_count:  5303

top_values
[]
[21]
[21]
[2, 17]
[21]
[21]
[1, 5, 1, 1, 1, 2]
[1, 5, 1, 1, 1, 2]
[1, 5, 1, 1, 1, 2]
[1, 5, 1, 1, 1, 2]
[1, 5, 1, 1, 1, 2]
[1, 5, 1, 1, 1, 2]
[1, 5, 1, 1, 1, 2]
[1, 5, 1, 1, 1, 2]
[1, 3, 5, 1, 1, 1, 2]
[1, 3, 5, 1, 1, 1, 2]
[1, 5, 1, 1, 1, 2]
[21]
[21]
[21]
[18, 1]
[20]
[19]
[]

left_values
[]
[20]
[5, 5]
[2, 2, 2, 6]
[2, 2, 2, 6]
[5, 2, 6]
[5, 6]
[22]
[22]
[22]
[22]
[22]
[5, 6]
[22]
[5, 6]
[22]
[5, 6]
[22]
[5, 6]
[5, 3, 2]
[19, 2]
[22]
[]
