Puzzle number: 26746
width:  45
height:  44
solved_count:  337
AVE_TIME:  '00:22:40'
ave_time_count:  138

top_values
[3]
[10]
[14]
[15]
[18]
[14]
[12]
[11]
[12]
[14]
[15]
[4, 12]
[4, 14]
[5, 15]
[4, 17]
[4, 20]
[4, 20]
[3, 21]
[3, 15, 6]
[3, 16, 6]
[2, 16, 5]
[2, 15, 6]
[2, 15, 6]
[2, 15, 5]
[2, 15, 6]
[2, 7, 5]
[2, 6, 6]
[3, 7, 6]
[1, 10, 1, 5]
[1, 8, 1, 5]
[1, 6, 1, 4]
[6, 3, 1, 5]
[13, 2, 5]
[1, 11, 2, 5]
[13, 2, 6]
[11, 2, 5]
[1, 9, 2, 5]
[1, 10, 2, 5]
[1, 5, 5, 2, 5]
[2, 7, 4, 5]
[3, 14, 5]
[2, 4, 10, 5]
[1, 3, 3, 4, 5]
[1, 2, 3, 5]
[2, 2, 4, 5]

left_values
[5, 3, 3]
[5, 2, 1]
[5, 3]
[4, 5]
[4, 3]
[4]
[4]
[5]
[5]
[5, 15]
[5, 16]
[5, 9, 5]
[5, 6, 4]
[12, 6, 5, 3]
[9, 10, 8, 2, 1]
[7, 11, 11, 1]
[7, 13, 11, 2]
[21, 3, 7, 2]
[20, 4, 7, 3]
[20, 3, 6, 2]
[25, 7, 3]
[23, 11]
[22, 10]
[21, 11]
[20, 3, 4]
[18, 3]
[17, 3]
[15, 4]
[10, 3]
[6, 3]
[6, 4]
[6, 3]
[7, 3]
[8, 3]
[8, 7]
[20]
[9]
[9]
[13]
[21]
[19]
[17]
[14]
[11]
