Puzzle number: 26807
width:  45
height:  45
solved_count:  866
AVE_TIME:  '00:22:57'
ave_time_count:  444

top_values
[15, 2, 1]
[14, 2, 1]
[11, 2]
[9, 2]
[6, 2]
[5, 11, 2]
[2, 5, 1, 2, 1]
[5, 1, 2, 1]
[5, 1, 2, 1]
[2, 11, 2, 1]
[5, 2, 1]
[7, 2, 1]
[9, 2]
[10, 2]
[9, 2]
[5, 10, 2]
[9, 10, 2]
[11, 10, 2]
[14, 9, 2]
[16, 10, 2]
[18, 10, 2]
[21, 9, 2]
[35, 2]
[45]
[2, 13]
[2, 5]
[2, 2]
[2, 2]
[2, 2]
[2, 2]
[2, 2]
[45]
[]
[45]
[2, 2, 1, 2, 1, 2]
[2, 3, 2, 3, 3]
[4, 2, 4, 5]
[3, 2, 3, 2]
[2, 3, 5]
[2, 4, 2]
[3, 3, 2]
[3, 2, 2]
[4, 3]
[3, 5]
[5]

left_values
[7, 4, 9, 1, 1]
[7, 4, 9, 1, 1]
[6, 4, 9, 1, 1]
[6, 4, 9, 1, 1]
[6, 4, 9, 1, 1]
[5, 4, 8, 1, 1]
[4, 4, 8, 1, 1]
[4, 3, 8, 1, 1]
[4, 3, 8, 1, 1]
[3, 3, 7, 1, 1]
[3, 3, 7, 1, 1]
[2, 4, 6, 1, 1]
[2, 3, 6, 1, 1]
[2, 3, 6, 1, 1]
[1, 3, 5, 1, 1]
[3, 5, 1, 2]
[4, 4, 1, 2]
[4, 4, 1, 1, 1]
[5, 3, 1, 1, 2]
[4, 3, 1, 1, 1]
[5, 4, 11, 1, 1]
[5, 4, 10, 2, 2]
[5, 4, 2, 1, 2, 1]
[5, 7, 1, 1, 1, 2]
[5, 6, 1, 1, 1, 1]
[1, 1, 5, 1, 1, 2, 1]
[1, 1, 5, 1, 1, 1, 2]
[1, 1, 5, 1, 2, 1, 1]
[1, 1, 4, 1, 1, 1, 1, 1]
[1, 1, 4, 1, 1, 1, 1, 1]
[5, 4, 1, 1, 1, 1, 1]
[3, 1, 1, 1, 2, 2]
[3, 1, 2, 1, 1, 1]
[3, 1, 2, 1, 1, 1]
[4, 1, 1, 1, 1, 2, 2]
[3, 1, 1, 1, 1, 1, 1]
[3, 1, 1, 1, 1, 1, 2]
[9, 1, 1, 1, 1, 1]
[9, 2, 1, 1, 1, 1]
[25, 1, 1, 2, 1, 1, 1]
[25, 1, 12]
[2, 1, 11]
[2, 1, 1, 1]
[2, 1, 1, 1]
[2, 6, 2, 1, 1, 1]
