Puzzle number: 26804
width:  45
height:  45
solved_count:  905
AVE_TIME:  '00:18:17'
ave_time_count:  460

top_values
[6]
[6]
[6]
[7]
[7]
[7]
[7]
[7]
[8]
[8]
[7]
[3]
[]
[]
[6]
[22]
[4, 16]
[6, 16]
[9, 16]
[30]
[12, 17]
[13, 17]
[36]
[23, 11]
[7, 1, 1, 3, 1, 2]
[2, 3, 3, 4, 1, 2]
[6, 3, 4, 1, 2]
[2, 2, 1, 8, 2]
[3, 2, 3, 1, 2]
[2, 3, 2, 1, 2]
[1, 9, 2]
[3, 8, 10]
[3, 2, 8]
[10, 8]
[7]
[]
[]
[]
[]
[]
[]
[]
[]
[]
[]

left_values
[1]
[2]
[2]
[1]
[1]
[3]
[3]
[1, 2]
[1, 2]
[2, 2]
[2, 1, 1]
[3, 1, 1]
[4, 1, 1]
[4, 1, 1, 1]
[4, 1, 1, 1]
[5, 1, 1, 1]
[6, 1, 1, 1]
[6, 1, 1, 1]
[7, 1, 1, 1]
[7, 1, 1, 1, 1]
[7, 1, 1, 1, 1]
[13, 1, 1]
[16, 1]
[10, 2, 5]
[6, 2, 2, 4]
[1, 1, 2, 1, 2, 1]
[1, 1, 2, 1, 2, 1]
[1, 1, 6, 2, 1]
[1, 4, 5, 1]
[8, 3]
[9, 2]
[9, 3]
[9, 1, 1]
[9, 1, 1]
[14, 1, 1]
[19, 1]
[9, 5, 1]
[3, 9, 1, 2]
[8, 9, 1, 1]
[11, 9, 1, 1]
[11, 9, 1, 1]
[11, 9, 1, 1]
[12, 9, 1, 1]
[12, 9, 1, 1]
[7, 4, 9, 1, 1]
