Puzzle number: 27064
width:  35
height:  50
solved_count:  382
AVE_TIME:  '00:37:13'
ave_time_count:  200

top_values
[4, 1, 2, 3, 1, 1, 1, 1, 2, 4]
[1, 2, 1, 2, 2, 8, 2, 1, 1, 2, 12]
[4, 1, 2, 1, 12, 1, 1, 1, 2, 4]
[4, 2, 1, 2, 2, 8, 2, 2, 2, 2, 7]
[4, 1, 2, 3, 1, 1, 1, 2, 2, 8]
[4, 2, 1, 2, 2, 8, 2, 1, 2, 9]
[4, 1, 2, 1, 12, 1, 1, 1, 3, 9]
[1, 2, 1, 2, 2, 8, 2, 1, 3, 3, 9]
[4, 1, 2, 3, 1, 1, 1, 1, 1, 3, 1, 8]
[1, 2, 1, 2, 2, 8, 2, 1, 4, 4, 7]
[4, 1, 2, 1, 12, 1, 1, 1, 1, 1, 1, 1]
[1, 2, 1, 2, 2, 8, 2, 1, 4, 4, 7]
[4, 1, 2, 3, 1, 1, 1, 1, 1, 3, 1, 8]
[1, 2, 1, 2, 2, 8, 2, 1, 3, 3, 9]
[4, 1, 2, 1, 12, 1, 1, 1, 3, 9]
[4, 2, 1, 2, 2, 8, 2, 1, 2, 9]
[4, 1, 2, 3, 1, 1, 1, 2, 2, 8]
[4, 2, 1, 2, 2, 8, 2, 2, 2, 2, 7]
[4, 1, 2, 1, 12, 1, 1, 1, 2, 4]
[1, 2, 1, 2, 2, 8, 2, 1, 1, 2, 12]
[4, 1, 2, 3, 1, 1, 1, 1, 2, 3]
[2, 1, 2, 1, 2, 2, 8, 2, 2, 13]
[3, 1, 2, 1, 14]
[4, 14, 26]
[3, 1, 2, 1, 1, 2]
[1, 2, 1, 1, 1, 2]
[1, 1, 2, 1, 1, 2]
[3, 2, 1, 1, 1, 2]
[4, 14, 26]
[8, 40]
[4, 2, 1, 2, 1, 1, 1, 1, 1, 1, 2, 1, 1, 1, 1, 1, 1, 1, 1, 1, 1, 2]
[3, 4, 1, 1, 1, 1, 1, 1, 2, 1, 1, 1, 1, 1, 1, 1, 1, 1, 1, 1, 3]
[6, 1, 14, 25]
[2, 1, 1, 2, 1, 1, 6]
[3, 5]

left_values
[1, 5, 1, 1, 1, 5, 2, 1, 1, 1, 2]
[1, 5, 1, 1, 1, 5, 3, 1, 1, 5]
[1, 5, 1, 1, 1, 5, 1, 1, 4, 4]
[23, 5]
[7, 1]
[24, 1, 7]
[1, 1, 1, 1, 1, 1, 1, 1, 1, 1, 1, 2, 1, 4]
[1, 1, 1, 1, 1, 1, 1, 1, 1, 1, 1, 8, 1]
[23, 5]
[6, 1]
[24, 5]
[2, 3, 3, 3, 3, 3, 1, 3, 1]
[1, 1, 1, 1, 1, 1, 1, 1, 1, 1, 1, 2, 2, 2]
[3, 3, 3, 3, 3, 3, 3, 1]
[3, 3, 3, 3, 3, 3, 2, 2]
[1, 1, 1, 1, 1, 1, 1, 1, 1, 1, 1, 2, 3, 1]
[3, 3, 3, 3, 3, 3, 2, 2]
[3, 3, 3, 3, 3, 3, 3, 1]
[3, 3, 3, 3, 3, 3, 2, 2]
[3, 3, 3, 3, 3, 3, 3, 1]
[3, 3, 3, 3, 3, 3, 2, 2]
[3, 3, 3, 3, 3, 3, 3, 1]
[3, 3, 3, 3, 3, 9, 2]
[23, 5]
[8, 1]
[35]
[1, 1, 1, 1, 1, 1, 1, 1, 1, 1, 1, 1, 3, 1, 1]
[1, 2, 2]
[1, 2, 1, 2, 2, 1, 3, 1]
[1, 1, 2, 2, 1, 1, 1, 1, 2, 2]
[1, 1, 4, 4, 1, 1, 1, 3, 1]
[2, 2, 3, 2, 2, 1, 2, 2]
[2, 5, 5, 2, 1, 3, 1]
[2, 2, 1, 3, 1, 2, 2, 1, 2, 2]
[2, 2, 4, 4, 2, 1, 1, 3, 1]
[1, 2, 1, 1, 1, 1, 1, 2, 1, 1, 2, 2]
[1, 1, 4, 4, 1, 1, 1, 3, 1]
[1, 1, 1, 3, 1, 1, 2, 1, 2, 2]
[2, 3, 3, 2, 1, 1, 3, 1]
[1, 3, 1, 1, 1, 2, 2]
[1, 1, 1, 1, 3, 1]
[1, 3, 3, 1, 1, 1, 2, 2]
[1, 5, 5, 1, 1, 1, 3, 1]
[1, 7, 7, 1, 1, 1, 2, 2]
[1, 7, 7, 1, 1, 1, 3, 2]
[1, 7, 7, 1, 1, 1, 2, 4]
[1, 7, 7, 1, 1, 1, 3, 3]
[1, 7, 7, 1, 1, 1, 2, 4]
[1, 7, 7, 1, 1, 1, 7]
[1, 7, 7, 1, 1, 1, 7]
