Puzzle number: 27694
width:  38
height:  46
solved_count:  516
AVE_TIME:  '00:24:03'
ave_time_count:  168

top_values
[30, 3, 10]
[29, 1, 2, 10]
[27, 1, 2, 10]
[3, 2, 2, 3]
[3, 2, 2, 3]
[3, 2, 3, 3]
[3, 2, 3, 3]
[3, 1, 3, 3]
[3, 2, 2, 3]
[3, 2, 3, 3]
[3, 5, 3]
[3, 1, 2, 2, 3]
[3, 1, 4, 2, 1]
[3, 2, 1, 2, 2, 1]
[3, 2, 1, 2, 2, 1, 1]
[3, 2, 14, 2, 1, 1]
[6, 12, 1]
[9, 2]
[2, 1, 2, 4]
[2, 1, 2, 4]
[9, 2]
[9, 12, 1]
[3, 2, 14, 2, 1, 1]
[3, 2, 1, 2, 2, 1, 1]
[3, 2, 1, 3, 2, 1]
[3, 1, 5, 2, 1]
[3, 1, 2, 3, 3]
[3, 5, 3]
[3, 3, 3, 3]
[3, 2, 3, 3]
[3, 2, 3, 3]
[3, 2, 2, 3]
[3, 2, 3, 3]
[3, 2, 3, 3]
[3, 1, 2, 3]
[28, 1, 2, 10]
[29, 1, 2, 10]
[30, 3, 10]

left_values
[16, 2, 16]
[16, 4, 16]
[16, 1, 1, 16]
[3, 1, 1, 3]
[3, 4, 3]
[3, 1, 1, 3]
[3, 1, 1, 3]
[3, 4, 3]
[3, 4, 3]
[3, 2, 2, 3]
[3, 1, 1, 3]
[3, 1, 1, 3]
[3, 1, 1, 3]
[3, 1, 1, 3]
[3, 2, 2, 3]
[3, 2, 3, 3]
[3, 2, 1, 2, 3]
[3, 1, 1, 2, 1, 3]
[3, 1, 1, 1, 1, 1, 1, 3]
[3, 2, 1, 1, 2, 3]
[3, 1, 1, 1, 1, 3]
[3, 2, 1, 1, 2, 3]
[3, 8, 7, 3]
[3, 1, 2, 1, 1, 2, 2, 3]
[3, 1, 4, 4, 2, 3]
[3, 1, 6, 5, 2, 3]
[3, 2, 3, 1, 1, 5, 2, 3]
[2, 2, 4, 1, 1, 4, 2, 3]
[2, 2, 4, 1, 1, 4, 1, 2]
[1, 1, 3, 1, 1, 4, 1, 1]
[1, 3, 1, 1, 4, 1]
[1, 3, 1, 1, 3, 1]
[1, 2, 1, 1, 3, 1]
[3, 1, 1, 3]
[2, 1, 1, 2]
[1, 1]
[3, 1, 1, 3]
[3, 1, 1, 3]
[3, 2, 2, 3]
[3, 3, 3, 3]
[3, 2, 1, 1, 2, 3]
[3, 2, 1, 1, 2, 3]
[3, 2, 6, 2, 3]
[10, 1, 3, 4, 3, 1, 10]
[10, 2, 2, 2, 10]
[10, 3, 2, 3, 10]
