Puzzle number: 28111
width:  50
height:  50
solved_count:  1499
AVE_TIME:  '01:38:04'
ave_time_count:  677

top_values
[30, 3]
[1, 4]
[1, 5]
[1, 5, 2]
[1, 5, 1]
[1, 7]
[1, 7, 1, 2]
[1, 9, 4]
[1, 4, 2, 1, 2, 2, 4]
[1, 2, 2, 1, 3, 4]
[1, 6, 2, 1]
[9, 3]
[3, 3, 3]
[4, 1, 2, 2, 4]
[2, 2, 3, 2, 5]
[1, 4, 2]
[2, 1, 1]
[1, 2, 2]
[2, 1, 1, 2]
[1, 3, 2, 2, 3]
[1, 1, 2, 2, 2, 2]
[1, 1, 1, 2, 4]
[1, 2, 3, 2, 1]
[1, 1, 1, 1, 1, 2, 2]
[1, 2, 2, 1, 3, 2, 4]
[5, 2, 1, 2, 2, 7]
[3, 2, 3, 2, 3, 7, 1, 1]
[1, 2, 2, 2, 1, 2, 4, 3, 2, 1]
[2, 2, 2, 1, 2, 4, 2, 1]
[4, 2, 2, 3, 2, 2, 2]
[9, 2, 2, 3, 3, 1]
[1, 3, 4, 3, 2, 6, 4, 1]
[1, 3, 4, 1, 2, 4, 1, 4, 1]
[2, 1, 5, 5, 3, 1, 4, 2]
[3, 1, 6, 1, 3, 2, 4, 2]
[1, 1, 2, 2, 1, 2, 2, 6, 2]
[2, 2, 3, 2, 3, 1, 5, 1]
[10, 1, 1, 2, 1, 2, 6, 1]
[9, 4, 2, 5, 4, 1]
[2, 12, 9, 4, 2]
[26, 3, 1]
[26, 3, 1]
[5, 14, 2, 1]
[3, 5, 7, 1, 3, 1]
[2, 2, 1, 11, 2, 3, 1]
[1, 1, 4, 1, 11, 3, 1, 1]
[1, 2, 6, 12, 3, 2]
[3, 11, 3, 2]
[3, 2, 8, 4, 3]
[2, 12, 6, 3]

left_values
[11, 4, 10, 15]
[1, 2, 3, 2, 2, 2, 9]
[1, 2, 5, 3, 2, 2, 2, 4, 1]
[1, 4, 1, 4, 1, 2, 7, 1]
[1, 2, 2, 2, 3, 3, 8, 1]
[1, 1, 1, 2, 2, 2, 2, 1, 5, 2]
[1, 1, 4, 2, 2, 6, 2]
[1, 1, 2, 3, 7, 2]
[1, 2, 1, 2, 9, 2]
[1, 4, 4, 2, 1, 3, 1, 1]
[1, 3, 4, 1, 2, 4, 1]
[1, 3, 2, 4, 2, 6, 1]
[1, 3, 2, 2, 2, 5, 3]
[1, 1, 1, 1, 2, 6, 3]
[1, 1, 1, 4, 1, 5, 2]
[1, 3, 3, 5, 2, 4, 2]
[1, 1, 1, 5, 6, 1]
[1, 2, 4, 9]
[1, 2, 1, 1, 1, 11]
[1, 2, 1, 1, 3, 1, 1, 4, 6]
[1, 3, 1, 3, 2, 12]
[1, 2, 2, 3, 2, 11, 1]
[1, 2, 4, 3, 1, 1, 1, 12]
[1, 4, 4, 5, 1, 15]
[1, 2, 1, 6, 2, 18]
[1, 3, 2, 5, 10]
[1, 2, 1, 1, 3, 7]
[1, 2, 1, 2, 2, 5]
[1, 4, 2, 2, 4]
[1, 3, 2, 1, 2, 2]
[1, 1, 1, 1, 3, 1]
[3, 1, 3]
[2, 1, 2]
[3, 2, 2]
[2, 2, 2, 3]
[3, 2, 3]
[2, 1, 2, 4]
[1, 1, 2, 4]
[1, 2, 3]
[1, 2, 1, 1, 1, 2]
[1, 1, 3, 2, 1]
[1, 1, 2, 2, 1]
[1, 2, 2, 3, 1]
[1, 2, 2, 7]
[2, 1, 2, 11]
[3, 2, 2, 16]
[2, 1, 2, 20]
[1, 2, 5, 3, 1, 2, 4]
[1, 3, 1, 3, 1, 3]
[2, 24, 2]
