Puzzle number: 28138
width:  37
height:  45
solved_count:  1098
AVE_TIME:  '00:17:54'
ave_time_count:  470

top_values
[9]
[15]
[19, 3]
[6, 1, 6, 5]
[6, 3, 6, 5]
[5, 2, 1, 2, 5, 5]
[4, 2, 2, 4, 3]
[3, 3, 1]
[2, 3, 3, 1]
[3, 4, 5]
[4, 6, 7]
[4, 4, 2, 2, 4]
[5, 3, 3]
[5, 3, 3]
[6, 3, 3]
[6, 3, 3]
[6, 3, 3, 3]
[6, 3, 1, 12, 1, 3]
[6, 6, 12, 6]
[6, 3, 1, 12, 1, 3]
[6, 3, 3, 3]
[6, 3, 3, 3]
[6, 3, 3, 3]
[5, 3, 3, 3]
[5, 3, 3, 3]
[4, 4, 2, 2, 4]
[4, 3, 2, 2, 4]
[3, 5, 6]
[2, 3, 3, 1]
[3, 3, 1]
[4, 2, 2, 4, 3]
[5, 2, 1, 2, 5, 5]
[6, 3, 6, 5]
[6, 1, 6, 5]
[19, 3]
[15]
[9]

left_values
[9]
[13]
[17]
[19]
[21]
[21]
[]
[9]
[15]
[19]
[6, 1, 6]
[6, 3, 6]
[6, 1, 5]
[4, 2, 3, 4]
[3, 2, 2, 3]
[3, 3]
[4, 3, 4]
[3, 3, 3]
[6, 3, 6]
[3, 2, 3, 2, 3]
[3, 3, 3]
[3, 3, 3]
[3, 3, 3]
[3, 3, 3]
[3, 1, 9, 1, 3]
[6, 9, 6]
[3, 1, 9, 1, 3]
[3, 3, 3]
[3, 3]
[3, 3]
[3, 3]
[3, 2, 2, 3]
[6, 6]
[3, 3]
[4, 4]
[3, 3]
[3, 2, 2, 3]
[4, 2, 3, 4]
[6, 1, 5]
[6, 3, 6]
[3, 6, 1, 6, 3]
[5, 19, 5]
[33]
[5, 9, 5]
[3, 3]
