Puzzle number: 28492
width:  49
height:  14
solved_count:  2255
AVE_TIME:  '00:13:54'
ave_time_count:  1062

top_values
[2]
[3]
[3]
[3, 3]
[10, 1]
[9]
[8]
[7, 1]
[9]
[5]
[4]
[4]
[5]
[6]
[7, 1]
[10]
[7]
[6, 1]
[1, 4]
[2, 2]
[5, 1]
[3]
[]
[]
[]
[]
[1]
[6]
[8]
[7]
[5]
[5]
[6]
[7, 1]
[10]
[7]
[7, 1]
[5, 4]
[6]
[6]
[6]
[7]
[8, 1]
[11]
[6]
[1, 3, 1]
[2, 5]
[4, 1]
[5]

left_values
[4]
[6]
[7, 6]
[2, 4, 5, 2, 17]
[18, 15, 3]
[14, 2, 16, 2]
[14, 2, 18, 2]
[14, 2, 18, 1]
[6, 5, 1, 4, 5, 6, 1]
[2, 2, 5, 1, 4, 5, 2, 2]
[1, 1, 1, 1, 3, 1, 1, 1, 1]
[1, 1, 1, 1, 3, 1, 1, 1, 1]
[1, 1, 1, 1, 2, 1, 1, 1, 1]
[1, 1, 1, 2, 1, 1, 1, 1]
