Puzzle number: 2857
width:  15
height:  20
solved_count:  8800
AVE_TIME:  '00:08:06'
ave_time_count:  4080

top_values
[2, 4, 2]
[1, 4, 4]
[1, 1, 2, 4, 2]
[1, 3, 2, 2, 4]
[1, 3, 4, 4]
[2, 1, 3, 2, 2, 2]
[2, 2, 4, 5]
[5, 2, 4, 4]
[1, 1, 4, 2, 2, 2]
[2, 2, 4, 5]
[1, 2, 2, 2, 4]
[1, 4, 4, 2]
[2, 4, 5]
[1, 2, 2, 2]
[2, 4]

left_values
[6, 4]
[1, 5, 3]
[2, 2, 1]
[4, 3, 2]
[2, 2, 1, 5]
[3, 2, 4]
[3, 3, 2, 2, 1]
[2, 3, 4, 2]
[3, 4, 3]
[2, 1, 2, 2, 1]
[4, 2, 4]
[4, 4, 4]
[2, 5, 2]
[2, 2, 2]
[4, 4]
[5, 4]
[2, 2, 2]
[4]
[4]
[2]
