Puzzle number: 28994
width:  25
height:  25
solved_count:  6149
AVE_TIME:  '00:05:16'
ave_time_count:  3536

top_values
[9, 14]
[9, 5]
[4, 9]
[4, 8]
[7, 3]
[7, 3]
[15]
[3, 4, 4]
[3, 4, 13]
[9, 13]
[9, 13]
[5]
[5]
[5]
[9, 13]
[1, 6, 13]
[1, 6, 13]
[4, 3, 4]
[4, 9]
[14]
[2, 6, 2]
[2, 6, 2]
[15]
[6, 8]
[6, 17]

left_values
[4, 19]
[4, 9, 8]
[15, 3, 3]
[7, 11, 3]
[2, 3, 8, 6]
[2, 7, 3, 6]
[11, 9]
[11, 9]
[11, 11]
[2, 1, 7]
[2, 1, 2, 3]
[7, 2, 3]
[11, 11]
[11, 11]
[3, 5, 5, 3]
[2, 4, 4, 2]
[1, 3, 3, 1]
[1, 3, 3, 1]
[1, 3, 3, 1]
[1, 3, 3, 1]
[1, 3, 3, 1]
[1, 3, 3, 1]
[1, 3, 3, 1]
[1, 3, 3, 1]
[1, 3, 3, 1]
