Puzzle number: 29057
width:  50
height:  50
solved_count:  408
AVE_TIME:  '00:13:59'
ave_time_count:  233

top_values
[3, 3, 8, 4, 3]
[3, 3, 8, 4, 3]
[3, 3, 8, 4, 3]
[3, 3, 8, 4, 3]
[3, 3, 8, 4, 3]
[3, 3, 8, 4, 3]
[3, 3, 8, 5, 3]
[3, 3, 8, 5, 3]
[3, 3, 8, 5, 4]
[3, 3, 8, 13]
[3, 3, 8, 12]
[3, 3, 8, 11]
[3, 3, 8, 10]
[3, 3, 8, 9]
[3, 3, 8, 7]
[3, 3, 8, 6]
[3, 3, 8, 3]
[3, 3, 8, 2]
[3, 3, 8, 3]
[3, 3, 8, 2]
[3, 3, 8, 4, 2]
[3, 2, 8, 4, 2]
[3, 2, 8, 5, 2]
[3, 2, 8, 5, 2]
[3, 2, 8, 2, 2, 2]
[3, 2, 8, 1, 2, 1]
[3, 2, 8, 1, 2, 1]
[3, 2, 8, 1, 2, 1]
[3, 2, 8, 1, 2]
[3, 2, 8, 1, 2]
[3, 3, 8, 1, 2]
[3, 3, 8, 1, 2]
[3, 3, 8, 1, 2]
[3, 3, 8, 1, 2]
[3, 3, 8, 1, 2]
[3, 3, 8, 1, 2, 2]
[3, 3, 8, 1, 2, 3]
[3, 3, 8, 2, 2, 4]
[3, 3, 8, 2, 2, 3]
[3, 3, 8, 2, 2, 3]
[3, 3, 8, 2, 2, 3]
[3, 3, 8, 2, 2, 3]
[3, 3, 8, 2, 2, 2]
[3, 3, 7, 2, 1, 2]
[3, 3, 7, 2, 1, 6]
[3, 3, 7, 15]
[3, 3, 7, 12, 2]
[3, 3, 7, 3, 2]
[3, 3, 7, 3, 2]
[3, 3, 7, 3, 2]

left_values
[50]
[50]
[50]
[]
[]
[21]
[50]
[50]
[20]
[]
[14]
[20]
[26]
[32]
[37]
[43]
[50]
[50]
[36]
[30]
[24]
[18]
[13]
[]
[]
[]
[]
[]
[]
[]
[1, 13]
[3, 28]
[4, 5, 5]
[5, 4, 2]
[6, 27]
[5, 23, 2]
[5, 2]
[5, 2]
[5, 2]
[5, 3]
[5, 3]
[5, 3]
[5, 2]
[6, 7]
[7, 10]
[8, 4]
[11, 5]
[22, 4]
[16, 7, 4]
[16, 6, 3]
