Puzzle number: 29444
width:  50
height:  50
solved_count:  156
AVE_TIME:  '00:59:48'
ave_time_count:  100

top_values
[12, 2, 4, 6, 3]
[11, 6, 7]
[4, 4, 4, 5, 7]
[6, 4, 2, 8]
[1, 6, 5, 5, 7]
[3, 7, 5, 6, 4]
[4, 7, 5, 5, 2]
[6, 3, 4, 6, 11]
[9, 3, 5, 5, 5, 5]
[10, 3, 6, 4, 6]
[11, 3, 6, 2, 6]
[11, 3, 3, 2, 5, 3, 6]
[12, 4, 2, 2, 6, 3, 6]
[13, 3, 7, 8, 4]
[6, 6, 2, 1, 7, 6, 3]
[4, 5, 3, 9, 2]
[2, 5, 4, 10, 5]
[6, 5, 7, 12]
[6, 7, 3, 6, 3]
[8, 9, 5, 3]
[9, 8, 3, 2]
[10, 2, 6, 9, 3]
[11, 3, 5, 10, 4]
[12, 3, 10, 6]
[6, 4, 4, 8, 4]
[5, 4, 5, 2, 4]
[4, 5, 4, 10, 3]
[4, 5, 4, 11, 3]
[2, 9, 10]
[2, 12, 1, 1]
[5, 6, 6]
[5, 9, 2]
[5, 16]
[5, 5, 8, 2]
[5, 4, 8, 2]
[4, 4, 11]
[3, 4, 7, 1]
[4, 6]
[2, 6]
[5]
[4]
[]
[]
[3]
[5, 5]
[8, 5]
[10, 4]
[10, 3]
[16]
[10, 16]

left_values
[]
[]
[]
[]
[]
[4]
[5]
[6]
[7]
[1, 7]
[3, 7]
[3, 6, 6]
[3, 8, 11]
[2, 23]
[2, 22]
[2, 21]
[2, 21]
[3, 19, 1]
[3, 7, 1]
[3, 6, 5, 1]
[3, 10, 5, 1]
[1, 12, 6, 6, 1]
[4, 2, 3, 13, 1]
[9, 5, 2, 13, 1]
[11, 6, 2, 12, 1]
[1, 11, 6, 2, 11, 1]
[1, 10, 2, 5, 2, 3, 1]
[3, 4, 8, 2]
[2, 4, 5, 2, 2]
[1, 5, 7, 4, 3, 3]
[1, 6, 7, 4, 6]
[1, 7, 5, 4, 3, 4, 2]
[1, 7, 8, 1, 2, 8, 4]
[6, 2, 4, 2, 1, 8, 4]
[3, 2, 4, 4, 8, 6]
[6, 3, 3, 4, 3, 8, 6]
[8, 3, 1, 2, 4, 3, 3, 2, 6]
[3, 5, 3, 3, 4, 3, 2, 5]
[3, 5, 2, 3, 4, 3, 2, 5]
[3, 5, 2, 3, 4, 3, 5, 4]
[2, 4, 4, 3, 4, 3, 5, 4]
[2, 5, 2, 4, 3, 6, 3]
[3, 2, 5, 2, 3, 3, 1, 7, 2]
[5, 3, 2, 4, 1, 7, 2]
[5, 6, 2, 4, 4, 1, 8, 2, 2]
[5, 6, 2, 4, 1, 1, 9, 3, 2]
[5, 7, 2, 6, 2, 9, 4, 2]
[5, 7, 3, 6, 2, 1, 3, 6]
[5, 7, 4, 5, 1, 3, 2, 6]
[3, 7, 3, 5, 1, 4, 5]
