Puzzle number: 29465
width:  34
height:  42
solved_count:  385
AVE_TIME:  '00:27:44'
ave_time_count:  153

top_values
[1, 2, 2]
[1, 2, 2]
[2, 2, 2]
[2, 1, 2]
[17, 2]
[34]
[2, 2]
[2, 10]
[1, 11, 2, 1, 1]
[1, 2, 1, 1, 2, 1, 1]
[1, 2, 1, 1, 2, 9]
[1, 1, 1, 1, 2, 11]
[1, 1, 1, 1, 1, 13]
[1, 1, 4, 1, 15]
[1, 1, 1, 1, 5, 6]
[1, 1, 1, 1, 4, 2, 5]
[1, 1, 1, 1, 3, 4, 4]
[2, 1, 1, 1, 3, 6, 4]
[1, 1, 1, 1, 3, 6, 4]
[3, 1, 1, 3, 4, 4]
[1, 1, 1, 4, 2, 5]
[2, 1, 1, 5, 6]
[2, 1, 1, 13]
[2, 1, 1, 11]
[10, 2, 9]
[1, 2, 1, 1]
[1, 2, 1, 1]
[1, 9, 1]
[1, 6, 1, 1]
[2, 1, 1, 4, 1]
[2, 4, 2, 1, 1]
[2, 1, 1, 1]
[14, 1, 1]
[6]

left_values
[12]
[3, 3]
[1, 1]
[1, 12]
[1, 2, 2]
[1, 2, 2]
[3, 1, 1, 2]
[2, 1, 1, 1]
[3, 1, 1]
[2, 1, 1]
[2, 1, 1]
[2, 1, 1]
[2, 1, 1]
[2, 1, 1]
[2, 1, 1]
[2, 22]
[2, 1, 2]
[2, 1, 2]
[2, 5, 2, 2]
[2, 1, 1, 1]
[2, 1, 1, 1]
[2, 1, 1, 1]
[2, 1, 1, 1]
[2, 14, 2, 1]
[4, 2, 2, 1]
[2, 1, 2, 2, 1]
[2, 1, 2, 2, 1]
[1, 1, 2, 9, 1, 1]
[1, 1, 11, 1, 1]
[1, 1, 13, 1, 1]
[1, 1, 6, 5, 1, 3]
[1, 1, 5, 2, 4, 1, 2, 2]
[1, 1, 4, 4, 3, 1, 1, 1]
[8, 4, 6, 3, 1, 1, 1]
[14, 6, 12]
[1, 4, 4, 3, 1]
[8, 2, 13]
[6, 5]
[15]
[13]
[11]
[9]
