Puzzle number: 29637
width:  20
height:  15
solved_count:  7276
AVE_TIME:  '00:02:07'
ave_time_count:  3396

top_values
[15]
[2, 8]
[1, 1, 2, 4]
[1, 1, 5, 1]
[1, 1, 1, 6]
[1, 1, 1, 6]
[1, 1, 2, 5]
[1, 1, 2, 5]
[1, 1, 3, 4]
[1, 1, 3, 4]
[1, 1, 3, 4]
[1, 1, 3, 4]
[1, 1, 3, 4]
[1, 1, 3, 4]
[1, 1, 3, 1, 1]
[1, 1, 5]
[2, 3, 6]
[5, 2, 6]
[6, 7]
[15]

left_values
[20]
[2, 4]
[1, 14, 3]
[1, 3]
[1, 3]
[1, 1, 11, 1, 2]
[1, 2, 9, 2, 1]
[2, 3, 7, 2, 1]
[2, 5, 2]
[2, 12, 4]
[2, 11, 5]
[3, 10, 5]
[3, 10, 5]
[3, 5]
[4, 6]
