Puzzle number: 29720
width:  40
height:  50
solved_count:  384
AVE_TIME:  '00:40:26'
ave_time_count:  220

top_values
[1, 2, 1, 4, 15]
[2, 1, 1, 4, 16]
[3, 1, 1, 2, 15]
[1, 1, 2, 1, 1, 15]
[1, 2, 2, 14]
[1, 1, 3, 14]
[1, 1, 2, 7, 6]
[2, 2, 1, 7, 2, 3]
[6, 2, 12]
[3, 1, 2, 13]
[4, 2, 10]
[1, 1, 2, 9, 1]
[2, 3, 3, 9, 1]
[5, 4, 2, 12]
[14, 2, 11]
[4, 3, 2, 1, 12, 1]
[1, 2, 8, 5]
[3, 2, 9, 5]
[4, 10, 6]
[2, 2, 8, 5]
[4, 2, 9, 5]
[8, 2, 7, 2, 5]
[15, 3, 7, 5, 4]
[18, 11, 4, 4]
[3, 25, 2, 2, 4]
[3, 17, 5, 4, 3]
[3, 17, 6, 2, 3]
[3, 12, 10, 3]
[2, 1, 6, 8, 2]
[2, 1, 2, 13, 2]
[2, 1, 4, 5, 2]
[1, 1, 2, 3]
[1, 2, 2]
[2, 3, 3]
[1, 3, 2]
[2, 3, 1]
[2, 3]
[2, 2]
[1, 1]
[1, 1]

left_values
[1, 3, 3, 6]
[3, 6]
[4, 8]
[3, 6]
[2, 1, 4]
[3, 3]
[1, 2, 2, 3]
[3, 3, 3, 3]
[3, 3, 3]
[5, 4, 3, 3]
[5, 2, 2, 3]
[3, 1, 3]
[2, 1, 5]
[2, 2, 5]
[5, 5, 3]
[2, 1, 5, 3]
[3, 2, 6, 4]
[7, 11]
[5, 5]
[5]
[1, 4]
[1, 4]
[1, 4]
[5, 1]
[7]
[1, 6]
[2, 10]
[3, 2, 9]
[2, 3, 2, 1, 5, 3]
[2, 3, 3, 4, 4]
[1, 9, 1, 8, 2]
[5, 2, 10]
[14]
[7, 1, 6]
[2, 10, 8]
[4, 14, 11]
[21, 2, 1, 4, 5]
[31, 5]
[30, 3]
[20, 1]
[16]
[19]
[22]
[6, 17]
[11, 21]
[14, 20]
[7, 2, 1, 10, 1, 2]
[10]
[8, 1]
[7]
