Puzzle number: 29826
width:  30
height:  30
solved_count:  3917
AVE_TIME:  '00:18:48'
ave_time_count:  2101

top_values
[1, 1, 1, 5, 1, 2, 1]
[1, 1, 1, 5, 1, 1, 1]
[1, 2, 1, 5, 1, 1]
[1, 2, 1, 2, 1, 1]
[1, 2, 2, 1, 2, 1]
[1, 2, 3, 1, 2, 1, 1, 1]
[2, 1, 3, 1, 1, 1, 2]
[12, 1, 1, 1, 2]
[30]
[27]
[]
[11]
[3, 24]
[1, 1, 4, 1, 1, 1, 1, 1, 1]
[5, 4, 3, 1, 2, 1, 1]
[11, 10]
[6, 2, 6]
[3, 1, 2, 6]
[17, 5, 1, 1]
[17, 5, 1, 1]
[14, 1, 1, 2, 1, 1]
[9, 2, 2, 1, 1, 1]
[6, 2, 2, 1, 1]
[3, 2, 1, 1, 2, 1]
[2, 1, 2, 2, 2]
[2, 3, 1, 3, 1, 2, 1, 1, 2]
[1, 4, 2, 1, 4, 1]
[2, 5, 1, 2, 2, 2]
[1, 6, 2, 4, 2]
[2, 11, 4, 1, 3]

left_values
[3, 1, 2, 3, 1, 1, 1]
[9, 1, 1, 3, 5]
[2, 2, 1, 3]
[3, 2, 1, 12]
[3, 5, 12]
[10, 1, 1, 6, 5]
[4, 3, 2, 1, 5, 4]
[3, 2, 1, 5, 3]
[3, 2, 1, 5, 1, 2]
[3, 6, 2, 1, 4, 1]
[6, 5, 4, 1, 1]
[5, 4, 4, 1, 1]
[2, 4, 3, 1, 2]
[10, 4, 3, 4]
[3, 2, 1, 2, 9]
[3, 2, 1, 1, 6]
[6, 2, 9, 1]
[10, 1, 3, 1]
[2, 5, 1, 3]
[2, 1, 2, 6]
[2, 4, 6, 2]
[10, 1, 8, 4]
[2, 1, 6, 5]
[1, 2, 4, 7]
[2, 1, 6]
[1, 4, 8, 1]
[4, 5, 1, 2, 1]
[2, 1, 6, 3]
[2, 3, 2, 6]
[2, 2, 1, 10, 1]
