Puzzle number: 29873
width:  36
height:  35
solved_count:  728
AVE_TIME:  '00:18:15'
ave_time_count:  273

top_values
[2, 3, 1, 4, 1, 1, 1, 1, 1, 1, 1, 1]
[1, 3, 2, 1, 2, 1, 1, 1, 1, 1, 1, 1]
[1, 3, 1, 1, 2, 1, 1, 1, 1, 1, 1, 1, 1]
[2, 4, 1, 1, 1, 1, 1, 1]
[3, 1, 1, 1, 1, 1, 1, 1, 1]
[3, 4, 1, 1, 1, 1, 1]
[3, 1, 3, 1, 1, 1, 2]
[3, 2, 1, 1, 1, 1, 3, 1]
[3, 5, 1, 1, 1, 1, 1]
[3, 2, 1, 1, 1, 3, 1]
[3, 5, 1, 2]
[3, 1, 2, 1]
[3, 5, 1]
[3, 1, 2, 1]
[3, 3, 1, 1]
[3, 2, 1, 1]
[3, 1, 1, 1]
[5, 3, 1, 1, 1]
[2, 1, 1, 2, 2]
[1, 2, 2, 3, 1]
[1, 1, 2, 1, 1, 1]
[1, 2, 1, 1, 1]
[2, 2, 1, 3]
[2, 3, 2, 2]
[4, 1, 2]
[3, 1]
[1, 1, 2]
[3, 1]
[3, 1, 1, 1]
[5, 5]
[1, 1, 4]
[1, 4]
[1, 4]
[2, 4]
[7]
[6]

left_values
[2]
[1, 1]
[1]
[3]
[3]
[1, 1]
[]
[1]
[3]
[]
[1, 3]
[2, 3]
[1, 1, 3]
[1, 1, 3]
[1, 1, 3, 6, 5]
[5, 3, 2, 2, 2, 3]
[1, 1, 3, 1, 2, 2, 2]
[7, 3, 1, 1, 2, 2]
[1, 1, 4, 2, 1, 2, 2]
[9, 5, 2, 3]
[1, 2, 6, 1, 4]
[11, 7, 2, 4]
[1, 3, 2, 1, 2, 9]
[11, 3, 2, 1, 1, 4]
[3, 4, 2, 8]
[16, 2, 1, 2]
[2, 3, 7]
[11, 2, 1, 1, 1]
[]
[]
[24]
[2, 2, 2, 2]
[3, 4]
[]
[3, 3]
