Puzzle number: 30178
width:  50
height:  50
solved_count:  997
AVE_TIME:  '00:49:11'
ave_time_count:  426

top_values
[9, 6]
[9, 6]
[9, 6]
[8, 4]
[1, 5, 9, 4]
[10, 8, 4]
[12, 10, 4]
[11, 4, 5, 4]
[10, 5, 4, 4]
[8, 5, 3, 5]
[7, 7, 4, 5]
[7, 7, 3, 3]
[9, 6, 2, 4, 3, 2]
[23, 3, 4, 3, 1]
[26, 4, 4, 3]
[3, 20, 5, 5, 3]
[19, 7, 4, 3]
[5, 21, 3, 2]
[4, 19, 3]
[4, 18, 3]
[4, 18, 4]
[4, 19, 2]
[4, 20]
[4, 20]
[4, 21]
[4, 9, 10]
[4, 7, 12]
[4, 6, 3, 8]
[3, 7, 3, 7]
[3, 7, 2, 5]
[3, 7, 2, 2]
[3, 7, 3, 3]
[2, 6, 3, 3]
[3, 7, 3, 3]
[3, 6, 3, 3]
[3, 6, 3, 3]
[3, 7, 4, 3]
[2, 6, 4, 3]
[2, 5, 3, 4]
[2, 5, 3, 3]
[2, 4, 3, 3]
[1, 4, 2, 4]
[1, 4, 2, 5]
[1, 4, 2, 6]
[1, 4, 1, 6]
[1, 4, 2, 6]
[1, 4, 1, 7]
[2, 3, 1, 7]
[2, 3, 1, 6]
[2, 3, 1, 6]

left_values
[3, 4]
[2, 4]
[2, 4]
[3, 3]
[4, 3]
[5, 3]
[5, 3]
[5, 3]
[6, 4]
[5, 3]
[5, 5]
[6, 7]
[5, 10]
[5, 13]
[20]
[8, 10]
[7, 9]
[7, 11]
[6, 11, 3]
[6, 17]
[1, 6]
[2, 6, 14]
[3, 7, 17]
[3, 9, 20]
[4, 10, 19]
[5, 26]
[5, 23, 5]
[7, 22, 3]
[9, 18, 2, 3]
[10, 15, 3, 4]
[13, 13, 3, 5]
[24, 4, 6]
[3, 4, 13, 4, 7]
[3, 3, 12, 4, 8]
[3, 2, 10, 5, 6]
[1, 2, 3, 10, 6, 6]
[2, 3, 3, 9, 7, 5]
[3, 2, 3, 17, 6]
[3, 3, 4, 11, 5]
[4, 3, 3, 9, 4]
[5, 2, 3, 7, 4]
[5, 2, 2, 6, 3]
[5, 3, 3, 6, 3]
[4, 3, 2, 7, 3]
[5, 3, 2, 6, 3]
[5, 3, 2, 9]
[4, 2, 3, 7]
[4, 2, 2, 4]
[4, 2, 2, 3]
[4, 2, 2, 2]
