Puzzle number: 30189
width:  50
height:  50
solved_count:  923
AVE_TIME:  '01:24:23'
ave_time_count:  383

top_values
[4, 6, 5, 4, 4, 2]
[3, 12, 4, 3, 4, 6]
[3, 9, 3, 3, 10, 1]
[1, 8, 5, 2, 12, 3]
[6, 4, 3, 20]
[4, 4, 24, 1]
[2, 3, 29]
[2, 5, 3, 7, 14]
[1, 6, 8, 1, 8, 11]
[4, 4, 5, 12, 9]
[3, 3, 1, 18, 8]
[1, 3, 2, 8, 8, 7]
[1, 3, 1, 1, 8, 15]
[3, 4, 10, 8, 1, 2]
[4, 2, 8, 6, 1]
[1, 1, 3, 5, 7]
[2, 1, 2, 9, 7]
[1, 2, 2, 2, 3, 7]
[1, 2, 2, 3, 2, 7]
[1, 2, 3, 1, 8]
[1, 1, 2, 2, 8]
[2, 1, 1, 7]
[3, 2, 2, 7]
[1, 2, 1, 1, 2, 1, 4]
[1, 2, 2, 1, 1, 2, 4]
[2, 2, 1, 2, 2, 2, 3]
[2, 2, 1, 1, 4, 3]
[2, 2, 2, 6, 2]
[2, 2, 2, 1, 3, 2]
[2, 3, 1, 3, 1, 2]
[1, 5, 2, 2, 2]
[1, 2, 3, 1, 1, 2]
[2, 2, 3, 8, 3]
[2, 1, 3, 8, 3]
[3, 2, 6, 9, 3, 1]
[3, 2, 2, 1, 3, 15, 4]
[2, 1, 2, 1, 3, 6, 7, 5]
[2, 2, 2, 2, 4, 5, 1, 8]
[2, 2, 2, 1, 2, 3, 4, 2, 8]
[2, 1, 2, 3, 1, 4, 3, 2, 8]
[2, 2, 2, 1, 1, 1, 1, 2, 2, 2, 9]
[2, 4, 1, 1, 2, 1, 2, 1, 2, 2, 3]
[1, 5, 1, 2, 2, 2, 3, 4, 3]
[2, 4, 2, 1, 1, 1, 4, 2, 2, 3]
[2, 3, 2, 1, 1, 1, 3, 3, 2, 1]
[1, 4, 1, 2, 2, 1, 3, 3]
[1, 3, 2, 1, 2, 1, 5]
[1, 4, 1, 2, 1, 2, 7, 1]
[2, 1, 1, 2, 2, 2, 2, 1, 3, 3]
[2, 2, 2, 1, 1, 3, 3, 1, 4, 6]

left_values
[4, 3, 2, 5, 5, 1]
[3, 8, 8, 2]
[3, 3, 2, 8, 2]
[1, 3, 4, 5, 3, 1]
[3, 3, 11, 8]
[2, 1, 12, 8]
[2, 1, 2, 8]
[3, 2, 2, 2, 3]
[4, 1, 2, 3, 3, 1]
[4, 1, 2, 2, 2, 2]
[5, 1, 1, 2, 3, 2, 2]
[5, 2, 3, 2, 3, 2, 3]
[4, 1, 4, 5, 2, 2]
[4, 2, 2, 2, 3, 2, 3, 3]
[4, 1, 2, 1, 3, 2, 2, 4]
[3, 1, 2, 3, 3, 1, 3, 4]
[2, 2, 2, 5, 7, 4, 2]
[1, 1, 2, 4, 3, 4]
[2, 2, 5, 4, 3, 6]
[2, 2, 2, 3, 3, 3, 5]
[2, 1, 3, 2, 2, 4]
[1, 1, 4, 3, 2, 2]
[1, 2, 2, 2, 7, 2]
[1, 3, 7, 3, 8]
[2, 5, 7, 5, 3]
[1, 4, 7, 1, 1, 1]
[2, 5, 6, 1, 2, 2]
[2, 1, 2, 7, 1, 3, 2]
[1, 1, 2, 6, 1, 4, 2]
[1, 1, 3, 5, 1, 2, 5, 2]
[2, 3, 4, 2, 2, 1, 3, 6, 2]
[1, 3, 3, 1, 1, 2, 9, 2, 4]
[2, 4, 3, 2, 4, 1, 1, 8, 7]
[1, 4, 4, 3, 1, 4, 8, 4, 1]
[1, 4, 4, 3, 2, 2, 8, 4]
[1, 4, 4, 2, 2, 2, 2, 1]
[6, 4, 3, 2, 1, 2]
[7, 7, 5, 2, 4, 3]
[7, 8, 2, 9, 2]
[8, 10, 2, 2, 2, 1]
[8, 10, 2, 2, 2, 1]
[8, 9, 2, 3, 4]
[9, 13, 8, 2]
[13, 8, 3, 5, 1]
[2, 10, 8, 3, 4, 2, 1]
[2, 9, 7, 3, 6, 1, 1]
[1, 10, 7, 2, 8, 2, 1]
[1, 2, 7, 7, 2, 11, 2]
[2, 2, 8, 2, 5, 6, 2, 2]
[1, 2, 10, 2, 6, 2, 3]
