Puzzle number: 30206
width:  50
height:  50
solved_count:  954
AVE_TIME:  '01:35:45'
ave_time_count:  419

top_values
[2, 3, 9, 3, 5]
[5, 10, 1, 4, 2]
[8, 5, 7, 8, 1, 1]
[1, 11, 6, 18]
[9, 5, 2, 9]
[7, 4, 4, 7]
[5, 4, 5, 3, 1, 11]
[2, 3, 3, 1, 2, 3, 1, 8]
[2, 4, 2, 2, 1, 1, 8]
[3, 3, 4, 1, 2, 2, 8]
[3, 3, 3, 5, 2, 8]
[1, 2, 3, 2, 1, 2, 7]
[3, 2, 1, 2, 2, 6]
[2, 1, 2, 1, 5]
[2, 2, 3, 2, 4]
[2, 2, 4, 3, 1, 2]
[7, 3, 5, 3, 1]
[8, 6, 3, 2, 4]
[13, 5, 2]
[12, 4, 3, 3]
[15, 4, 2]
[18, 4, 3]
[4, 14, 1, 3, 2, 2]
[4, 16, 4, 4]
[2, 1, 16, 4, 2]
[2, 1, 17, 5, 1]
[2, 2, 18, 3, 1]
[2, 1, 18, 3, 1]
[3, 1, 18, 4]
[3, 2, 19, 2]
[3, 2, 23, 1]
[4, 2, 19, 3]
[4, 1, 9, 7, 4]
[3, 1, 11, 3, 4]
[3, 2, 9, 2, 4, 5]
[3, 1, 11, 5, 2, 2]
[3, 1, 10, 4, 2]
[3, 1, 12, 5]
[3, 24, 6]
[1, 26, 6]
[27, 13]
[2, 4, 4, 22]
[1, 5, 3, 32]
[3, 4, 3, 1, 6, 5, 7]
[3, 4, 3, 1, 2, 3, 1, 3]
[1, 2, 2, 6, 3, 1]
[4, 2, 2, 3, 4, 2]
[2, 3, 2, 7, 3]
[2, 5, 3, 1, 5]
[1, 2, 5, 3, 9]

left_values
[4, 3, 3, 18, 4, 1]
[3, 3, 1, 1, 19, 2]
[2, 3, 2, 1, 4, 11, 4]
[6, 1, 1, 7, 2, 2, 2]
[6, 1, 1, 3, 4, 7, 1]
[4, 1, 1, 5, 2, 2, 3, 1, 1]
[4, 1, 1, 8, 5, 4, 2, 2]
[1, 3, 1, 2, 10, 1, 6, 1, 2]
[1, 2, 1, 1, 12, 8, 1, 2]
[2, 2, 1, 1, 24, 2, 1]
[1, 2, 1, 1, 25, 1]
[3, 1, 1, 25, 1]
[4, 1, 1, 26, 2]
[4, 2, 1, 24, 1, 2]
[3, 1, 1, 25, 2, 2]
[3, 1, 1, 26, 1, 2]
[2, 2, 1, 5, 22, 2, 3]
[2, 1, 1, 2, 3, 13, 1, 5, 1, 2]
[2, 1, 1, 2, 1, 1, 10, 1, 5, 2, 2]
[1, 1, 1, 2, 1, 2, 9, 1, 6, 1, 2]
[1, 2, 1, 2, 2, 1, 10, 2, 3, 1, 2, 1]
[1, 9, 1, 1, 9, 1, 3, 1, 4]
[1, 3, 2, 1, 1, 9, 1, 3, 1, 1, 2]
[1, 1, 3, 1, 8, 1, 3, 1, 1, 1]
[2, 2, 3, 1, 7, 2, 3, 1, 1, 2]
[2, 2, 7, 5, 1, 3, 1, 1, 1]
[1, 2, 3, 4, 4, 1, 5, 2, 1]
[1, 1, 4, 3, 2, 2, 2, 5, 1]
[1, 2, 2, 4, 1, 1, 2, 5, 2]
[2, 1, 2, 2, 1, 1, 1, 6, 1]
[2, 1, 1, 2, 1, 1, 1, 5, 2]
[4, 2, 3, 1, 2, 1, 3, 2, 1]
[2, 2, 4, 2, 1, 3, 2, 1]
[1, 1, 2, 3, 1, 2, 4, 2, 1]
[1, 3, 2, 1, 1, 3, 1, 2]
[2, 2, 2, 1, 2, 1, 4, 2, 3]
[1, 2, 1, 2, 3, 1, 2, 5, 1, 3]
[4, 4, 2, 1, 1, 7, 4]
[5, 1, 1, 2, 1, 7, 1, 2]
[7, 2, 1, 2, 7, 1, 1]
[8, 2, 1, 1, 8]
[8, 1, 1, 1, 2, 4]
[9, 2, 2, 1, 2, 3]
[9, 2, 1, 3, 4]
[10, 1, 2, 1, 4]
[1, 11, 2, 1, 4]
[1, 2, 8, 2, 2, 3]
[1, 2, 7, 1, 1, 4]
[2, 7, 3, 2, 3]
[3, 7, 9, 3]
