Puzzle number: 30303
width:  23
height:  30
solved_count:  6478
AVE_TIME:  '00:05:16'
ave_time_count:  3702

top_values
[30]
[11, 1]
[2, 2, 3, 3, 3, 3, 1]
[2, 5, 2, 3, 3, 3, 3, 1]
[2, 2, 3, 3, 3, 3, 1]
[2, 1, 3, 2, 1]
[2, 1, 1, 1, 2, 3, 3, 3, 3, 1]
[2, 3, 1, 2, 1, 1, 1, 1, 1, 1, 1, 1, 1]
[2, 2, 3, 3, 3, 1, 1, 1]
[2, 1, 1, 1, 2, 1, 1, 1]
[2, 1, 1, 1, 2, 3, 3, 3, 1, 1, 1]
[2, 5, 2, 1, 1, 1, 1, 1, 1, 1, 1, 1]
[2, 2, 3, 3, 3, 3, 1]
[2, 3, 2, 1]
[2, 1, 2, 3, 3, 3, 3, 1]
[2, 5, 2, 1, 1, 1, 1, 1, 1, 1, 1, 1]
[2, 2, 3, 3, 3, 3, 1]
[2, 3, 1, 2, 1]
[2, 1, 1, 1, 2, 3, 3, 3, 3, 1]
[2, 1, 3, 2, 3, 3, 3, 3, 1]
[2, 2, 3, 3, 3, 3, 1]
[11, 1]
[30]

left_values
[23]
[23]
[2, 2]
[2, 1, 3, 3, 1, 1, 3, 2]
[2, 1, 1, 1, 1, 1, 1, 2]
[2, 1, 3, 3, 3, 3, 2]
[2, 1, 1, 1, 1, 1, 2]
[2, 1, 3, 3, 1, 3, 2]
[2, 2]
[23]
[23]
[1, 1]
[1, 1]
[1, 3, 3, 3, 3, 3, 1]
[1, 3, 1, 1, 1, 1, 1, 1, 3, 1]
[1, 3, 3, 3, 3, 3, 1]
[1, 1]
[1, 3, 3, 3, 3, 3, 1]
[1, 3, 1, 1, 1, 1, 1, 1, 3, 1]
[1, 3, 3, 3, 3, 3, 1]
[1, 1]
[1, 3, 3, 3, 3, 3, 1]
[1, 3, 1, 1, 1, 1, 1, 1, 3, 1]
[1, 3, 3, 3, 3, 3, 1]
[1, 1]
[1, 3, 7, 3, 3, 1]
[1, 3, 1, 1, 1, 1, 3, 1]
[1, 3, 7, 3, 3, 1]
[1, 1]
[23]
