Puzzle number: 30446
width:  20
height:  20
solved_count:  8846
AVE_TIME:  '00:03:33'
ave_time_count:  4438

top_values
[2]
[2]
[5]
[]
[17]
[1, 1]
[1, 5, 5, 1]
[1, 1, 1, 2, 2, 1]
[1, 1, 1, 1, 3, 1, 1]
[3, 1, 1, 1, 3, 1, 1]
[1, 1, 1, 1, 3, 1, 1]
[1, 1, 1, 2, 2, 1]
[1, 5, 5, 1]
[1, 1]
[17]
[]
[2]
[2]
[6]
[]

left_values
[1]
[1]
[11]
[1, 1, 1]
[1, 7, 1, 1]
[1, 1, 1, 1, 1]
[1, 1, 1, 1, 1, 1]
[1, 1, 1, 1, 1, 3]
[1, 1, 7, 1, 3]
[3, 1, 1]
[3, 1, 5, 1]
[1, 2, 2, 1]
[1, 1, 3, 1, 1]
[1, 1, 3, 1, 1]
[1, 1, 3, 1, 1]
[1, 2, 2, 1]
[1, 5, 1]
[1, 1]
[11]
[]
