Puzzle number: 30457
width:  24
height:  50
solved_count:  5914
AVE_TIME:  '00:06:42'
ave_time_count:  3633

top_values
[3]
[2, 1]
[1, 1]
[5, 1]
[1, 1]
[1, 4, 1]
[27, 4, 1]
[1, 1]
[1, 2, 2, 2, 1, 1, 2, 2, 2, 4, 1]
[7, 2, 2, 2, 1, 1, 2, 2, 2, 4, 1]
[6, 1]
[5, 1, 1, 2, 2, 2, 1, 1, 2, 2, 2, 4, 1]
[5, 1, 1, 2, 2, 2, 1, 1, 2, 2, 2, 4, 1]
[6, 1]
[7, 2, 2, 2, 1, 1, 2, 2, 2, 4, 1]
[1, 2, 2, 2, 1, 1, 2, 2, 2, 4, 1]
[1, 1]
[27, 4, 1]
[1, 4, 1]
[1, 1]
[5, 1]
[1, 1]
[2, 1]
[3]

left_values
[2]
[2]
[2]
[2]
[4]
[1, 1]
[1, 1]
[1, 1]
[1, 1]
[1, 1]
[1, 1]
[1, 1]
[1, 2, 1]
[1, 1]
[1, 1]
[1, 2, 1]
[4, 4]
[1, 1]
[1, 2, 2, 2, 1]
[1, 2, 2, 2, 1]
[1, 1]
[1, 2, 2, 2, 1]
[1, 2, 2, 2, 1]
[1, 1]
[1, 2, 2, 2, 1]
[1, 2, 2, 2, 1]
[1, 1]
[1, 1]
[1, 2, 2, 2, 1]
[1, 1]
[1, 1]
[1, 2, 2, 2, 1]
[1, 1]
[1, 1]
[1, 2, 2, 2, 1]
[1, 2, 2, 2, 1]
[1, 1]
[1, 2, 2, 2, 1]
[1, 2, 2, 2, 1]
[1, 1]
[1, 2, 2, 2, 1]
[1, 2, 2, 2, 1]
[4, 4]
[1, 1]
[1, 2, 2, 2, 2, 2, 1]
[1, 2, 2, 2, 2, 2, 1]
[3, 2, 2, 2, 2, 2, 3]
[2, 2, 2, 2, 2, 2, 2]
[1, 1]
[24]
