Puzzle number: 30654
width:  48
height:  19
solved_count:  2571
AVE_TIME:  '00:10:35'
ave_time_count:  1253

top_values
[1]
[1, 2]
[1, 3]
[3, 2]
[1, 1, 2]
[1, 1, 1, 2]
[1, 1, 1, 1]
[1, 1, 2, 1]
[1, 1, 2, 1]
[1, 1, 2, 1]
[3, 2, 1]
[1, 1, 2, 1]
[1, 1, 2, 1]
[1, 2, 1]
[5, 2, 1]
[2, 1, 1, 2, 1]
[1, 1, 2, 2, 1]
[2, 1, 1, 2, 1]
[5, 2, 1]
[1, 2, 1]
[9, 2, 1]
[9, 2, 1]
[1, 2, 1]
[6, 2, 1]
[1, 1, 1, 2, 1]
[1, 1, 1, 1, 2, 1]
[1, 1, 1, 1, 2, 1]
[9, 1, 1, 2, 1]
[1, 1, 1, 1, 1, 2, 1]
[1, 1, 1, 1, 1, 1, 2, 1]
[1, 1, 1, 2, 1]
[6, 2, 1]
[1, 1, 2, 1]
[1, 1, 2, 1]
[1, 1, 2, 1]
[1, 1, 2, 1]
[1, 1, 2, 1]
[1, 1, 2, 1]
[4, 2, 1]
[2, 1, 2, 1]
[1, 1, 1, 1]
[1, 1, 1, 2]
[1, 2]
[1, 2]
[1, 2]
[1, 2]
[3]
[2]

left_values
[5]
[1]
[1, 1]
[2]
[1, 1]
[2, 1]
[2, 1]
[2, 1]
[3, 2, 9]
[2, 2, 2, 1, 1, 3]
[1, 1, 1, 2, 9, 7]
[13, 2, 2, 2, 1, 2, 1, 3]
[1, 1, 1, 1, 1, 2, 1, 1, 1, 5, 2]
[39, 2]
[2, 2]
[2, 37, 2]
[2, 33, 2]
[2, 2]
[37]
