Puzzle number: 30726
width:  30
height:  33
solved_count:  2798
AVE_TIME:  '00:06:05'
ave_time_count:  1682

top_values
[20, 2]
[2, 15]
[4, 5]
[5, 4]
[7, 2]
[3, 3]
[2, 3]
[1, 2]
[1, 2]
[3, 2, 1]
[4, 2, 2]
[2, 2, 2]
[3, 9]
[2, 9]
[2, 4, 3]
[8]
[3]
[]
[]
[]
[]
[]
[]
[]
[]
[]
[]
[]
[3, 2]
[9]

left_values
[5, 4]
[5, 2]
[1, 3, 2]
[1, 3, 2]
[1, 2, 1]
[2, 2]
[2, 2]
[2, 2]
[2, 1]
[2]
[2]
[2]
[2]
[2]
[3, 8]
[14]
[7, 3]
[4, 2]
[4, 1, 1]
[2, 2, 2]
[2, 2]
[2, 2]
[2, 1]
[2, 1]
[7, 2]
[5, 2]
[2, 1]
[2]
[3]
[3]
[3]
[1, 2]
[1, 2]
