Puzzle number: 31452
width:  30
height:  30
solved_count:  1937
AVE_TIME:  '00:11:08'
ave_time_count:  803

top_values
[30]
[30]
[3]
[3]
[3]
[6, 3]
[1, 1, 4, 3]
[7, 1, 8, 3]
[8, 3, 7]
[2, 4]
[10, 2, 4]
[17, 1, 4]
[6, 2, 5]
[5, 3]
[3]
[1, 1, 3]
[1, 1, 1, 1, 1, 1, 3]
[1, 1, 1, 1, 1, 1, 3]
[1, 1, 1, 1, 1, 1, 1, 3]
[21, 3, 3]
[21, 3]
[14, 3]
[3, 3]
[3, 3]
[3, 3]
[4, 3, 4, 3]
[1, 1, 3, 7, 3]
[2, 1, 1, 4, 1, 3]
[1, 1, 2, 4, 3]
[8, 2, 2, 1, 1, 3]

left_values
[2, 1, 2, 4, 1]
[2, 1, 2, 1, 1]
[2, 1, 2, 1, 1]
[2, 1, 2, 4, 1]
[2, 1, 2, 2, 1]
[2, 1, 2, 6, 1]
[2, 1, 2, 2, 1, 1]
[2, 1, 2, 2, 1, 1, 1]
[2, 1, 2, 6, 1, 1]
[2, 1, 2, 2, 2, 1]
[2, 1, 2, 2, 3]
[2, 1, 2, 6]
[2, 1, 2, 3, 2, 1]
[2, 1, 2, 3, 1]
[2, 1, 2, 6, 2]
[2, 1, 3, 3, 1, 1]
[2, 1, 4, 3, 2, 1]
[2, 1, 2, 7, 1]
[2, 1, 2, 8, 1]
[2, 3, 9, 1]
[2, 1, 1, 2, 3, 4]
[2, 3, 2, 2, 4]
[2, 3, 1, 3, 3]
[2, 3, 1, 3, 1, 1]
[2, 3, 1, 4, 2]
[2, 2, 2]
[2, 5]
[30]
[30]
[30]
