Puzzle number: 31465
width:  30
height:  25
solved_count:  5373
AVE_TIME:  '00:05:13'
ave_time_count:  3047

top_values
[25]
[1, 1]
[1, 1]
[1, 17, 1]
[1, 19, 1]
[1, 11, 4, 1]
[1, 10, 2, 3, 1]
[1, 9, 4, 2, 1]
[1, 9, 6, 2, 1]
[1, 9, 6, 2, 1]
[1, 9, 4, 2, 1]
[1, 3, 5, 2, 3, 1]
[1, 2, 2, 5, 4, 1]
[1, 2, 2, 13, 1]
[1, 3, 14, 1]
[1, 19, 1]
[1, 17, 1]
[1, 1]
[1, 10, 1, 1]
[1, 1, 1]
[1, 9, 1, 1]
[1, 1, 1]
[1, 10, 1]
[1, 6, 1]
[1, 6, 1]
[1, 6, 1]
[1, 6, 1]
[1, 1]
[1, 1]
[25]

left_values
[30]
[1, 1]
[1, 1]
[1, 12, 1]
[1, 14, 1]
[1, 9, 3, 1]
[1, 8, 2, 2, 1, 1]
[1, 8, 2, 2, 1, 1, 1]
[1, 9, 3, 1, 1, 1, 1]
[1, 14, 1, 1, 1, 1]
[1, 14, 1, 1, 5, 1]
[1, 14, 1, 1, 5, 1]
[1, 4, 6, 1, 1, 5, 1]
[1, 3, 2, 5, 1, 1, 5, 1]
[1, 2, 4, 4, 1, 1, 5, 1]
[1, 2, 6, 4, 1, 1, 5, 1]
[1, 2, 6, 4, 1, 1]
[1, 2, 4, 4, 5, 1]
[1, 3, 2, 5, 1]
[1, 4, 6, 1]
[1, 14, 1]
[1, 12, 1]
[1, 1]
[1, 1]
[30]
