Puzzle number: 31514
width:  30
height:  30
solved_count:  1905
AVE_TIME:  '00:11:22'
ave_time_count:  1019

top_values
[]
[]
[]
[]
[4]
[12]
[2, 2, 6, 10]
[4, 2]
[]
[]
[]
[]
[]
[]
[2]
[2, 5, 1, 2, 5]
[4, 7, 4, 2, 5]
[2, 3, 3, 3]
[3, 3, 1]
[3, 3]
[2, 2]
[2, 2]
[2, 2]
[2, 2]
[2, 1]
[2, 2]
[2, 2]
[2, 1]
[1, 2]
[2, 2, 1]

left_values
[1, 1]
[1, 2]
[2, 1, 1]
[2, 2, 1]
[1, 3]
[1, 1, 2]
[2, 1, 1]
[2, 2, 2]
[1, 1, 1]
[2, 2, 2]
[2, 1, 2]
[1, 1, 2]
[2, 2, 2]
[2, 3, 2]
[1, 1, 2, 2]
[1, 1, 1, 2]
[1, 1, 2, 2]
[2, 2, 1, 3]
[1, 3, 2, 1]
[2, 2, 2]
[2, 2, 2]
[1, 3, 2]
[1, 1, 3]
[1, 2, 2]
[1, 1, 3]
[1, 1, 2]
[1, 1]
[1, 2]
[2, 1]
[1, 2]
