Puzzle number: 31522
width:  30
height:  45
solved_count:  876
AVE_TIME:  '00:32:31'
ave_time_count:  383

top_values
[13, 1, 1, 2]
[14, 1, 1, 2]
[9, 4, 2, 2, 1]
[2, 3, 1, 2, 1]
[8, 2, 2, 2, 1]
[2, 2, 2, 2, 1, 2]
[2, 4, 1, 2, 2]
[3, 2, 3, 2, 2, 3]
[2, 3, 2, 2, 2]
[2, 2, 5, 1]
[3, 2, 2, 5, 1]
[2, 5, 2, 1, 3, 2]
[2, 5, 3, 1, 1, 2]
[1, 5, 3, 2, 1, 2]
[3, 3, 3, 2, 2]
[2, 3, 1, 2, 3, 1]
[1, 2, 1, 2, 2, 1, 1]
[2, 3, 1, 4, 1, 1]
[2, 3, 2, 2, 1, 2]
[2, 5, 2, 2, 2]
[2, 4, 2, 1, 2, 1]
[1, 2, 1, 2, 3, 2]
[2, 1, 1, 3, 2]
[1, 1, 2, 2]
[1, 1, 2, 2]
[2, 2, 1]
[3, 2, 2, 1]
[8, 4, 2]
[2, 2, 6, 2]
[1, 2, 3, 1, 1]

left_values
[2, 1, 2, 4, 1]
[3, 1, 3, 6]
[3, 2]
[3, 2, 3]
[3, 2, 6]
[3, 1, 6]
[3, 1, 5, 2]
[3, 1, 1, 3, 4]
[3, 1, 2, 4]
[2, 1, 2, 3]
[2, 1, 2, 3]
[2, 2, 9]
[3, 2, 7, 2]
[4, 3, 4, 10]
[11, 3, 3]
[18, 2]
[2, 2]
[2, 4, 2]
[3, 2, 2, 2]
[3, 2, 2]
[2, 2, 2]
[3, 2, 1]
[2, 2, 3]
[3, 2, 3]
[3, 2, 4]
[5, 20]
[10, 7]
[5, 2]
[]
[]
[]
[]
[]
[]
[]
[1, 4]
[4, 11]
[20, 3]
[2, 4]
[]
[]
[]
[1]
[]
[]
