Puzzle number: 31521
width:  30
height:  45
solved_count:  936
AVE_TIME:  '00:33:18'
ave_time_count:  428

top_values
[2, 2, 1, 1]
[3, 2, 1, 2]
[3, 1, 1, 2, 3]
[2, 1, 4, 2, 4]
[3, 4, 9, 1, 2]
[3, 2, 5, 6, 2, 3]
[2, 2, 1, 2, 3, 5, 2]
[2, 2, 2, 2, 2, 1, 2]
[2, 2, 6, 1, 2]
[2, 1, 2, 3, 2]
[1, 1, 2, 4, 1]
[2, 2, 5, 3, 2]
[1, 1, 2, 7, 2]
[2, 1, 2, 3, 2, 2]
[1, 2, 1, 2, 1]
[1, 1, 2, 2, 1]
[2, 1, 2, 1, 1]
[2, 1, 3, 1, 1]
[2, 5, 2, 2]
[2, 8, 3, 2]
[6, 2, 2, 1]
[5, 2, 3, 2]
[4, 2, 3, 1]
[4, 2, 2, 1]
[3, 1, 2, 2, 1]
[4, 1, 2, 2, 1]
[2, 2, 1, 2, 1, 1]
[2, 2, 2, 2, 1, 1]
[2, 4, 2, 2, 1, 1]
[12, 1, 1, 2]

left_values
[1]
[1]
[2]
[1, 1]
[1, 2, 2]
[2, 2, 3]
[1, 2, 2, 1]
[2, 2, 2, 1]
[1, 2, 3, 2, 2]
[6, 3, 10]
[2, 2, 17]
[2, 4, 8, 2]
[6, 4, 8, 1]
[1, 2, 5, 2, 3]
[2, 3, 2, 3, 2]
[10, 7]
[2, 3, 2, 5]
[2, 1, 2, 3]
[5, 2, 1, 2]
[4, 2, 1, 4]
[3, 1, 2, 4]
[2, 2, 6]
[2, 2, 3]
[2, 2]
[1, 2]
[1, 3, 9]
[2, 4, 7]
[23]
[2, 2, 3, 2]
[]
[]
[]
[]
[]
[]
[]
[]
[1, 1, 9]
[6, 3, 4, 1]
[20]
[2, 3]
[]
[]
[]
[]
