Puzzle number: 31662
width:  50
height:  11
solved_count:  2789
AVE_TIME:  '00:10:26'
ave_time_count:  1353

top_values
[1]
[5, 1]
[1, 3]
[4]
[1, 3]
[5, 1]
[1]
[1]
[]
[3]
[3]
[3]
[3]
[3]
[7]
[5]
[3]
[]
[]
[1]
[4]
[1, 1]
[1, 5, 1]
[2, 4]
[5]
[5]
[5]
[2, 4]
[1, 5, 1]
[1, 1]
[4]
[1]
[3]
[3]
[3]
[3]
[3]
[7]
[5]
[3]
[]
[5, 1]
[1, 1, 3, 1]
[3, 3]
[3, 1, 3]
[9]
[3, 1, 3]
[3, 3]
[1, 1, 3, 1]
[5, 1]

left_values
[3]
[5]
[1, 1, 7]
[1, 1, 1, 1, 1, 1, 1]
[1, 1, 1, 7, 1, 2, 3, 2]
[5, 2, 1, 3, 1, 2, 1, 1, 1, 1, 1]
[1, 1, 1, 8, 11, 8, 9]
[7, 8, 1, 7, 1, 8, 9]
[5, 1, 8, 1, 7, 1, 8, 1, 3, 1]
[1, 1, 2, 2, 1, 1, 2, 2, 1, 1]
[1, 1, 1, 2, 2, 1, 1, 1]
