Puzzle number: 31817
width:  35
height:  30
solved_count:  2152
AVE_TIME:  '00:32:32'
ave_time_count:  875

top_values
[2]
[1, 1]
[6, 1, 1]
[10, 3, 1]
[3, 7, 3]
[4, 9, 4]
[8, 6, 3]
[2, 4, 3, 3, 3, 3]
[2, 10, 8]
[9, 2, 5]
[4, 2, 3, 8]
[3, 2, 2, 6]
[8, 5, 6]
[4, 2, 3, 4]
[3, 1, 7, 7, 3]
[5, 1, 5, 7]
[20]
[19]
[7, 8]
[7, 12]
[3, 5, 5]
[3, 3, 11]
[7, 4, 9]
[4, 1, 2, 11]
[4, 3, 5, 6]
[2, 4, 2, 1, 3, 2]
[2, 3, 3, 9, 1]
[7, 2, 3, 1, 4]
[3, 3, 2, 2, 3]
[2, 4, 1, 9]
[15, 3]
[3, 6, 1, 2]
[2, 3, 1, 5]
[6, 7]
[11]

left_values
[6]
[9]
[4, 5]
[5, 6]
[2, 4, 4]
[2, 4, 4, 5]
[11, 2, 7]
[11, 2, 5, 4]
[4, 2, 6, 6, 5]
[3, 1, 1, 1, 7, 3, 3]
[6, 1, 6, 1, 3, 4]
[6, 2, 1, 4, 9, 1]
[5, 2, 1, 7, 2, 3, 2]
[3, 2, 1, 1, 1, 6, 1, 8]
[1, 3, 1, 1, 8, 1, 2, 6]
[1, 5, 1, 5, 1, 2, 1, 5]
[2, 2, 1, 6, 2, 1, 2, 4, 1]
[4, 4, 1, 3, 1, 1, 2, 2, 2, 1]
[3, 14, 1, 2, 1, 1, 5]
[1, 8, 1, 2, 1, 1, 2, 2, 2, 2]
[6, 6, 1, 4, 3, 2]
[12, 4, 9]
[2, 10, 3, 1, 1, 3]
[1, 8, 3, 1, 1, 2]
[1, 15, 5]
[18]
[2, 14]
[1, 7, 4]
[1, 6]
[5]
