Puzzle number: 32987
width:  35
height:  35
solved_count:  1242
AVE_TIME:  '00:37:42'
ave_time_count:  611

top_values
[2, 6, 5, 2]
[2, 2, 4, 1, 2]
[2, 2, 4, 2]
[2, 2, 4, 3]
[1, 1, 2, 4, 3]
[1, 2, 4, 4]
[3, 5, 4, 2]
[2, 5, 5, 4, 5]
[2, 6, 6, 4, 3]
[2, 7, 8, 12]
[1, 7, 9, 10]
[2]
[24]
[29]
[13]
[3, 5, 4, 8]
[4, 5, 4, 4]
[1, 5, 5, 6, 5]
[1, 5, 5, 6, 6]
[1, 5, 5, 6, 4, 2]
[1, 5, 5, 6, 2]
[1, 5, 5, 6, 2]
[1, 5, 4, 8, 1]
[1, 3, 4, 8]
[1, 3, 4, 8]
[3, 4, 8]
[2, 3, 7]
[1, 3, 6]
[3, 7, 2]
[2, 6, 4]
[1, 4, 5]
[6]
[7]
[6]
[1, 4]

left_values
[6, 3, 2, 8]
[4, 4, 2]
[3, 2, 6]
[7, 2, 2, 12]
[4, 3, 2, 13]
[1, 5, 2, 11]
[1, 6, 2, 7]
[2, 7, 2]
[2, 7, 2, 8, 1]
[2, 6, 2, 10]
[2, 2, 14]
[2, 4, 2, 15]
[2, 4, 2, 7, 4]
[2, 4, 2, 3]
[2, 4, 2, 2]
[2, 4, 2, 9]
[2, 3, 2, 12]
[1, 2, 2, 2, 14]
[1, 2, 2, 2, 15]
[2, 2, 1, 2, 15]
[1, 2, 2, 13]
[1, 2, 2, 9]
[2, 3, 9]
[2, 3, 1, 3]
[1, 2, 2, 1, 1]
[2, 2, 2, 2]
[3, 2, 2, 3, 3]
[4, 1, 2, 3, 2, 2, 4]
[2, 2, 2, 9, 4]
[2, 2, 7, 5]
[4, 5, 4]
[4, 3, 4]
[3, 2, 4]
[3, 2, 3]
[3, 2, 3]
