Puzzle number: 32983
width:  35
height:  35
solved_count:  1927
AVE_TIME:  '00:15:49'
ave_time_count:  1032

top_values
[2]
[2]
[1, 1]
[2, 1]
[2, 1, 2]
[2, 1, 2]
[2, 5]
[2, 5]
[2, 5]
[2, 5]
[2, 5]
[2, 4]
[2, 4]
[2, 3, 1]
[3, 3, 1, 4]
[3, 2, 2, 5]
[3, 2, 2, 3]
[3, 2, 1, 3, 6]
[2, 1, 1, 3, 6]
[3, 1, 2, 4, 3, 3]
[4, 2, 4, 2, 3]
[3, 7, 1, 3, 1]
[4, 7, 3, 1]
[4, 7, 3, 1]
[4, 3, 3, 3, 2]
[4, 1, 2, 1, 1]
[4, 3, 4]
[4, 1, 3, 6]
[5, 1, 3, 7]
[6, 10]
[6, 10]
[6, 10]
[6, 9]
[6, 9, 1]
[6, 8, 2]

left_values
[13]
[18]
[5, 12]
[2, 7, 10]
[14, 11]
[14, 11]
[9, 8]
[7, 8, 7]
[4, 7, 6]
[4, 8]
[5, 4]
[8, 2]
[16, 1]
[19]
[2, 9]
[6]
[7]
[8]
[8]
[9]
[9]
[9]
[3]
[]
[]
[]
[]
[3]
[3, 2]
[3, 2]
[1, 2, 4]
[2, 7]
[9]
[7, 2, 1]
[5, 4, 2]
