Puzzle number: 33011
width:  35
height:  35
solved_count:  1483
AVE_TIME:  '00:22:51'
ave_time_count:  738

top_values
[16, 7, 7]
[18, 6, 3]
[19, 7, 1, 2]
[3, 10, 6, 3]
[8, 6, 6, 2]
[13, 5, 1, 5, 2]
[14, 5, 4, 4, 1]
[11, 4, 6, 3]
[3, 2, 4, 2, 7, 3]
[4, 2, 8, 2]
[8, 2, 5, 1]
[16, 1, 4, 4]
[16, 11, 3]
[32]
[2, 30]
[1, 5, 8]
[1, 2, 4]
[1, 3]
[2, 8]
[3, 15]
[2, 2, 17]
[1, 3, 5, 9]
[3, 5, 10, 2]
[2, 5, 11, 3]
[3, 5, 11, 4]
[2, 3, 12, 5]
[3, 3, 10, 3]
[11, 7, 3]
[10, 6, 7]
[1, 9, 3, 6, 1]
[2, 3, 9, 7, 2]
[3, 5, 11, 3]
[4, 2, 1, 1, 7, 4]
[7, 1, 2, 1, 5]
[2, 8, 2, 7, 5]

left_values
[7, 2, 7, 2, 1, 1]
[7, 2, 4, 1, 1, 1]
[7, 2, 3, 2]
[3, 3, 1, 3, 4]
[3, 4, 4, 5, 3]
[3, 4, 5, 4, 5]
[3, 5, 5, 4, 5]
[3, 5, 5, 4, 1, 6]
[3, 3, 6, 2, 2, 2]
[3, 3, 6, 6, 2]
[4, 3, 5, 6, 2]
[4, 3, 5, 8, 1]
[4, 4, 5, 2, 7]
[4, 3, 5, 2, 5]
[5, 2, 5, 2, 5, 2]
[6, 1, 5, 3, 5, 2]
[6, 2, 4, 5, 1, 1]
[7, 2, 3, 1, 5, 1]
[10, 2, 4, 2, 2, 1]
[1, 8, 3, 3, 6, 2, 1]
[1, 2, 3, 3, 7, 2, 1]
[2, 4, 2, 8, 2, 1]
[3, 4, 4, 2, 7, 2, 1]
[3, 4, 4, 10, 3, 1]
[4, 4, 4, 10, 3, 1]
[5, 4, 3, 9, 3]
[4, 3, 3, 8, 3]
[4, 4, 4, 9, 4]
[1, 5, 3, 4, 8, 3]
[2, 4, 2, 4, 7, 1, 3]
[3, 4, 3, 3, 6, 2, 2, 2]
[2, 4, 2, 4, 4, 3, 1, 3]
[1, 2, 2, 2, 3, 3, 3, 2, 4]
[1, 4, 2, 2, 3, 3, 4, 2, 5]
[1, 4, 2, 1, 2, 3, 4, 1, 6]
