Puzzle number: 33013
width:  35
height:  35
solved_count:  2312
AVE_TIME:  '00:10:18'
ave_time_count:  1294

top_values
[6]
[]
[]
[]
[]
[]
[]
[]
[]
[]
[13]
[18]
[19]
[22]
[26]
[21]
[14]
[]
[6]
[2, 12, 2]
[3, 14, 4]
[2, 12, 7, 1]
[1, 2, 10, 10, 1]
[3, 2, 7, 13, 1]
[5, 3, 18, 1]
[6, 2, 23, 1]
[6, 23]
[2, 22]
[6, 5, 20]
[6, 1, 3, 19]
[5, 2, 1, 4, 16]
[5, 1, 3, 5, 14]
[4, 2, 5, 6, 11]
[4, 2, 5, 8, 10]
[4, 5, 8, 8]

left_values
[7, 5, 6]
[7, 4, 6]
[7, 4, 6]
[7, 3, 6]
[7, 3, 4]
[7, 2, 2, 2, 3]
[7, 4, 5]
[7, 3, 2, 4, 1]
[7, 2, 4, 2, 2, 1]
[7, 4, 1, 4]
[7, 5, 2, 2, 4]
[7, 6, 2, 2, 3]
[7, 6, 3, 2, 3]
[6, 6, 3, 2, 2]
[5, 6, 4, 3, 1]
[5, 5, 5, 4]
[5, 5, 6, 3]
[5, 4, 6, 4]
[4, 3, 6, 3]
[3, 3, 8, 3]
[3, 3, 8, 2]
[2, 2, 9, 2]
[1, 1, 10, 2]
[1, 1, 10, 1]
[1, 11, 1]
[1, 13]
[13]
[14]
[1, 15]
[1, 15]
[1, 16]
[1, 16]
[1, 11]
[1, 8]
[5, 6]
