Puzzle number: 3327
width:  20
height:  20
solved_count:  5211
AVE_TIME:  '00:13:12'
ave_time_count:  2319

top_values
[10]
[2, 4]
[2, 1, 4]
[2, 2, 4]
[2, 7, 4]
[3, 9, 4]
[1, 1, 10, 3]
[1, 2, 10, 2]
[1, 3, 2, 4, 2]
[1, 4, 1, 4, 1]
[1, 4, 1, 4, 1]
[2, 4, 2, 3, 1]
[2, 10, 2, 1]
[3, 10, 1, 1]
[4, 9, 3]
[4, 7, 2]
[4, 2, 2]
[4, 1, 2]
[4, 2]
[10]

left_values
[10]
[2, 5]
[7, 4]
[2, 4, 4]
[2, 2, 4, 4]
[2, 4, 4, 4]
[1, 6, 4, 3]
[1, 8, 4, 2]
[1, 4, 4, 1]
[1, 4, 4, 1]
[1, 4, 4, 1]
[1, 4, 4, 1]
[2, 4, 8, 1]
[3, 4, 6, 1]
[4, 4, 4, 2]
[4, 4, 2, 2]
[4, 4, 2]
[4, 7]
[5, 2]
[10]
