Puzzle number: 3356
width:  20
height:  25
solved_count:  3177
AVE_TIME:  '00:14:46'
ave_time_count:  1589

top_values
[1, 4]
[1, 5]
[8, 6]
[6, 4]
[6, 10, 3]
[6, 9, 1]
[7, 4, 3]
[11, 4]
[8, 1, 3]
[7, 1, 3]
[4, 3, 4]
[7, 3, 4]
[2, 1, 4, 3]
[6, 7, 3]
[6, 8, 3]
[6, 2, 5]
[1, 6, 6]
[1, 4, 5]
[5, 4]
[2]

left_values
[1]
[2]
[3]
[4, 6]
[1, 5, 5, 1]
[1, 5, 7, 1]
[2, 7, 6]
[3, 6, 6]
[3, 6, 5]
[4, 3, 1, 2]
[4, 3, 6]
[4, 3, 3]
[2, 1, 6]
[2, 1, 7]
[3, 10]
[3, 4, 7]
[1, 8, 6]
[3, 8, 6]
[4, 7, 4]
[6, 5]
[4, 1, 2]
[2, 1, 1]
[1]
[1]
[1]
