Puzzle number: 34463
width:  50
height:  40
solved_count:  1018
AVE_TIME:  '00:19:13'
ave_time_count:  438

top_values
[1]
[1]
[3]
[3]
[5]
[5]
[7]
[7]
[9]
[9]
[11]
[13]
[1]
[2]
[1]
[2]
[1]
[1, 4, 2]
[1, 3, 7, 1]
[14, 2, 14]
[15, 2, 1, 14]
[17, 3, 3]
[4, 8, 21]
[2, 8, 23]
[1, 11, 1, 3]
[12, 2, 14]
[11, 1, 14]
[12, 2]
[11, 1]
[12, 2]
[13, 1]
[1, 12, 2]
[13, 1]
[1, 8, 1, 2]
[5, 1]
[3, 2]
[3]
[6]
[11]
[10]
[11]
[10]
[11]
[10]
[11]
[10]
[11]
[10]
[4, 4]
[1, 1]

left_values
[3]
[7]
[5, 3]
[5, 4]
[4, 8]
[5, 8]
[3, 9]
[4, 11]
[18]
[19]
[19]
[18]
[17]
[16]
[1, 9, 3]
[2, 5, 3, 1, 1, 1, 1, 1, 1]
[4, 2, 2, 1, 12]
[6, 1, 2, 11]
[8, 1, 11]
[10, 3, 12]
[48]
[10, 1, 1, 1, 1, 3, 1, 1, 1, 1, 1, 13]
[8, 2, 12]
[6, 2, 12]
[4, 2, 12]
[2, 4, 12]
[1, 8]
[8]
[2, 2, 2]
[2, 2, 2]
[2, 2, 2]
[2, 2, 2]
[2, 2, 2]
[2, 2, 2]
[2, 2, 2]
[2, 2, 2]
[2, 2, 2]
[2, 2, 2]
[2, 2, 2]
[2, 2, 2]
