Puzzle number: 34494
width:  50
height:  50
solved_count:  331
AVE_TIME:  '01:04:10'
ave_time_count:  135

top_values
[4, 2, 2, 1]
[2, 2, 1, 1, 1, 1, 1, 2, 2, 1]
[3, 1, 3, 3, 3, 4, 2]
[2, 1, 1, 1, 1, 1, 1, 4, 1]
[3, 2, 2, 1]
[2, 1, 1, 1, 1, 1, 1, 1, 1, 3, 1]
[1, 3, 2, 3, 3, 2, 5, 2]
[2, 1, 1, 1, 1, 1, 1, 1, 5, 1]
[2, 1, 2, 2, 3, 1]
[1, 2, 2, 1, 1, 1, 1, 1, 2, 3, 2]
[2, 3, 1, 3, 3, 2, 6, 1]
[1, 2, 2, 1, 1, 1, 1, 1, 7]
[2, 3, 2, 2, 1]
[1, 2, 1, 1, 1, 1, 1, 3, 2, 3, 1]
[2, 3, 3, 3, 4, 6, 2]
[1, 2, 1, 1, 1, 1, 1, 3, 6, 1]
[2, 3, 1, 2, 1]
[1, 2, 1, 1, 1, 1, 1, 1, 2, 1, 1, 1]
[2, 3, 2, 3, 3, 3, 4, 1, 5]
[1, 2, 1, 1, 1, 1, 1, 1, 2, 4, 2, 9]
[2, 3, 1, 2, 1, 14]
[1, 2, 3, 1, 1, 1, 1, 2, 1, 22]
[2, 3, 4, 3, 3, 1, 12, 8]
[1, 2, 3, 1, 1, 1, 1, 2, 10, 7, 7]
[2, 3, 2, 2, 1, 2, 1, 4]
[1, 2, 1, 1, 1, 1, 1, 1, 1, 2, 1, 1, 4, 3]
[2, 3, 2, 3, 3, 2, 4, 2, 4]
[1, 4, 1, 1, 1, 1, 1, 2, 5, 1]
[2, 3, 3, 1, 1]
[1, 4, 1, 1, 1, 1, 2, 3, 2, 2]
[2, 3, 4, 3, 1, 6, 1]
[1, 4, 1, 1, 1, 1, 2, 1, 3, 1]
[2, 4, 1, 2, 1]
[5, 2, 1, 4, 4, 1]
[1, 4, 3, 3, 5, 1]
[5, 2, 1, 1, 2, 1, 1]
[5, 7, 1]
[4, 2, 2, 3, 2, 1]
[6, 1, 2, 3, 3, 1]
[5, 3, 6, 1]
[4, 3, 3, 1]
[5, 2, 3, 2, 1]
[5, 2, 5, 2]
[4, 2, 2, 2, 1]
[3, 2, 2, 1]
[2, 2, 5, 1]
[1, 2, 2, 2, 2]
[1, 1, 2, 2, 2]
[4, 2, 1]
[2, 4, 1, 2]

left_values
[1, 25, 1, 1, 7, 1]
[1, 1, 1, 1, 1, 1, 1, 1, 1, 1, 1, 1, 1, 1, 1, 8, 1]
[1, 1, 1, 10, 2]
[3, 1, 1, 1, 1, 1, 13, 2, 1]
[8, 1, 1, 1, 1, 1, 1, 1, 1, 17, 1, 3]
[37, 1, 4]
[2, 28, 3, 2, 2]
[1, 1, 3, 3, 2, 2, 2]
[1, 1, 3, 1, 1, 3, 3, 3, 3, 3, 1, 1, 5, 1]
[3, 1, 1, 1, 1, 1, 1, 3, 1, 1, 3, 2, 3, 2, 1]
[1, 1, 1, 3, 1, 1, 3, 1, 1, 3, 1, 2, 3, 2, 2]
[1, 1, 3, 3, 1, 1, 1, 1, 1, 1, 1, 1, 6, 2]
[1, 1, 1, 1, 1, 3, 1, 1, 3, 1, 1, 1, 3, 2, 2]
[3, 1, 1, 1, 1, 1, 1, 1, 1, 1, 3, 3, 2, 1, 2]
[1, 1, 1, 3, 1, 1, 3, 1, 1, 3, 2, 6, 1, 1]
[1, 1, 3, 3, 1, 1, 1, 1, 1, 1, 2, 2, 1]
[1, 1, 1, 1, 1, 3, 1, 1, 3, 1, 1, 1, 2, 3, 1]
[3, 1, 1, 1, 1, 1, 1, 1, 1, 3, 5, 1]
[1, 1, 1, 1, 3, 1, 1, 3, 1, 1, 2, 3, 1]
[2, 3, 3, 3, 1, 1, 2, 6, 1, 1]
[4, 3, 3, 1, 1, 2, 3, 4, 1]
[1, 10, 3, 3, 8, 1]
[4, 10, 5, 3, 2]
[7, 18, 3, 2]
[1, 8, 2, 2, 2, 5, 1]
[3, 23, 1]
[1, 1, 9, 7, 3]
[3, 1, 3, 1, 3, 3, 1]
[1, 3, 1, 1, 7, 1]
[1, 3, 1, 3, 1]
[1, 3, 1]
[4, 1]
[4, 1]
[4, 1]
[4, 1]
[4, 1]
[4, 1]
[4, 1]
[4, 1]
[4, 1]
[3, 1]
[3, 1]
[3, 1]
[4, 1]
[4, 1]
[3, 1]
[4, 1]
[3, 1]
[3, 1]
[3, 1]
