Puzzle number: 34503
width:  50
height:  50
solved_count:  560
AVE_TIME:  '00:21:15'
ave_time_count:  278

top_values
[]
[]
[]
[50]
[]
[50]
[50]
[50]
[31]
[7, 20, 2]
[9, 2, 2, 2, 2, 8]
[12, 3, 3, 3, 3, 14]
[13, 1, 1, 1, 1, 1, 1, 1, 1, 1, 1, 1, 1, 4]
[4, 6, 3, 3, 3, 3, 3, 3, 3]
[3, 2, 2, 2, 2, 2, 2, 1]
[7, 2, 2, 2, 2, 2, 2, 1]
[14, 3, 3, 3, 3, 3, 3, 3]
[16, 1, 1, 1, 1, 1, 1, 1, 1, 1, 1, 1, 1, 1]
[17, 1, 3, 3, 3, 3, 3, 3]
[17, 2, 2, 2, 2, 2, 2, 1]
[16, 2, 2, 2, 2, 2, 2, 1]
[6, 4, 2, 3, 3, 3, 3, 3, 3]
[5, 1, 1, 1, 1, 1, 1, 1, 1, 1, 1, 1, 1, 1, 1]
[5, 3, 3, 3, 3, 3, 3, 3]
[7, 2, 2, 2, 2, 2, 2, 1]
[8, 2, 2, 2, 2, 2, 2, 1]
[11, 3, 3, 3, 3, 3, 3, 3]
[12, 1, 1, 1, 1, 1, 1, 1, 1, 1, 1, 1, 1, 1]
[16, 3, 3, 3, 3, 3, 3]
[18, 2, 2, 2, 2, 2, 2, 1]
[8, 9, 1, 2, 2, 2, 2, 2, 1]
[6, 9, 3, 3, 3, 3, 3, 3]
[7, 5, 1, 1, 1, 1, 1, 1, 1, 1, 1, 1, 1, 1]
[7, 3, 3, 3, 3, 3, 3, 3]
[7, 2, 2, 2, 2, 2, 2, 1]
[9, 2, 2, 2, 2, 2, 2, 1]
[9, 3, 3, 3, 3, 3, 3, 3]
[11, 1, 1, 1, 1, 1, 1, 1, 1, 1, 1, 1, 1, 1, 1]
[12, 3, 3, 3, 3, 3, 3, 3]
[13, 2, 2, 2, 2, 2, 2, 1]
[14, 2, 2, 2, 2, 2, 2, 1]
[18, 3, 3, 3, 3, 3, 3]
[19, 1, 1, 1, 1, 1, 1, 1, 1, 1, 1, 1, 1]
[20, 3, 3, 3, 3, 3, 3]
[11, 7, 2, 2, 2, 2, 2, 1]
[10, 3, 2, 2, 2, 2, 2, 1]
[9, 3, 3, 3, 3, 3, 3]
[11, 1, 1, 1, 1, 1, 1, 1, 1, 1, 1, 1, 1]
[12, 3, 3, 3, 3, 3, 3]
[50]

left_values
[1, 3, 41]
[1, 3, 41]
[1, 3, 41]
[1, 3, 5, 35]
[1, 3, 4, 35]
[1, 3, 4, 7, 26]
[1, 3, 5, 6, 7, 18]
[1, 3, 4, 5, 6, 15]
[1, 3, 4, 5, 4, 15]
[1, 3, 3, 5, 4, 9, 3]
[1, 3, 3, 6, 5, 8, 3]
[1, 4, 3, 6, 5, 6, 2]
[1, 4, 1, 6, 4, 5, 1]
[1, 4, 6, 4, 4, 1]
[1, 4, 4, 4, 4, 1]
[1, 5, 4, 5, 4, 1]
[1, 5, 3, 1, 2, 2, 1, 5, 3, 4, 1]
[1, 5, 1, 1, 1, 1, 1, 1, 5, 1, 1, 5, 1]
[1, 5, 3, 3, 3, 2, 4, 3, 4, 1]
[1, 6, 2, 2, 2, 1, 2, 2, 2, 3, 1]
[1, 6, 2, 2, 2, 2, 2, 2, 1, 1]
[1, 5, 3, 3, 3, 3, 3, 3, 3, 4]
[1, 5, 1, 1, 1, 1, 1, 1, 1, 1, 1, 1, 1, 1, 1, 1, 1, 2]
[1, 5, 3, 3, 3, 3, 3, 3, 3, 4]
[1, 6, 2, 2, 2, 2, 2, 2, 2, 1]
[1, 6, 2, 2, 2, 2, 2, 2, 2, 1]
[1, 5, 3, 3, 3, 3, 3, 3, 3, 4]
[1, 5, 1, 1, 1, 1, 1, 1, 1, 1, 1, 1, 1, 1, 1, 1, 1, 2]
[1, 5, 3, 3, 3, 3, 3, 3, 3, 4]
[1, 6, 2, 2, 2, 2, 2, 2, 2, 1]
[1, 6, 2, 2, 2, 2, 2, 2, 2, 1]
[1, 5, 3, 3, 3, 3, 3, 3, 3, 4]
[1, 5, 1, 1, 1, 1, 1, 1, 1, 1, 1, 1, 1, 1, 1, 1, 1, 2]
[1, 5, 3, 3, 3, 3, 3, 3, 3, 4]
[1, 6, 2, 2, 2, 2, 2, 2, 2, 1]
[1, 4, 1, 2, 2, 2, 2, 2, 2, 2, 1]
[1, 4, 3, 3, 3, 3, 3, 3, 3, 4]
[1, 5, 1, 1, 1, 1, 1, 1, 1, 1, 1, 1, 1, 1, 1, 1, 1, 2]
[1, 9, 3, 3, 3, 3, 3, 3, 4]
[1, 4, 2, 2, 2, 2, 2, 2, 2, 2, 1]
[1, 4, 2, 2, 2, 2, 2, 2, 2, 2, 1]
[1, 4, 4, 3, 3, 3, 3, 3, 3, 4]
[1, 3, 2, 1, 1, 1, 1, 1, 1, 1, 1, 1, 1, 1, 1, 1, 1, 2]
[1, 3, 4, 3, 3, 3, 3, 3, 3, 4]
[1, 3, 2, 2, 2, 2, 2, 2, 2, 2, 1]
[1, 3, 2, 2, 2, 2, 2, 2, 2, 2, 1]
[1, 3, 3, 3, 3, 3, 3, 3, 3, 4]
[1, 3, 3, 1, 1, 1, 1, 1, 1, 1, 1, 1, 1, 1, 1, 1, 2]
[1, 3, 3, 3, 3, 3, 3, 3, 3, 4]
[1, 3, 2, 2, 2, 2, 2, 2, 2, 2, 1]
