Puzzle number: 34544
width:  50
height:  50
solved_count:  342
AVE_TIME:  '01:01:23'
ave_time_count:  146

top_values
[5, 5, 14]
[4, 4, 6, 4]
[4, 4, 5, 4]
[4, 5, 5, 4, 1]
[6, 5, 5, 5, 3]
[3, 8, 6, 6, 6, 4]
[21, 7, 6, 4]
[20, 7, 11]
[5, 21, 11]
[3, 5, 12, 4, 3]
[3, 4, 12, 4, 2]
[4, 4, 13, 5, 2]
[6, 4, 4, 11, 2]
[7, 3, 3, 9, 3]
[7, 3, 3, 9, 4]
[6, 4, 3, 10, 4]
[7, 6, 3, 10, 3]
[15, 4, 5, 4, 4]
[1, 13, 4, 5, 10]
[13, 6, 6, 10]
[27, 4, 4]
[5, 19, 3, 3]
[4, 6, 8, 4, 2]
[4, 4, 4, 4, 2]
[5, 3, 4, 4, 2]
[4, 4, 4, 5, 2]
[3, 5, 11, 3]
[4, 7, 12, 3]
[5, 9, 14, 3]
[19, 9, 4, 4]
[20, 9, 8]
[14, 9, 3, 8]
[4, 7, 7, 2, 8, 1]
[4, 5, 7, 2, 3, 6]
[4, 4, 5, 2, 3, 5]
[3, 4, 4, 3, 3, 5]
[2, 3, 5, 2, 3, 3]
[1, 4, 6, 3, 4, 3]
[1, 14, 8, 3]
[1, 11, 4, 9, 4]
[1, 4, 6, 4, 10, 4]
[4, 3, 7, 4, 5]
[4, 2, 5, 11]
[7, 2, 3, 7, 3]
[7, 3, 2, 3, 3]
[8, 3, 2, 3, 2]
[3, 3, 2, 3, 4, 2]
[2, 2, 2, 3, 3]
[2, 3, 2, 2, 3]
[3, 2, 3, 2, 2]

left_values
[2, 5, 8, 2]
[2, 5, 5, 3]
[3, 6, 7, 4]
[2, 7, 8, 3]
[3, 9, 9, 3]
[16, 9, 4]
[11, 16, 8]
[14, 9, 4, 9]
[9, 9, 4, 4, 1]
[8, 8, 5, 4]
[9, 11, 7, 4]
[1, 17, 12]
[16, 12]
[7, 6, 14]
[5, 6, 8, 4, 2]
[5, 14, 4, 6]
[6, 12, 11]
[9, 11, 9]
[9, 4, 6, 5]
[10, 4, 13]
[12, 5, 11]
[1, 15, 9]
[14, 9]
[15, 4, 3]
[5, 4, 4, 2]
[5, 3, 5, 8]
[6, 5, 4, 10]
[1, 7, 12, 3, 4]
[13, 13, 2, 1]
[32, 3]
[23, 11, 3]
[8, 12, 16]
[7, 9, 5, 6]
[2, 6, 5, 4]
[1, 5, 5, 3]
[1, 6, 6, 3, 4]
[6, 8, 7, 5, 5]
[30, 12]
[13, 9, 5, 13]
[12, 6, 10, 4]
[1, 6, 3, 7, 2]
[4, 2, 4, 2]
[3, 3, 3, 2]
[2, 5, 4, 3]
[2, 7, 6, 3]
[4, 9, 10, 4]
[11, 12, 13, 3]
[11, 8, 17]
[3, 7, 6]
[3, 4]
