Puzzle number: 35052
width:  50
height:  50
solved_count:  4009
AVE_TIME:  '00:05:01'
ave_time_count:  2031

top_values
[4]
[4]
[3]
[3]
[3]
[3]
[4]
[4, 1]
[4, 2]
[4, 1]
[5]
[4]
[3]
[3]
[4]
[4]
[4]
[4, 1]
[3, 2]
[5]
[3]
[4]
[4]
[4]
[4]
[3]
[3]
[3]
[3]
[4]
[4]
[4]
[4]
[3]
[3]
[3]
[4]
[4]
[4]
[4]
[3]
[3]
[3]
[3]
[3]
[3]
[3]
[3]
[3]
[2]

left_values
[]
[]
[]
[]
[]
[]
[]
[]
[]
[]
[]
[]
[]
[]
[]
[]
[]
[]
[]
[]
[]
[]
[]
[]
[]
[]
[]
[]
[]
[]
[]
[]
[]
[]
[]
[]
[]
[]
[]
[]
[]
[2]
[10]
[18]
[25]
[27]
[2, 26]
[3, 1, 28]
[2, 2, 21]
[2, 14]
