Puzzle number: 35099
width:  50
height:  50
solved_count:  1337
AVE_TIME:  '01:10:11'
ave_time_count:  523

top_values
[1, 2, 5, 2]
[2, 1, 1, 1, 13]
[1, 1, 1, 1, 7, 3, 1, 1]
[1, 3, 1, 1, 2, 1, 1, 1]
[1, 2, 2, 1, 9, 1, 1, 1]
[2, 4, 1, 1, 1, 1]
[5, 1, 1, 1, 1, 1]
[1, 1, 1, 1, 1, 1]
[1, 1, 1, 1, 1]
[1, 1, 18, 1, 1]
[1, 1, 1, 5, 2, 1, 1]
[5, 2, 1, 3, 1, 1, 2]
[2, 3, 1, 2, 1, 1, 2]
[1, 2, 2, 1, 1, 2, 1, 1, 2]
[1, 3, 1, 1, 2, 1, 1, 2]
[1, 1, 2, 1, 2, 1, 1, 2]
[1, 2, 1, 2, 1, 1, 2]
[1, 2, 1, 2, 11, 1, 2]
[1, 2, 1, 2, 1, 1, 2]
[1, 2, 2, 1, 2, 1, 1, 3]
[2, 1, 2, 2, 1, 2, 1, 1, 1, 2]
[1, 1, 1, 1, 2, 2, 1, 2, 2, 1, 4]
[1, 1, 1, 2, 1, 2, 1, 5, 1, 1, 4]
[1, 1, 1, 2, 1, 2, 1, 2, 7, 1, 1, 1, 2]
[1, 1, 1, 2, 1, 2, 1, 2, 1, 1, 3]
[1, 1, 1, 1, 1, 2, 1, 1, 1, 1, 2]
[2, 2, 2, 1, 1, 2, 1, 1, 2]
[2, 2, 2, 1, 2, 1, 1, 2]
[1, 3, 1, 3, 1, 1, 2]
[1, 4, 1, 2, 1, 1, 2]
[3, 2, 1, 2, 13, 1, 2]
[10, 2, 1, 2, 1, 1, 2]
[3, 1, 1, 2, 1, 1, 2]
[2, 1, 2, 1, 1, 2]
[2, 1, 2, 1, 1, 1]
[1, 2, 3, 1, 1]
[1, 1, 3, 2, 1]
[3, 20, 1]
[9, 1, 13, 2, 1]
[9, 3, 1, 2, 1, 1]
[3, 1, 2, 1, 1]
[2, 1, 2, 1, 1]
[2, 1, 2, 2, 1]
[2, 1, 1, 2, 1]
[2, 1, 2, 12, 1]
[16, 1, 6, 3, 1]
[2, 1, 2, 2, 1]
[2, 1, 2, 3]
[2, 2, 2, 2]
[2, 5, 2]

left_values
[3, 2, 2, 5, 6, 2, 1]
[2, 1, 1, 3, 4, 2, 1, 1]
[1, 1, 7, 2, 1, 1]
[1, 1, 1, 1, 1]
[2, 2, 6, 1, 1, 1]
[3, 2, 1, 2, 1, 1, 1]
[2, 2, 1, 5, 1, 1, 1, 1]
[2, 2, 2, 3, 1, 1, 2, 1]
[2, 2, 2, 1, 2, 2, 1]
[1, 2, 5, 2, 1, 1]
[1, 2, 2, 3, 2, 1, 1]
[26, 2, 1, 1]
[14, 1, 1]
[8, 4, 1]
[13]
[12]
[5]
[21, 1]
[1, 6]
[1, 9]
[1, 3]
[3, 15, 7]
[1, 29, 5]
[1, 3, 1, 17, 2]
[1, 2, 1, 1, 10, 1]
[2, 2, 1, 2, 6]
[3, 1, 1, 2, 5]
[2, 1, 1, 1, 1, 2, 1, 1]
[1, 1, 1, 1, 1, 2, 1]
[1, 1, 1, 1, 1, 1, 2, 2]
[1, 1, 1, 1, 1, 1, 2, 2]
[1, 1, 1, 1, 1, 1, 2, 1]
[1, 1, 1, 1, 1, 1, 2, 1]
[1, 1, 1, 1, 1, 2, 1]
[1, 1, 1, 1, 1, 2, 1]
[1, 1, 1, 1, 2, 1]
[1, 1, 1, 1, 1, 1]
[2, 1, 1, 1, 1, 1]
[2, 2, 1, 1, 1, 3, 2]
[48]
[1, 8]
[3]
[17]
[6, 10]
[]
[]
[4]
[1, 2, 1]
[23]
[45]
