Puzzle number: 3604
width:  40
height:  15
solved_count:  3700
AVE_TIME:  '00:10:59'
ave_time_count:  1950

top_values
[7]
[11]
[12]
[6, 3]
[3, 3]
[3, 4]
[2, 5]
[11]
[10]
[3]
[5]
[10]
[12]
[6, 3]
[3, 3]
[3, 4]
[2, 6]
[12]
[10]
[6]
[2]
[3, 3]
[3, 5]
[2, 6]
[1, 6]
[1, 5]
[9]
[7]
[6]
[5, 2]
[4, 3]
[4]
[3, 1, 1]
[3, 2]
[3, 1]
[3]
[3]
[3]
[2]
[1]

left_values
[2, 2, 2]
[6, 6, 10, 8]
[4, 2, 4, 2, 3, 5, 6]
[4, 2, 3, 3, 2, 5, 5]
[3, 3, 3, 3, 5]
[4, 3, 3, 3, 4, 4]
[4, 3, 3, 3, 4, 2, 1]
[3, 2, 3, 3, 4, 4]
[3, 3, 3, 4, 4, 3]
[3, 3, 3, 3, 5]
[3, 4, 3, 4, 4]
[3, 3, 3, 3, 4]
[6, 7, 5]
[5, 6, 4]
[2, 2]
