Puzzle number: 36129
width:  50
height:  50
solved_count:  566
AVE_TIME:  '01:36:22'
ave_time_count:  188

top_values
[3, 1, 1, 2, 3, 3, 2]
[2, 1, 1, 1, 3, 4, 3]
[4, 2, 2, 4, 5, 4]
[3, 1, 2, 5, 9, 5]
[5, 2, 1, 2, 3, 3, 5, 3]
[5, 2, 2, 3, 4, 3, 4, 1]
[2, 6, 2, 2, 3, 3, 3, 5]
[3, 6, 1, 2, 2, 6, 4]
[3, 5, 2, 2, 2, 6, 5]
[2, 4, 2, 2, 3, 3, 3, 3]
[2, 2, 5, 2, 2, 2, 3, 4]
[4, 4, 4, 2, 2, 3, 3, 5]
[2, 3, 6, 2, 7, 5]
[3, 3, 6, 3, 5, 5]
[3, 3, 3, 5, 3, 4, 4]
[2, 3, 3, 4, 4, 3, 3]
[2, 3, 3, 4, 4, 4]
[4, 5, 3, 12, 5]
[3, 3, 4, 12, 3]
[5, 4, 5, 11]
[2, 4, 27]
[3, 5, 23]
[6, 6, 15]
[5, 11, 10]
[8, 9, 6]
[3, 7, 14]
[5, 4, 8, 10]
[4, 8, 23]
[5, 3, 18]
[5, 27]
[7, 21]
[6, 4, 16]
[5, 10, 15, 1]
[7, 36, 2]
[8, 29, 3]
[7, 4, 13, 4]
[6, 3, 14, 7]
[7, 15, 7]
[4, 17, 8]
[2, 2, 18, 8, 3]
[4, 1, 18, 2, 4, 4]
[2, 19, 3, 4, 5]
[3, 22, 3, 4, 6]
[2, 25, 3, 4, 6]
[2, 25, 3, 13]
[21, 4, 2, 3, 6]
[2, 2, 13, 4, 3, 2, 5]
[3, 2, 13, 2, 2, 3, 5]
[2, 1, 2, 1, 8, 3, 2, 2, 2, 2]
[1, 7, 3, 1, 3, 2, 2]

left_values
[2, 2, 1, 2, 1, 2]
[2, 2, 1, 1, 2, 1, 1, 2]
[2, 1, 2, 1, 2, 2, 1, 2, 2]
[1, 2, 2, 2, 2, 2, 2, 1, 2]
[1, 2, 2, 2, 1, 1, 1, 3, 1, 1, 1, 1]
[2, 2, 1, 1, 2, 2, 1, 3, 1, 2, 1]
[3, 2, 2, 2, 1, 1, 2, 1, 4, 7]
[5, 1, 1, 2, 1, 2, 2, 3, 1, 4, 1]
[6, 1, 2, 1, 1, 2, 3, 2, 3, 1]
[8, 2, 1, 2, 2, 1, 3, 2, 2, 4, 1, 1]
[5, 1, 2, 1, 2, 2, 2, 3, 1, 7]
[4, 2, 2, 1, 1, 2, 2, 3, 6]
[5, 1, 2, 1, 2, 1, 1, 2, 2, 6]
[3, 4, 2, 1, 2, 2, 1, 2, 2, 2, 9]
[3, 4, 1, 1, 1, 1, 2, 2, 2, 2, 9]
[2, 2, 2, 2, 2, 1, 2, 1, 2, 1, 10]
[2, 2, 1, 1, 2, 1, 1, 1, 2, 1, 11]
[1, 3, 2, 2, 2, 1, 1, 1, 1, 4, 11]
[3, 2, 2, 1, 1, 2, 1, 1, 7, 11]
[2, 5, 2, 1, 2, 2, 1, 7, 12]
[1, 3, 4, 1, 2, 1, 1, 1, 5, 11]
[2, 2, 3, 2, 1, 1, 1, 2, 4, 10]
[4, 2, 3, 1, 1, 1, 2, 1, 3, 10]
[5, 2, 3, 1, 1, 2, 2, 2, 3, 9]
[5, 2, 2, 3, 1, 2, 1, 3, 8, 2]
[2, 3, 2, 3, 2, 1, 2, 1, 3, 14]
[1, 3, 2, 2, 2, 1, 1, 1, 3, 14]
[2, 2, 2, 2, 3, 1, 2, 1, 15]
[2, 1, 2, 2, 3, 1, 2, 1, 14]
[1, 2, 2, 2, 2, 2, 2, 2, 2, 12]
[2, 2, 2, 3, 2, 2, 2, 1, 2, 11]
[4, 2, 1, 8, 2, 1, 2, 9, 1, 1]
[4, 3, 2, 7, 2, 14, 2, 1]
[5, 3, 1, 7, 2, 13, 3, 3]
[9, 2, 6, 1, 12, 3, 2]
[2, 9, 6, 1, 12, 2, 2, 1]
[2, 3, 4, 6, 2, 11, 2, 2, 2]
[2, 2, 4, 6, 2, 10, 2, 2, 3]
[2, 1, 3, 6, 1, 10, 2, 6]
[3, 2, 1, 5, 1, 9, 2, 7]
[2, 2, 2, 6, 10, 9, 1]
[2, 2, 1, 5, 9, 6, 1, 2]
[1, 2, 3, 2, 4, 9, 6, 5]
[2, 2, 2, 1, 4, 9, 5, 5]
[2, 2, 3, 2, 13, 4, 8]
[3, 3, 2, 2, 13, 4, 9]
[2, 2, 3, 1, 13, 3, 8]
[3, 2, 3, 2, 11, 3, 7]
[2, 2, 3, 2, 10, 4, 6]
[3, 2, 2, 1, 10, 3, 4]
