Puzzle number: 36145
width:  50
height:  50
solved_count:  1120
AVE_TIME:  '00:12:11'
ave_time_count:  538

top_values
[2, 1, 2, 3]
[2, 2, 2, 4]
[1, 1, 1, 5]
[1, 1, 2, 2]
[1, 1, 2]
[1, 1, 3]
[3]
[3]
[2]
[2]
[1]
[1]
[3]
[3]
[2]
[2]
[3]
[3]
[3]
[3]
[2]
[2, 1]
[3]
[2]
[2]
[2, 2]
[3, 2]
[3, 2]
[3, 3]
[4]
[4]
[4]
[4]
[4]
[3, 4]
[3, 5]
[3, 5]
[8, 6]
[9, 6]
[12, 6]
[12, 6]
[9, 6]
[3, 6]
[2, 5]
[3, 6]
[2, 7]
[2, 7]
[7]
[8]
[7]

left_values
[4]
[4]
[3]
[]
[]
[]
[]
[]
[3]
[2, 2]
[2]
[5]
[6, 1]
[13]
[13]
[8]
[5]
[5]
[5]
[4]
[2]
[]
[]
[2]
[5]
[]
[]
[4]
[2]
[]
[]
[]
[]
[]
[]
[]
[]
[]
[]
[]
[4]
[8]
[3, 4, 2]
[3, 8, 5]
[3, 6, 13]
[2, 8, 15]
[1, 6, 21]
[1, 5, 22]
[28]
[22, 5]
