Puzzle number: 36160
width:  50
height:  50
solved_count:  484
AVE_TIME:  '01:10:30'
ave_time_count:  148

top_values
[3, 1, 1, 1, 2, 3, 2]
[2, 1, 1, 8, 2, 2]
[2, 2, 1, 1, 27, 2]
[5, 1, 1, 2, 17, 4, 2]
[1, 3, 1, 37, 1]
[1, 2, 37, 1]
[1, 4, 2, 1, 1, 1, 1, 1]
[2, 5, 1, 1, 2, 1, 1]
[2, 3, 2, 1, 2, 2, 3, 1]
[2, 2, 1, 2, 6, 2, 4, 1]
[1, 2, 2, 1, 2, 2, 3, 4, 1]
[1, 1, 1, 1, 2, 1, 1, 1, 4, 1]
[4, 3, 1, 1, 2, 2, 1, 4, 1]
[2, 2, 5, 1, 1, 2, 6, 1, 4, 1]
[1, 7, 1, 2, 2, 1, 1, 4, 1]
[1, 7, 2, 2, 3, 5, 1]
[1, 2, 3, 3, 2, 4, 5, 1]
[9, 3, 7, 4, 5]
[3, 3, 1, 2, 1, 2, 1, 5, 1]
[1, 4, 1, 2, 2, 2, 1, 1, 3, 1]
[1, 5, 1, 3, 5, 1, 1, 1]
[2, 2, 3, 1, 14, 1, 1, 1]
[2, 1, 3, 1, 1, 1, 3, 1, 1]
[2, 4, 1, 1, 1, 3, 1, 1, 1]
[1, 2, 2, 1, 1, 3, 3, 1, 1]
[1, 3, 1, 10, 6, 1, 1]
[1, 6, 5, 2, 3, 12, 1, 1]
[1, 2, 33, 1, 1]
[2, 34, 1, 1]
[2, 34, 1]
[2, 8, 24, 1, 1]
[2, 5, 2, 1]
[1, 7, 1, 1]
[1, 4, 1, 1]
[1, 6, 2, 2]
[2, 2, 3, 1, 2]
[2, 5, 2, 1, 2]
[1, 5, 28, 2]
[1, 2, 2, 21, 2]
[1, 2, 3, 1, 2]
[1, 2, 3, 1, 2]
[1, 12, 2, 2]
[1, 2, 16, 2, 2]
[1, 2, 2, 2, 17, 2]
[1, 1, 2, 2, 2, 4, 4, 1, 2]
[1, 3, 2, 2, 3, 1, 1, 1, 1]
[1, 3, 2, 1, 2, 1, 1, 1]
[1, 5, 4, 9, 1, 1, 1]
[1, 2, 3, 6, 9, 1, 2, 1]
[2, 4, 2, 2, 3, 2, 1, 2, 1]

left_values
[1, 7]
[2, 1, 7, 1]
[5, 12, 15]
[5, 1, 2, 16]
[5, 2, 2, 4]
[3, 6, 5]
[3, 5, 4]
[1, 2, 4, 1, 2, 1, 1]
[3, 2, 6, 2, 1, 1, 1, 1, 2, 2, 2]
[3, 11, 2, 2, 1, 2, 2, 2, 1, 1]
[2, 2, 11, 2, 4, 2, 2, 5]
[4, 1, 3, 9, 7, 2, 3, 7]
[6, 31]
[2, 17]
[2, 4, 2, 7, 4, 2]
[2, 4, 1, 2]
[3, 5, 1, 2]
[4, 3, 5, 2, 2]
[4, 5, 2, 2]
[4, 4, 1, 2, 2]
[4, 4, 1, 2, 2]
[4, 4, 1, 2, 2]
[4, 4, 1, 1, 2]
[4, 5, 2, 8]
[4, 15, 2, 8]
[4, 8, 4, 2, 1]
[4, 9, 4, 2, 1]
[10, 12, 2, 8]
[4, 10, 6, 2, 3, 3]
[4, 8, 2, 6, 2, 1, 3]
[6, 4, 1, 1, 1, 1, 4, 2, 1, 2]
[9, 1, 1, 1, 1, 4, 2, 1, 2]
[5, 1, 1, 1, 1, 6, 2, 2, 2]
[3, 2, 1, 1, 1, 1, 7, 2, 3, 2]
[3, 2, 1, 1, 1, 7, 2, 7]
[2, 2, 1, 1, 7, 2, 7]
[2, 2, 4, 6, 2, 1]
[2, 2, 6, 5, 2, 1]
[1, 2, 4, 17, 2, 7]
[1, 2, 3, 3, 11, 2, 2]
[4, 21, 2, 7]
[1, 4, 6, 2, 2, 2]
[6, 16, 6, 2, 3]
[6, 11, 7, 12]
[16, 8]
[2, 11]
[7, 6, 1]
[]
[4, 16]
[17, 27]
