Puzzle number: 36207
width:  50
height:  50
solved_count:  644
AVE_TIME:  '00:35:16'
ave_time_count:  242

top_values
[2, 12, 6]
[2, 1, 9, 6]
[3, 1, 1, 3, 6]
[2, 1, 2, 3, 6]
[1, 2, 2, 2, 7]
[1, 2, 2, 2, 7]
[1, 2, 1, 2, 8]
[1, 1, 1, 2, 7]
[2, 1, 2, 2, 6]
[2, 2, 1, 1, 4]
[2, 2, 1, 1, 3]
[2, 1, 2, 2]
[6, 2, 1, 1]
[6, 1, 2]
[5, 2, 2]
[3, 2, 1]
[3, 3, 2, 2]
[3, 3, 1, 4]
[2, 2, 2, 3]
[1, 2, 2, 2]
[1, 2, 2, 3]
[1, 1, 2, 2]
[1, 2, 1, 2, 2]
[1, 2, 2, 2, 2]
[1, 1, 1, 2, 2]
[2, 2, 2, 1, 1]
[1, 2, 2, 1, 1]
[1, 1, 2, 2]
[2, 2, 2, 1]
[2, 1, 1, 1]
[1, 1, 2]
[31, 2]
[39]
[50]
[1, 2, 3, 2, 2, 3, 14]
[3, 3, 4, 3, 3, 4, 3, 2]
[2, 2, 2, 3, 2, 2, 3, 2]
[3, 1, 2]
[3]
[]
[]
[]
[]
[14]
[21, 1]
[1, 1, 1, 29, 3]
[1, 18]
[1, 10]
[2, 1, 2]
[2, 1, 2]

left_values
[2, 4, 5, 2]
[3, 3, 5, 3, 2, 7]
[4, 3, 6, 2, 2, 2]
[15, 4, 4, 2]
[1, 10, 5, 5, 2]
[7, 7, 4, 3, 1, 3, 2]
[1, 7, 4, 6, 2, 2]
[2, 4, 4, 3, 1, 2]
[6, 6, 4, 4, 2]
[2, 6, 5, 4, 4, 2, 2]
[2, 4, 7, 9, 2, 2]
[4, 4, 6, 4, 1, 2]
[6, 4, 5, 3, 1, 3]
[9, 5, 3, 3, 2, 2]
[2, 5, 5, 3, 2, 1]
[2, 5, 4, 1, 2]
[4, 5, 2, 2]
[3, 1, 1, 2]
[3, 2, 1, 2]
[3, 1, 2]
[3, 1, 2]
[3, 1]
[3, 1, 1]
[4, 2]
[5, 1]
[3, 1, 1]
[3, 2, 1]
[3, 1, 1]
[4, 1]
[4, 1]
[5, 1]
[2, 1, 1]
[3, 1, 2]
[3, 2, 2]
[2, 1, 2]
[2, 2]
[2, 3, 2]
[2, 3, 2]
[4, 4, 2]
[4, 4, 2]
[5, 4, 3]
[6, 2, 1, 3]
[5, 2, 3]
[6, 2, 3]
[5, 3, 2]
[5, 2, 4, 2]
[6, 2, 2, 1, 2]
[6, 2, 2, 3]
[6, 3, 2, 1, 3]
[7, 2, 2, 1, 3]
