Puzzle number: 36215
width:  50
height:  50
solved_count:  574
AVE_TIME:  '00:44:06'
ave_time_count:  204

top_values
[2, 2, 2, 2]
[2, 2, 2, 2]
[2, 2, 3, 2]
[2, 2, 4, 2, 1]
[2, 2, 5, 6]
[2, 3, 14]
[3, 2, 12, 1]
[2, 6, 5, 1]
[2, 7, 3, 1]
[3, 6, 1, 3]
[2, 5, 2, 3]
[1, 2, 2, 2, 2]
[2, 3, 2, 2, 1]
[2, 3, 2, 2, 2]
[2, 3, 2, 2, 2]
[2, 2, 2, 1, 2]
[8, 2, 2, 2, 2, 2]
[11, 2, 2, 2, 2, 1]
[31, 2, 2, 1]
[9, 20, 2, 2, 1]
[5, 8, 1, 4, 2, 2, 1]
[2, 2, 1, 4, 2, 2, 1]
[2, 2, 2, 1, 3, 2, 2, 2]
[2, 1, 2, 2, 2]
[2, 1, 2, 2, 2]
[2, 2, 2, 2, 1]
[1, 2, 2, 1, 1]
[1, 2, 2, 1, 1]
[1, 2, 2, 1]
[2, 3, 2, 2]
[2, 3, 2, 2]
[13, 2, 2, 1, 3, 1]
[25, 3, 2, 7, 1]
[27, 2, 7, 3]
[3, 4, 14]
[2, 7, 8]
[10, 8]
[4, 1, 6]
[1, 3]
[]
[]
[]
[]
[]
[]
[]
[]
[]
[]
[]

left_values
[4, 2]
[4, 3]
[4, 3]
[4, 1, 3]
[4, 1, 3]
[4, 3]
[6, 3]
[7, 3]
[4, 1, 3]
[2, 1, 3]
[2, 1, 3]
[2, 3]
[2, 3]
[2, 2]
[4, 2]
[5, 3]
[3, 1, 3]
[3, 2]
[4, 2]
[3, 1, 2]
[3, 2]
[3, 2]
[2, 2]
[6, 2]
[9, 2]
[5, 2, 2]
[5, 2, 6]
[4, 2, 7]
[4, 8, 4, 3]
[5, 11, 2, 2]
[3, 6, 11, 3]
[1, 6, 6, 3]
[6, 5]
[9, 8]
[5, 10, 6, 3]
[4, 4, 18, 2]
[1, 4, 6, 2]
[7, 2]
[7, 3, 3]
[7, 4, 4]
[6, 22]
[5, 19]
[6, 5]
[7, 5]
[13, 4, 4]
[5, 18, 4]
[7, 4, 4]
[2, 2, 6]
[2, 5, 6]
[6, 2, 7]
