Puzzle number: 36358
width:  20
height:  20
solved_count:  5527
AVE_TIME:  '00:08:03'
ave_time_count:  2461

top_values
[1]
[1, 2]
[1, 1, 2]
[15, 3]
[2, 1, 1]
[2, 1, 1]
[2, 1, 1]
[2, 2, 1, 1]
[2, 2, 1, 1]
[2, 2, 1, 1]
[2, 2, 2, 1, 1]
[2, 2, 2, 1, 1]
[2, 2, 2, 1, 1]
[2, 2, 2, 2, 1, 1]
[2, 2, 2, 2, 1, 1]
[2, 2, 2, 3, 1]
[2, 2, 2, 2, 2, 2]
[2, 2, 2, 2, 1, 2]
[1, 2, 2, 2, 2, 1, 2]
[2, 2, 2, 1, 1, 2, 2]

left_values
[3, 1, 1, 1, 1, 2]
[2, 2, 2, 2, 2, 1]
[3, 2, 2, 2, 2]
[1, 2, 2, 2, 2, 2]
[1, 2, 2, 2, 2, 1]
[1, 2, 2, 2, 2]
[1, 2, 2, 2, 2]
[1, 2, 2, 2, 1]
[1, 2, 2, 2]
[1, 2, 2, 2]
[1, 2, 2]
[1, 2, 2]
[1, 2, 2]
[1, 2]
[20]
[1, 1]
[1, 1]
[2, 2]
[1, 2, 1]
[14, 1]
