Puzzle number: 36509
width:  50
height:  35
solved_count:  667
AVE_TIME:  '00:21:05'
ave_time_count:  304

top_values
[12, 2, 3, 1, 1]
[13, 2, 1, 2]
[8, 1, 1, 2]
[6, 1, 2, 3]
[5, 2, 1, 1, 1]
[3, 8, 1, 2, 1]
[2, 6, 2, 1]
[3, 5, 2, 1]
[2, 3, 2, 1]
[1, 4, 2, 1]
[2, 4, 2, 1]
[2, 1, 6, 1]
[2, 2, 2, 1]
[4, 2, 1]
[3, 2, 2, 1]
[2, 3, 4, 1]
[6, 1, 2, 1]
[4, 1, 1, 1]
[2, 1, 1, 1]
[1, 2, 1, 1]
[1, 2, 2, 1]
[1, 2, 3, 1]
[4, 1]
[3, 2]
[3, 1]
[3, 1]
[3, 1]
[4, 1]
[5, 1]
[6, 1]
[2, 4, 1]
[2, 6, 1]
[2, 2, 2, 1]
[3, 1, 1, 1]
[3, 1, 1, 1]
[1, 1, 1]
[1, 1, 1]
[2, 2, 1]
[2, 5, 1]
[2, 2, 1]
[4, 2, 1]
[4, 1, 1]
[4, 2, 2, 1]
[3, 2, 2]
[10, 1]
[6, 1]
[1]
[1]
[12, 1]
[24]

left_values
[15, 1, 1]
[2, 9, 1, 1]
[2, 2, 2, 1, 1]
[2, 2, 2, 2, 1]
[1, 2, 1, 1, 1]
[1, 2, 2, 1]
[1, 1, 3, 1]
[1, 2, 1, 2, 1]
[2, 1, 1, 2, 1, 1]
[2, 1, 2, 2, 1]
[3, 2, 1, 2, 1]
[3, 1, 2, 2]
[3, 2, 2, 1]
[4, 2, 2, 1]
[4, 2, 2, 1]
[5, 2, 2, 1]
[5, 2, 1, 1]
[6, 3, 1, 1]
[1, 4, 5, 2, 1]
[1, 4, 8, 2, 1]
[2, 5, 23, 1]
[1, 7, 7, 3, 4, 1]
[15, 2, 1, 1, 1]
[1, 3, 7, 2, 1, 1, 1]
[2, 2, 2, 1, 1, 2, 2, 1]
[5, 1, 2, 2, 6, 1]
[2, 5, 1]
[3, 2, 1]
[4, 2, 1]
[2, 1]
[2, 1]
[2, 1]
[3, 1]
[3, 21, 1]
[24, 7]
