Puzzle number: 36720
width:  50
height:  50
solved_count:  797
AVE_TIME:  '00:33:28'
ave_time_count:  321

top_values
[5, 1, 2, 6, 7, 1, 3, 2]
[1, 5, 2, 1, 3, 4]
[1, 28, 4, 1]
[3, 1, 1, 4, 3, 1, 1]
[3, 1, 1, 4, 2, 3, 3, 1, 1, 1]
[3, 1, 1, 3, 2, 2, 1, 1, 2, 5, 1]
[4, 3, 1, 5, 1, 2, 1, 4, 3, 1, 1]
[1, 3, 1, 1, 5, 1, 2, 2, 1, 3, 3, 1, 1]
[4, 1, 1, 1, 5, 2, 2, 1, 5, 2, 1]
[3, 2, 1, 1, 2, 1, 1, 4, 2, 1, 8, 1]
[1, 1, 1, 2, 1, 6, 1, 1, 1, 1, 2, 2, 2, 1]
[2, 1, 4, 1, 3, 2, 1, 1, 1, 1, 2, 3, 1, 1]
[4, 1, 1, 5, 1, 1, 1, 2, 3, 3]
[1, 2, 1, 1, 1, 3, 1, 1, 4, 1, 5, 3]
[7, 1, 1, 2, 1, 1, 1, 4, 1, 1, 9]
[3, 1, 1, 2, 1, 2, 5, 1, 1, 2, 4, 1]
[1, 6, 1, 2, 7, 1, 1, 6]
[5, 1, 1, 1, 4, 1, 1, 10]
[4, 1, 6, 1, 1, 10]
[4, 5, 1, 1, 3]
[5, 1, 1, 3]
[5, 1, 1, 3]
[1, 1, 1, 3]
[1, 2, 3]
[1, 2, 3]
[1, 2, 3]
[1, 2, 3]
[1, 2, 2]
[1, 2, 2]
[1, 2, 2]
[1, 2, 2]
[1, 2, 2]
[1, 2, 2]
[1, 1, 2]
[1, 1, 2]
[1, 1, 2]
[1, 1, 2]
[1, 1, 2]
[1, 1, 3]
[1, 1, 3]
[1, 1, 3]
[1, 1, 2]
[1, 1, 2]
[1, 1, 2]
[1, 1, 2]
[1, 1, 2]
[1, 1, 2]
[2, 1, 2]
[2, 1, 2]
[35, 1, 2]

left_values
[2, 3, 5, 1, 2, 1]
[1, 1, 1, 2, 1, 1, 1, 1]
[1, 2, 2, 1, 1, 1, 1]
[2, 1, 1, 2, 1, 1, 1, 1]
[1, 1, 4, 3, 2, 1]
[2, 3, 1, 1, 1, 1, 1, 1]
[1, 1, 4, 1, 1, 1, 1, 1]
[2, 3, 3, 1, 1, 1, 1]
[1, 1, 2, 1, 2, 1]
[20, 1]
[1, 1, 1]
[20, 1]
[3, 2, 1]
[3, 1, 1, 1, 1]
[18, 1]
[3, 5, 5, 1, 1, 1]
[1, 10, 1, 2, 1]
[2, 1, 3, 1, 1, 1, 1, 1]
[3, 8, 3, 1]
[1, 1, 1, 2, 5, 1]
[1, 1, 1]
[1, 1, 1, 1]
[1, 1, 5, 1, 1]
[1, 1, 1, 1]
[1, 1, 2, 1]
[1, 1, 1, 1]
[1, 1, 1, 1]
[1, 2, 1, 1, 1]
[1, 1, 2, 1]
[1, 1, 3, 1, 1]
[1, 1, 5, 1, 1]
[1, 1, 2, 1]
[1, 1, 1, 1]
[1, 8, 1, 3]
[1, 48]
[4]
[31]
[1, 1, 1, 27]
[2, 3]
[1, 2]
[2, 36]
[1, 46]
[1, 1, 2, 2, 11, 12]
[16]
[2, 14]
[6, 1, 2, 5]
[2, 1, 3, 3, 2]
[14, 2]
[2, 3, 2]
[13, 1, 2]
