Puzzle number: 36762
width:  50
height:  50
solved_count:  675
AVE_TIME:  '00:37:51'
ave_time_count:  250

top_values
[2, 4, 1, 1, 1, 1]
[2, 1, 2, 1, 1, 1]
[1, 3, 3]
[1, 3, 2, 1, 1]
[1, 1, 1, 2, 1]
[1, 2, 7]
[1, 4, 4]
[2, 2, 3, 1]
[9, 1]
[6, 1]
[2, 1]
[7, 1]
[1]
[1]
[4, 2]
[1, 3, 1]
[3, 5, 1]
[1, 3, 3, 2]
[1, 2, 1, 1]
[12]
[2, 1, 1, 1, 1]
[2, 2, 2, 1, 2]
[3, 1, 1, 1, 1]
[3, 8]
[2, 2, 1, 1]
[3, 3, 1]
[2, 1, 6]
[2, 1, 1]
[5, 1, 3]
[2, 2, 3]
[1, 3, 1]
[4, 1]
[2, 1, 3]
[1, 1, 3]
[3, 2, 2, 2]
[1, 1, 4]
[2, 6]
[1, 3]
[3, 1]
[1, 1, 5]
[12]
[2, 3, 1, 1]
[1, 1, 1, 2, 1, 1]
[1, 4, 1, 1, 1]
[3, 3, 1, 3]
[1, 1, 1, 1, 1, 1]
[1, 3, 2]
[2, 3]
[1, 1, 1, 1]
[2, 1, 5]

left_values
[2, 2, 3, 3, 1, 1, 1, 1]
[6, 3, 1, 1, 1, 6, 1, 1, 1]
[2, 1, 2, 1, 5, 5, 1, 2, 1, 1]
[2, 3, 1, 8, 2, 1, 1, 2, 1, 1, 2, 1]
[2, 1, 5, 1, 1, 1, 1, 1, 1, 2, 2, 2, 4, 2, 1, 1]
[1, 1, 1, 2, 1, 2, 2, 2, 1, 1, 2, 2, 8, 2]
[1, 2, 1, 2, 1, 1, 2, 1, 5, 1, 1, 1, 1, 1, 1]
[1, 1, 4, 1, 2, 6, 1, 7, 1, 5, 3, 2]
[5, 2, 1, 2, 1, 1, 2, 1, 3, 4, 2, 1]
[2, 1, 3, 2, 2, 6, 1, 3, 2, 3, 3, 3, 3]
[3, 1, 1, 1, 1, 2, 6, 2, 2, 2, 1]
[7, 1, 33]
[1, 13, 1]
[6]
[]
[]
[3]
[]
[]
[]
[]
[]
[]
[]
[2]
[]
[]
[]
[]
[]
[]
[]
[3]
[1]
[4]
[]
[]
[]
[]
[]
[]
[]
[]
[]
[]
[]
[]
[]
[]
[]
