Puzzle number: 36949
width:  50
height:  50
solved_count:  966
AVE_TIME:  '01:13:11'
ave_time_count:  393

top_values
[23, 1, 1, 2, 2]
[23, 1, 2, 3, 3]
[4, 2, 5, 2, 1, 3, 2]
[4, 2, 4, 2, 2, 3, 2]
[4, 2, 3, 1, 1, 3, 2]
[5, 2, 3, 2, 2, 3, 2]
[2, 1, 2, 2, 1, 1, 3, 2]
[2, 11, 2, 3, 2, 2, 3, 2]
[2, 9, 7, 2, 1, 1, 3, 2]
[1, 2, 1, 2, 2, 2, 2, 2, 3, 2]
[2, 1, 3, 2, 1, 2, 1, 3, 2]
[2, 1, 2, 2, 2, 1, 2, 1, 1, 2, 1]
[2, 1, 1, 2, 2, 2, 1, 1, 1, 1, 1]
[2, 1, 1, 4, 1, 2, 3, 2, 1]
[1, 1, 1, 4, 2, 1, 1, 1, 1, 1]
[1, 1, 3, 3, 2, 2, 2, 1, 2, 2]
[1, 1, 4, 3, 1, 1, 1, 2, 1, 2]
[1, 1, 6, 2, 2, 2, 2, 1, 2, 2]
[18, 2, 1, 1, 1, 2, 1, 3]
[13, 4, 2, 2, 1, 1, 2, 3]
[3, 2, 2, 1, 1, 2, 1, 2]
[3, 2, 1, 2, 1, 1, 2, 4]
[3, 2, 2, 2, 2, 1, 1, 4]
[3, 1, 2, 2, 1, 4, 4]
[2, 2, 1, 1, 2, 1, 1, 5]
[2, 2, 2, 2, 1, 4, 3, 2]
[2, 1, 1, 1, 2, 3, 2, 3]
[4, 2, 1, 1, 4, 3, 3]
[4, 1, 2, 1, 3, 2]
[4, 2, 1, 1, 3, 3, 4]
[3, 1, 2, 1, 3, 2, 5]
[2, 2, 2, 1, 3, 4]
[3, 3, 3, 1, 3, 2, 4]
[6, 2, 1, 3, 2, 5]
[6, 2, 2, 2, 2, 5]
[14, 3, 2, 3, 4, 2]
[20, 1, 2, 11]
[3, 9, 1, 3, 11]
[3, 2, 2, 2, 2, 11]
[2, 3, 3, 1, 3, 12]
[3, 4, 3, 2, 3, 12]
[3, 4, 3, 2, 2, 13]
[3, 4, 1, 1, 2, 3, 13]
[4, 5, 1, 2, 1, 2, 13]
[4, 15, 2, 13]
[5, 12, 3, 12]
[5, 4, 2, 9, 3]
[5, 9, 3, 6, 5]
[5, 3, 2, 6]
[24, 11]

left_values
[2, 7, 2, 5]
[2, 3, 2, 4, 7]
[2, 3, 2, 15]
[2, 2, 2, 15]
[1, 2, 2, 2, 10]
[2, 2, 2, 2, 1]
[3, 2, 2, 2, 1]
[18, 2, 3, 1]
[3, 2, 2, 2, 5, 1]
[3, 2, 2, 3, 8, 1]
[3, 2, 6, 9, 9, 1]
[2, 2, 26, 5, 1]
[2, 4, 16, 6, 1, 1, 4, 1]
[2, 1, 10, 3, 5, 3, 1, 1]
[2, 2, 2, 4, 3, 3, 2, 2, 1, 1]
[2, 2, 2, 2, 2, 2, 1, 3, 1, 1]
[2, 1, 3, 3, 2, 2, 7, 1, 1]
[2, 1, 5, 3, 6, 2, 1, 1]
[2, 1, 3, 3, 6, 2, 1, 1]
[20, 3, 4, 2, 1, 1]
[19, 3, 4, 1, 1]
[2, 4, 2, 3, 4, 2]
[2, 3, 3, 3, 3, 3]
[2, 2, 2, 3, 3, 5]
[2, 3, 3, 4, 4, 6]
[2, 3, 3, 3, 2, 7]
[9, 2, 2, 4, 6]
[8, 3, 2, 2, 6]
[6, 3, 3, 3, 6]
[4, 2, 3, 3, 6]
[3, 3, 3, 3, 7]
[2, 3, 3, 3, 7]
[1, 3, 3, 3, 7]
[2, 3, 3, 4, 3]
[3, 3, 2, 3, 3]
[3, 3, 3, 3, 1]
[3, 2, 4, 3, 2, 1]
[3, 7, 3, 7]
[2, 6, 3, 9, 1]
[6, 3, 13, 1]
[6, 4, 15, 1]
[5, 4, 16, 1]
[3, 4, 4, 13, 1]
[4, 5, 1, 11, 1]
[5, 5, 1, 2, 11, 2]
[4, 4, 2, 2, 10, 3]
[2, 5, 2, 3, 10, 3]
[7, 2, 2, 3, 14]
[13, 2, 2, 10, 4]
[9, 7, 2, 1, 10, 3]
