Puzzle number: 36953
width:  50
height:  50
solved_count:  1059
AVE_TIME:  '00:39:14'
ave_time_count:  438

top_values
[18, 5]
[1, 1, 1, 1, 1, 5]
[1, 2, 1, 1, 5, 1]
[1, 1, 1, 1, 4, 2]
[1, 1, 1, 1, 4, 2]
[1, 1, 1, 1, 4, 2]
[1, 1, 1, 5, 2]
[1, 1, 1, 4, 2]
[2, 1, 1, 4, 2]
[2, 1, 1, 5, 3, 1]
[2, 1, 1, 4, 2, 2]
[1, 1, 1, 4, 1, 2]
[8, 1, 6, 2, 2]
[1, 19, 1, 2]
[2, 2, 6, 2, 2]
[2, 2, 4, 4, 2]
[2, 2, 3, 6]
[3, 2, 3, 7]
[3, 2, 4, 6]
[3, 3, 3, 2, 3]
[2, 3, 6, 2, 2]
[16, 4]
[1, 5, 3]
[1, 5, 2]
[1, 5, 2]
[1, 5, 3]
[1, 5, 2]
[1, 5, 2]
[1, 5, 2]
[1, 5, 1]
[1, 5, 1]
[1, 5, 1]
[15, 1]
[5, 1]
[5, 1]
[5, 1]
[5, 1]
[5, 5, 1]
[15, 1]
[2, 8, 1]
[5, 1, 1]
[5, 1, 2]
[5, 1, 3]
[6, 1, 4]
[7, 1, 4, 1]
[2, 3, 1, 5, 1]
[2, 2, 3, 1, 4, 1, 1]
[2, 1, 2, 2, 1, 4, 1, 1]
[1, 1, 3, 2, 1, 4, 1]
[2, 1, 2, 4, 1, 4, 1]

left_values
[21, 1, 2]
[1, 8, 1, 1, 1]
[1, 3, 1, 1, 1]
[1, 1, 1, 1]
[2, 1, 1, 1, 3]
[10, 1, 3]
[14, 1, 2]
[11, 2, 2, 1, 3, 3]
[1, 1, 1, 1, 3, 2]
[1, 1, 1, 1, 2, 3]
[1, 1, 25]
[1, 1, 25]
[3, 1, 25]
[1, 12, 25]
[1, 1, 28]
[1, 1, 4, 4]
[1, 2, 4, 5]
[1, 6, 2]
[18, 2]
[1, 5, 2]
[1, 4, 1]
[1, 4, 2]
[2, 5, 2]
[1, 5, 2]
[12, 1]
[5, 1]
[5, 1]
[4]
[5]
[5]
[5]
[4]
[3, 3]
[2, 25]
[1, 2]
[7]
[7]
[2, 2, 1]
[7, 1]
[9, 2]
[3, 6, 3]
[2, 4, 2]
[1, 2, 4]
[2, 2, 3]
[2, 2, 3]
[2, 2, 5]
[2, 2, 3]
[2, 2, 6]
[2, 2, 3]
[2, 2, 7]
