Puzzle number: 37461
width:  50
height:  50
solved_count:  479
AVE_TIME:  '00:43:36'
ave_time_count:  234

top_values
[4, 3, 1, 2]
[4, 3, 1, 2, 1]
[4, 4, 1, 2, 1]
[4, 3, 1, 2, 2, 3]
[4, 3, 2, 2, 1, 2]
[4, 3, 1, 2, 1, 2, 2]
[5, 2, 1, 2, 1, 2, 2]
[5, 2, 1, 1, 1, 2, 1]
[8, 2, 1, 1, 3, 2]
[8, 1, 1, 1, 3, 2]
[12, 1, 1, 3, 1, 2]
[11, 1, 1, 1, 2, 2, 2]
[11, 2, 1, 2, 1, 2, 2, 2]
[11, 4, 1, 2, 2, 2, 1]
[11, 4, 1, 1, 3, 4]
[11, 4, 2, 1, 1, 4, 3]
[12, 5, 2, 1, 1, 2, 2]
[13, 4, 1, 2, 2, 2, 2]
[8, 8, 2, 1, 1, 2, 2]
[5, 2, 8, 2, 2, 1, 6]
[5, 2, 8, 2, 1, 2, 6]
[5, 2, 10, 1, 1, 7]
[18, 2, 9]
[18, 2, 9, 1]
[18, 1, 10, 2]
[10, 7, 2, 10, 1]
[31, 2]
[1, 24, 6, 2]
[1, 13, 8, 6, 2, 1]
[2, 13, 15, 1]
[1, 13, 12, 1, 1]
[16, 13, 1]
[1, 13, 6, 6, 2]
[1, 9, 3, 6, 6, 1]
[14, 3, 6, 5, 1]
[8, 5, 15, 2]
[5, 5, 9, 4, 1]
[5, 6, 9, 3, 2]
[1, 4, 2, 9, 3, 3, 2]
[9, 1, 7, 6, 1, 2]
[11, 6, 7, 2, 1]
[11, 15, 4, 1]
[11, 14, 4, 2]
[12, 15, 4, 1]
[28, 5, 2]
[19, 2, 4, 2, 6]
[12, 3, 2, 3, 2, 7]
[10, 4, 6, 2, 2, 1]
[23, 2, 3, 1]
[22, 3, 2, 1]

left_values
[22, 3, 2, 8]
[26, 3, 2, 7]
[28, 5, 8]
[32, 4, 9]
[44]
[11, 28]
[46]
[48]
[6, 8, 13, 11]
[4, 26, 10]
[3, 40]
[1, 9, 13, 7]
[5, 21, 6]
[5, 15, 5, 4, 2]
[8, 16, 10, 2]
[23, 9, 3]
[15, 5, 12]
[18, 8, 17]
[7, 1, 9, 15]
[2, 2, 5, 13, 2]
[4, 2, 15, 4, 2]
[2, 3, 16, 9]
[2, 2, 12, 10]
[4, 20, 3]
[3, 26]
[5, 6, 3, 15]
[2, 7, 8, 10]
[4, 24]
[3, 21]
[11, 20]
[27, 1]
[3, 16, 3, 5]
[4, 9, 3, 6]
[20, 2, 3]
[3, 11, 2, 4, 2]
[3, 2, 2, 9]
[3, 3, 9]
[2, 2, 4, 2]
[1, 2, 2, 2]
[1, 2, 3, 2]
[2, 2, 4, 3]
[5, 5, 1, 3, 2]
[2, 4]
[]
[]
[]
[]
[]
[]
[2]
