Puzzle number: 37474
width:  50
height:  50
solved_count:  351
AVE_TIME:  '01:26:23'
ave_time_count:  116

top_values
[1, 1, 1, 2, 1, 1, 1, 1, 1, 1, 3, 1]
[10, 1, 1, 14, 1, 3, 1, 1, 1]
[10, 1, 1, 13, 1, 1, 1, 1, 1, 1]
[1, 1, 1, 1, 1, 1, 3]
[1, 1, 1, 1, 1, 1]
[1, 4, 1, 1, 3]
[10, 1, 1, 1, 10, 1, 1]
[10, 1, 1, 1, 11, 1, 1]
[1, 1, 3, 1, 2, 1, 1, 3]
[1, 1, 1, 1, 2, 1, 1]
[10, 1, 1, 13]
[1, 1, 1, 1, 2, 1, 1, 3]
[1, 1, 4, 1, 2, 1, 1, 3, 1, 1]
[10, 1, 2, 1, 11, 1, 1, 1, 3]
[10, 1, 5, 10, 1, 3, 1, 1, 1]
[1, 1, 1, 1, 1, 1, 1, 1, 1, 1]
[1, 1, 1, 1, 1, 1, 1, 1, 1, 1]
[1, 17, 1, 1, 1, 1, 1, 1]
[15, 1, 1, 1, 1, 1, 1, 21]
[1, 1, 1, 1, 1, 1, 1, 1, 1, 1, 1, 1, 1, 1, 1, 1, 1, 1, 1]
[1, 1, 1, 1, 1, 1, 1, 1, 1, 1, 1, 1, 1, 1, 1, 1, 1, 1, 1]
[3, 1, 1, 1, 1, 1, 1, 1, 1, 1, 1, 1, 1, 1, 1, 1, 3]
[1, 1, 1, 1, 1, 1, 3, 1, 3, 3, 3, 1, 1, 1]
[1, 3, 1, 1, 1, 1, 1, 1, 1, 1, 1, 1, 1, 1, 1, 1, 1]
[1, 10, 1, 1, 1, 1, 1, 1, 1, 1, 1, 3, 3]
[11, 1, 1, 1, 1, 1, 1, 1, 1, 1, 1, 1]
[13, 1, 1, 1, 3, 3, 3, 1, 1]
[6, 1, 3, 1, 1, 1, 1, 1, 1, 1]
[6, 1, 1, 1, 1, 1, 1, 1, 16]
[3, 1, 1, 1, 1, 1, 1, 21]
[2, 12, 1, 3, 3, 21]
[3, 1, 1, 1, 1, 1, 23]
[6, 1, 1, 1, 1, 23]
[6, 1, 3, 1, 7, 2]
[13, 1, 1, 1, 7, 2]
[11, 1, 1, 1, 7, 1, 2]
[2, 10, 3, 1, 1, 7, 1, 2]
[1, 1, 1, 1, 1, 23]
[1, 1, 1, 1, 1, 22]
[1, 1, 1, 3, 20]
[2, 1, 1, 1, 18]
[1, 1, 1, 1, 16]
[1, 1, 1, 1, 1, 1]
[2, 10, 1, 1, 12, 1, 1]
[11, 1, 14, 1, 1]
[13, 1, 1, 16, 1, 1]
[6, 1, 3, 5, 6, 1, 1, 1]
[6, 1, 5, 6, 1, 3]
[3, 1, 1, 13, 3, 1, 1]
[2, 12, 15, 1, 3, 1, 1]

left_values
[2, 2, 1, 2, 7, 7, 1, 1, 1, 4]
[2, 2, 1, 2, 1, 1, 7, 8, 4]
[2, 9, 6, 4, 4, 4]
[2, 2, 1, 2, 1, 1, 3, 1, 3, 3, 1]
[2, 2, 1, 2, 6, 4, 1, 4, 4, 1]
[2, 2, 1, 2, 1, 13, 7]
[2, 2, 1, 2, 1, 3, 1, 3, 3, 1]
[2, 2, 1, 2, 1, 3, 1, 3, 3, 1]
[2, 2, 1, 2, 1, 3, 1, 3, 3, 1]
[3, 9, 1, 3, 1, 3, 3, 1]
[1, 3, 1, 3, 3, 1]
[7, 3, 1, 3, 3, 1]
[9, 1, 9, 1, 3, 3, 1]
[1, 7, 3, 1, 3, 3, 1]
[15, 20, 7]
[1, 4]
[1, 1, 1]
[23, 11]
[1, 1, 1, 1, 1]
[2, 30]
[2, 3, 1, 1, 1, 1]
[2, 5, 32]
[2, 2, 1, 2, 1, 1, 1, 7]
[3, 2, 1, 2, 10, 10, 7]
[2, 2, 1, 2, 1, 1, 7]
[2, 2, 1, 2, 14, 7]
[2, 9, 1, 1, 1, 2, 3, 2]
[2, 2, 1, 2, 21, 3, 2]
[2, 2, 1, 2, 1, 1, 8, 7]
[2, 2, 1, 2, 22, 7]
[2, 2, 1, 2, 1, 1, 11, 7]
[2, 2, 1, 2, 22, 7]
[3, 9, 1, 1, 12, 7]
[9, 5, 5, 5]
[1, 1, 5, 5, 1, 1]
[15, 5, 1, 1]
[9, 1, 1, 5, 5, 5]
[1, 21, 5, 1]
[9, 1, 1, 5, 5, 2]
[1, 7, 5, 5]
[6, 1, 7, 5, 5]
[1, 5, 1, 5, 7]
[6, 7, 5, 5]
[1, 1, 5, 5, 1]
[4, 5, 5, 1]
[1, 8, 5, 5, 1]
[1, 1, 1, 5, 5]
[4, 8, 5, 13]
[1, 1, 1, 14, 1]
[4, 6, 22]
