Puzzle number: 37546
width:  50
height:  25
solved_count:  608
AVE_TIME:  '00:40:25'
ave_time_count:  201

top_values
[9]
[8]
[7]
[6]
[2, 3]
[1, 3, 2]
[2, 2, 1, 1]
[5, 3, 2, 1]
[12, 2, 1, 2]
[14, 1, 2]
[2, 9, 1]
[2, 7, 1]
[2, 3, 4]
[4, 3, 4]
[8, 9]
[2, 1, 2, 2, 7]
[5, 4, 2, 5]
[3, 2, 2, 2, 4]
[4, 2, 1, 2, 4]
[3, 4, 2, 2, 4]
[2, 2, 2, 2, 3, 3]
[4, 5, 4, 2]
[2, 1, 4, 7, 2]
[8, 2, 8]
[6, 1, 2, 3]
[2, 4, 2, 2]
[2, 3, 2, 2]
[1, 3, 5, 3, 2]
[4, 3, 3, 6, 1]
[3, 2, 11, 1]
[5, 12]
[4, 2, 11]
[3, 2, 6, 3]
[4, 2, 2, 3, 3]
[6, 1, 2, 3, 2]
[5, 1, 3, 4, 1]
[6, 2, 5, 2]
[5, 2, 2, 2, 1]
[5, 3, 1, 2, 2]
[9, 2, 1, 3]
[7, 2, 1, 1]
[6, 2, 2, 2]
[2, 2, 2, 3, 2]
[2, 2, 2, 1]
[1, 2, 5]
[1, 2, 3]
[2, 1]
[2, 1]
[4]
[]

left_values
[]
[4, 5, 9]
[4, 7, 14]
[4, 6, 3, 2, 14]
[6, 3, 1, 2, 3, 2, 2, 10]
[3, 4, 2, 2, 3, 1, 2, 9]
[2, 7, 1, 3, 3, 2, 6]
[2, 2, 8, 1, 2, 1, 4]
[3, 2, 7, 2, 2, 1, 5]
[3, 2, 7, 2, 6, 5]
[3, 3, 4, 5, 7, 2, 3]
[4, 2, 2, 10, 2, 1]
[12, 6, 2, 2, 1]
[1, 8, 3, 7, 2, 2, 2]
[2, 8, 4, 11, 2]
[3, 7, 9, 10, 2]
[8, 3, 10, 5, 2, 2]
[6, 5, 4, 5, 8]
[4, 3, 5, 10, 3, 2]
[5, 2, 6, 2, 7, 2]
[6, 3, 7, 1, 5, 3, 2]
[7, 2, 6, 2, 3, 2, 2, 2]
[2, 12, 3, 4, 3]
[12, 4]
[]
