Puzzle number: 37633
width:  35
height:  35
solved_count:  1284
AVE_TIME:  '00:13:12'
ave_time_count:  606

top_values
[]
[35]
[]
[]
[]
[]
[]
[35]
[35]
[]
[]
[]
[3]
[21]
[3]
[2]
[2, 22]
[1, 10]
[5]
[5, 1]
[5, 1]
[4, 3, 1]
[4, 2, 6]
[4, 5, 4]
[4, 6, 6]
[4, 1, 3, 2]
[3, 4]
[2, 3]
[2, 1, 2]
[1, 1, 2]
[4]
[7]
[2]
[1]
[2]

left_values
[1, 2, 2]
[1, 2, 1]
[1, 2]
[1, 2]
[1, 2, 4]
[1, 2, 4, 9]
[1, 2, 3, 12]
[1, 2, 2, 9, 2]
[1, 2, 2, 9, 5]
[1, 2, 1, 4, 3]
[1, 2, 1, 3, 1]
[1, 2, 1, 2, 1]
[1, 2, 1, 1, 1]
[1, 2, 1, 2, 1]
[1, 2, 1, 2]
[1, 2, 1, 2]
[1, 2, 1, 2]
[1, 2, 1, 2]
[1, 2, 1, 1]
[1, 2, 1, 1]
[1, 2, 1, 1]
[1, 2, 1, 1]
[1, 2, 1, 1, 2, 1]
[1, 2, 1, 1, 3, 2]
[1, 2, 1, 1, 3, 2]
[1, 2, 1, 1, 3, 2]
[1, 2, 1, 2, 2]
[1, 2, 1, 3, 3]
[1, 2, 1, 2, 2]
[1, 2, 1, 2, 2]
[1, 2, 1, 1, 1]
[1, 2, 1, 4]
[1, 2, 1, 5]
[1, 2, 1, 3]
[1, 2, 1, 2]
