Puzzle number: 37639
width:  35
height:  35
solved_count:  716
AVE_TIME:  '00:47:19'
ave_time_count:  291

top_values
[1, 1, 2, 1, 1, 2, 3]
[7, 2, 2, 1, 1, 1, 2, 2]
[6, 2, 2, 2, 1, 2, 2, 2]
[1, 1, 2, 1, 3, 1, 2, 1, 2]
[2, 1, 1, 4, 1, 2, 1, 2]
[2, 2, 5, 1, 2, 1, 2]
[2, 2, 5, 1, 2, 1, 1]
[2, 2, 2, 1, 2, 1, 1]
[2, 1, 2, 2, 1, 2, 2, 2]
[5, 2, 1, 1, 1, 1, 1, 1]
[5, 2, 1, 1, 1, 1, 2]
[6, 2, 3, 1, 1, 1, 3]
[3, 2, 2, 2, 1, 1, 1]
[2, 2, 3, 1, 1, 3]
[6, 2, 3, 1, 4]
[1, 2, 1, 1, 2, 3, 3]
[3, 1, 1, 2, 3, 1, 1, 1, 1]
[1, 1, 1, 2, 3, 3, 2, 1]
[2, 1, 1, 2, 3, 5, 3, 2]
[2, 1, 1, 2, 1, 1, 2, 3, 3, 2]
[2, 1, 2, 1, 1, 2, 3, 3, 2]
[2, 1, 2, 1, 1, 2, 4, 1, 2, 2]
[2, 1, 2, 1, 1, 1, 2, 2, 2]
[1, 1, 2, 1, 2, 1, 2, 2, 2]
[1, 1, 1, 2, 1, 1, 1, 3, 2, 2]
[1, 1, 2, 1, 1, 1, 3, 1, 2]
[1, 1, 2, 1, 2, 1, 1, 2, 4]
[1, 1, 2, 1, 2, 3, 2, 3]
[3, 1, 2, 1, 2, 1, 2, 5]
[1, 3, 2, 2, 1, 1, 1, 3, 3]
[4, 2, 1, 4, 5]
[2, 1, 2, 3, 4]
[1, 2, 1, 1, 4, 1]
[3, 2, 2, 4, 1]
[3, 2, 1, 2, 2, 1]

left_values
[4, 2, 2, 7, 2]
[2, 2, 7, 1]
[2, 3, 2, 6]
[2, 3, 2, 1]
[2, 4, 1, 2]
[2, 4, 1, 1, 2]
[1, 5, 2, 7, 1, 2]
[6, 2, 2, 3]
[16]
[]
[4, 30]
[34]
[]
[3, 22]
[5, 10]
[1, 9]
[]
[]
[3]
[5, 4]
[8, 6, 6]
[5, 2, 2, 3, 5]
[2, 2, 2, 2]
[10, 4]
[13, 3, 4]
[4, 3, 4]
[9, 2, 5, 1]
[14, 12]
[1, 5, 8]
[5, 7, 5, 6]
[3, 4, 2, 7, 1, 1, 3]
[3, 6, 1, 2]
[1, 1, 4, 4]
[9, 2, 12, 1]
[6, 3, 14, 1]
