Puzzle number: 37662
width:  35
height:  35
solved_count:  1687
AVE_TIME:  '00:11:54'
ave_time_count:  870

top_values
[20, 2, 2, 1, 2]
[4, 1, 3]
[3, 2]
[2]
[2]
[1, 2]
[2]
[14, 1]
[14, 2]
[2, 3]
[4, 2, 3]
[5, 2, 1, 2]
[5, 1, 2, 1, 2]
[6, 1, 2, 1, 1]
[8, 2, 1]
[9, 2, 1, 1]
[9, 1, 2, 1, 1]
[9, 1, 2, 1, 1, 1]
[9, 1, 2, 1, 3]
[9, 1, 2, 2, 2]
[9, 1, 2, 2, 2]
[9, 1, 2, 2, 1]
[9, 1, 2, 2, 1]
[9, 1, 2, 2, 2]
[9, 1, 2, 1, 2]
[9, 1, 2, 2, 2]
[9, 1, 2, 2, 2]
[11, 2, 2, 2]
[14, 2, 2, 2]
[14, 1, 2, 1, 2]
[14, 1, 3, 1, 1]
[2, 1, 2, 2, 1]
[14, 1, 2, 1]
[4, 2]
[3, 2, 1]

left_values
[1, 2, 21, 1]
[1, 2, 21, 1]
[1, 2, 21, 1]
[1, 2, 21, 1]
[1, 2, 20, 1]
[1, 2, 18, 1]
[1, 2, 1, 17, 1]
[1, 2, 17, 1]
[1, 2, 1, 16, 1]
[1, 2, 4, 1]
[1, 2, 15, 1]
[1, 2, 3, 1]
[1, 26]
[1, 26]
[1]
[1]
[1]
[1]
[1]
[1, 1, 1]
[5, 4, 1]
[1, 21, 2]
[2, 1]
[1, 2]
[2, 4]
[3, 2]
[1, 1]
[1, 2]
[2, 2]
[1, 4]
[5]
[]
[1, 3, 2]
[13, 3, 7]
[7, 5, 18]
