Puzzle number: 37776
width:  50
height:  50
solved_count:  465
AVE_TIME:  '01:06:25'
ave_time_count:  168

top_values
[1, 1, 1, 3, 1, 2, 1]
[2, 1, 1, 4, 5, 1]
[9, 1, 1, 4, 1, 2, 1]
[1, 1, 1, 5, 6, 2]
[2, 1, 1, 2, 2, 7, 2]
[4, 1, 2, 3, 1, 7]
[2, 1, 3, 2, 10]
[1, 1, 2, 2, 2, 4]
[1, 1, 2, 1, 4, 2]
[1, 1, 2, 1, 3]
[1, 1, 2, 1, 1, 3, 3]
[1, 1, 5, 1, 2, 4]
[1, 1, 1, 4, 1, 1, 2]
[1, 2, 1, 6, 3, 3]
[1, 3, 1, 3, 2, 3, 4]
[3, 1, 1, 3, 2, 1, 3, 1]
[2, 2, 1, 4, 2, 1, 2, 1, 2]
[2, 2, 4, 1, 3, 3, 2, 4, 2, 1]
[5, 2, 1, 1, 4, 3, 2, 4, 1]
[5, 2, 1, 1, 3, 2, 4, 2, 2]
[5, 2, 1, 1, 2, 1, 5, 4, 3]
[6, 1, 1, 1, 2, 1, 3, 5, 4]
[1, 1, 1, 1, 1, 2, 1, 3, 1, 7, 1]
[2, 1, 1, 1, 1, 2, 2, 1, 1, 8, 1]
[2, 1, 1, 1, 1, 2, 1, 1, 1, 11, 1]
[2, 1, 1, 1, 2, 3, 6, 2, 2, 1]
[2, 1, 1, 1, 2, 2, 2, 2, 2]
[2, 1, 1, 1, 3, 4, 2, 3, 2]
[1, 6, 1, 1, 2, 3, 2, 5, 3]
[1, 2, 5, 1, 3, 5, 9]
[1, 5, 1, 1, 3, 1, 3, 9, 1]
[1, 1, 6, 1, 4, 1, 11, 1]
[1, 1, 1, 1, 4, 1, 1, 8, 1]
[3, 1, 1, 4, 3, 9, 1]
[2, 1, 1, 1, 4, 3, 10, 5]
[2, 3, 1, 1, 2, 4, 8, 1]
[1, 1, 6, 1, 1, 2, 2, 1, 12, 2]
[4, 4, 1, 3, 13, 2]
[9, 1, 1, 3, 15, 4]
[1, 5, 1, 2, 16, 1]
[1, 1, 1, 1, 12, 1, 1]
[2, 3, 1, 1, 1, 18, 2]
[1, 1, 1, 22, 4]
[1, 3, 23, 4]
[1, 8, 33]
[2, 25, 13]
[30, 1, 11, 1]
[18, 25, 1]
[23, 20]
[22, 1, 15, 5]

left_values
[1, 2, 5, 1, 1, 1, 2]
[1, 17, 5, 4]
[1, 5, 6, 4]
[1, 17, 2, 5]
[1, 4, 3, 5, 9]
[1, 2, 1, 1, 1, 2, 1, 1, 4]
[1, 2, 1, 1, 1, 2, 1, 1, 4]
[5, 2, 2, 1, 2, 1, 1, 1, 4]
[2, 1, 5, 2, 4, 2, 1, 1, 2, 6]
[1, 1, 2, 1, 1, 2, 1, 6]
[1, 2, 1, 1, 1, 1, 1, 6]
[2, 2, 2, 1, 1, 1, 1, 6]
[50]
[7]
[50]
[5]
[6]
[6]
[3, 2]
[4, 4, 7]
[12, 8, 3, 7]
[50]
[10, 6, 1, 6, 10, 8]
[4, 1, 4, 7]
[4, 1, 2, 4, 1, 6, 1]
[3, 5, 2, 2, 1, 2, 7]
[3, 4, 3, 1, 7, 1]
[3, 2, 2, 6, 3, 7, 1]
[3, 2, 4, 2, 3, 1, 10]
[2, 2, 2, 1, 3, 3, 12]
[1, 3, 2, 3, 1, 10, 3]
[1, 1, 7, 2, 2, 1, 10, 3]
[6, 7, 2, 1, 17]
[2, 2, 3, 2, 4, 15, 3]
[6, 1, 1, 3, 1, 3, 17, 3]
[1, 9, 6, 29]
[8, 41]
[16, 9, 23]
[4, 5, 22]
[7, 1, 4, 21]
[4, 4, 7, 4, 9]
[2, 2, 1, 5, 4, 8]
[3, 1, 1, 6, 3, 2, 6]
[2, 2, 3, 2, 6]
[1, 2, 1, 5, 1, 3, 2]
[1, 1, 5, 1, 4, 2]
[1, 1, 1, 5, 2]
[1, 2, 9]
[2, 1, 4, 3]
[2, 5, 1, 1]
