Puzzle number: 37795
width:  50
height:  50
solved_count:  879
AVE_TIME:  '00:15:41'
ave_time_count:  459

top_values
[]
[]
[]
[]
[]
[]
[]
[]
[]
[]
[]
[]
[]
[]
[1]
[1]
[]
[]
[]
[1]
[2]
[]
[]
[]
[3]
[]
[]
[1]
[1]
[2]
[2]
[]
[]
[]
[]
[]
[1]
[2, 1]
[3, 2]
[2, 2, 1, 1]
[4, 8, 1]
[2, 6]
[1, 2, 2, 6]
[2, 2, 2, 1, 5]
[2, 2, 4, 3]
[3, 2, 4, 1, 7]
[4, 14]
[4, 4, 4, 5]
[3, 2, 4, 1]
[2, 3, 2, 1]

left_values
[]
[]
[]
[]
[]
[]
[]
[]
[]
[]
[]
[]
[]
[]
[]
[]
[]
[]
[]
[]
[]
[]
[]
[]
[]
[2]
[6]
[6]
[1, 4]
[2, 3]
[2, 2]
[2, 1, 2, 1]
[3, 3, 1]
[4, 4]
[4, 3]
[6, 1]
[3, 2]
[4, 1]
[5]
[2, 3]
[2, 3]
[1, 2]
[2, 1]
[2, 5]
[3, 3]
[5, 3]
[4, 1, 1]
[1, 5, 1]
[1, 1, 2, 2, 4]
[2, 2, 1, 4, 3, 4]
