Puzzle number: 38021
width:  50
height:  50
solved_count:  2827
AVE_TIME:  '00:13:27'
ave_time_count:  1404

top_values
[2]
[2]
[2]
[2]
[2]
[2]
[2]
[1]
[1]
[1]
[1]
[1]
[1]
[1]
[1]
[2]
[2]
[2]
[1]
[1]
[1]
[1]
[1]
[2]
[2]
[2]
[2]
[1]
[1]
[1]
[1]
[1]
[1, 8]
[2, 5, 2]
[2, 4, 4]
[1, 4, 3, 1]
[1, 3, 3]
[2, 3, 3]
[1, 1, 4, 3, 3]
[1, 1, 2, 2, 3, 3]
[1, 1, 2, 4, 3]
[1, 1, 2, 2, 2]
[1, 1, 2, 2, 1, 1]
[1, 3, 2, 3]
[2, 2, 2, 4]
[2, 2, 2, 2, 1]
[2, 3, 2, 3, 1]
[2, 3, 3, 3, 1]
[3, 7, 3, 1]
[2, 4, 4]

left_values
[11]
[6]
[2]
[]
[]
[]
[]
[]
[]
[]
[18, 4]
[7, 20, 1, 4]
[17]
[7]
[2, 2]
[2, 1]
[2, 2]
[2, 2]
[2, 2]
[1, 3]
[1, 3]
[2, 2]
[4]
[2]
[2]
[2]
[2]
[2]
[2]
[2]
[2]
[2]
[2]
[2, 2]
[1, 2]
[2, 1]
[1, 2]
[1, 1]
[1, 2]
[2, 1, 1]
[1, 2, 1]
[1, 1, 2]
[1, 2, 3]
[1, 1, 3]
[1, 2, 2]
[1, 1, 2]
[4, 2]
[2, 2]
[1, 2]
[2, 7]
