Puzzle number: 38036
width:  50
height:  50
solved_count:  1912
AVE_TIME:  '00:43:40'
ave_time_count:  855

top_values
[4, 2]
[]
[5]
[11, 3]
[11, 19, 13]
[1, 18, 4, 6]
[6, 3]
[8, 3]
[3, 3, 3]
[3, 3, 2, 3]
[3, 3, 3, 3]
[3, 3, 2, 2]
[8, 3, 1, 2]
[6, 1, 3, 2, 2]
[3, 1, 3, 2, 1]
[3, 1, 3, 2]
[3, 1, 3, 2]
[2, 2, 2, 2]
[1, 2, 3, 2]
[1, 2, 2, 2]
[1, 3, 3, 2]
[1, 4, 3, 2]
[1, 5, 3, 2]
[1, 6, 3, 2]
[3, 2, 3, 11]
[7, 2, 3, 7]
[6, 2, 2, 4, 2]
[5, 3, 2, 4, 2]
[6, 2, 2, 1]
[4, 2, 1]
[7, 2, 2]
[10, 2, 1]
[15, 2]
[4, 5, 1]
[3, 4, 2]
[3, 2, 2, 1]
[2, 2, 3, 2]
[2, 1, 5]
[1, 1]
[1, 2, 1]
[1, 2, 3]
[1, 6]
[2, 3, 5]
[1, 7, 12]
[2, 28]
[2, 30]
[2, 6, 2, 7]
[7, 2]
[1]
[21]

left_values
[2, 10]
[1, 3, 2]
[1, 2, 2]
[1, 2, 2]
[2, 1, 2]
[2, 2, 2]
[2, 1, 3]
[2, 1, 2, 6]
[2, 2, 2, 3, 3]
[2, 2, 2, 3, 2]
[2, 2, 2, 3, 2]
[1, 1, 2, 3, 2]
[2, 1, 6, 1]
[2, 1, 3, 7, 1, 1]
[2, 22, 1, 1]
[2, 3, 11, 3, 1, 1]
[2, 2, 4, 3, 2, 1]
[2, 2, 3, 3, 2, 1]
[2, 2, 3, 3, 1, 1]
[2, 3, 2, 2, 1, 1]
[2, 2, 2, 2, 2, 1]
[2, 1, 2, 3, 2, 1]
[1, 1, 2, 2, 2, 2, 1]
[1, 1, 11, 3, 3, 2, 1]
[1, 1, 13, 6, 3, 1]
[1, 17, 2, 5, 4, 1]
[4, 4, 2, 3, 6, 1]
[3, 3, 1, 2, 4, 3]
[3, 3, 2, 4, 1]
[2, 3, 1, 3, 1]
[1, 2, 2, 1, 3, 1]
[1, 2, 3, 2, 1]
[2, 2, 2, 1]
[2, 7, 3, 1]
[2, 4, 3, 3]
[3, 2, 3, 3]
[2, 2, 2, 3]
[2, 1, 2, 2, 3]
[2, 2, 1, 1, 4]
[2, 2, 2, 2, 4]
[2, 5, 2, 1, 3]
[2, 3, 3, 1, 3]
[3, 7, 1, 4]
[4, 4, 2, 5]
[5, 1, 7]
[1, 3, 1, 8]
[1, 3, 5]
[2, 3, 2, 3]
[1, 4, 2, 3]
[1, 3, 2, 3]
