Puzzle number: 38077
width:  50
height:  50
solved_count:  2031
AVE_TIME:  '00:36:03'
ave_time_count:  926

top_values
[1, 1, 1, 3, 2, 1]
[1, 1, 1, 1, 2, 1]
[1, 1, 1, 1, 2, 1]
[2, 1, 1, 1, 2, 1]
[1, 1, 1, 1, 2, 1]
[1, 1, 1, 2, 1, 1]
[1, 1, 1, 2, 1, 1]
[1, 1, 2, 1, 1, 1]
[1, 1, 4, 1, 1, 1]
[1, 11, 1, 1, 1]
[1, 8, 2, 1, 1, 1]
[1, 4, 2, 3, 1]
[1, 3, 2, 1, 1, 1]
[1, 2, 1, 2, 2, 2]
[1, 3, 1, 2, 2, 3]
[1, 2, 1, 2, 2, 3]
[1, 3, 1, 2, 2, 1]
[1, 3, 1, 2, 1, 1, 1]
[1, 2, 1, 2, 2, 3]
[1, 2, 1, 1, 1, 1, 1]
[1, 2, 1, 1, 1, 1, 1]
[1, 1, 1, 1, 2, 2, 1]
[3, 1, 1, 1, 1, 1]
[2, 1, 1, 2, 2, 1]
[1, 1, 1, 1, 1, 1]
[2, 1, 1, 1, 2, 1]
[2, 1, 2, 1, 1]
[2, 1, 1, 2, 2, 2]
[2, 1, 1, 2, 2, 2]
[2, 1, 1, 1, 1, 3]
[2, 1, 1, 1, 1, 2]
[3, 1, 2, 1, 1, 1, 2]
[5, 1, 2, 1, 2, 1, 2]
[4, 2, 2, 2, 2, 1, 2]
[4, 2, 2, 1, 1, 1, 2]
[4, 1, 2, 1, 1, 1, 5, 4]
[4, 1, 1, 2, 1, 1, 6]
[4, 6, 1, 1, 2]
[3, 2, 1, 1, 1, 2]
[3, 1, 1, 1, 2, 2]
[2, 2, 1, 1, 5]
[2, 1, 1, 1, 6]
[1, 2, 1, 1, 1, 3]
[1, 2, 1, 1, 4]
[1, 2, 1, 1, 1, 1]
[1, 2, 2, 2, 1]
[1, 2, 2, 1, 1]
[1, 1, 2, 2, 1, 1]
[1, 1, 1, 2, 1, 1]
[2, 2, 5, 1, 1]

left_values
[18]
[10, 1]
[9]
[9]
[4, 8]
[26]
[2]
[3]
[4]
[4]
[4]
[4]
[4]
[3, 2]
[47, 1]
[3, 2, 1, 8]
[2, 3]
[2, 2, 2]
[1, 2, 2, 1]
[2, 2, 2]
[2, 2, 2]
[2, 1, 2]
[2, 2]
[3]
[19, 1, 1]
[1, 16, 5, 12, 3]
[7, 1, 2, 2, 1]
[40, 4]
[5, 1, 4, 1, 1, 1, 2, 3]
[13]
[]
[]
[]
[]
[]
[]
[]
[]
[]
[]
[1]
[1]
[2, 1]
[2, 4, 2]
[3, 2, 1, 2]
[3, 1, 3, 5]
[3, 2, 2, 3]
[8, 1, 3, 4]
[16, 1, 23]
[3, 19, 6]
