Puzzle number: 38103
width:  40
height:  50
solved_count:  1036
AVE_TIME:  '00:08:41'
ave_time_count:  655

top_values
[]
[]
[]
[]
[]
[]
[]
[]
[]
[]
[]
[]
[]
[]
[]
[]
[]
[]
[]
[]
[]
[]
[2]
[1, 2]
[1, 2]
[1]
[8]
[5, 3]
[2, 2]
[1, 3]
[4, 3, 4]
[4, 3, 6]
[2, 4, 8]
[1, 3, 7, 1]
[3, 8, 3]
[1, 2, 1, 5]
[1, 1, 1, 7]
[1, 5, 9]
[2, 1, 7, 11]
[4, 3, 4, 12]

left_values
[6, 1, 2, 1]
[3, 3, 2]
[2, 4, 2]
[3, 6, 1]
[1, 4, 5, 1]
[3, 5, 1, 1]
[2, 2, 5, 1, 2]
[1, 2, 3, 1, 3]
[1, 1, 1, 2]
[1, 2]
[2, 3]
[3, 3]
[4, 2]
[5, 1]
[5]
[5]
[4]
[2]
[1]
[]
[]
[]
[]
[]
[]
[]
[]
[]
[]
[]
[]
[]
[]
[]
[]
[]
[]
[]
[1]
[2]
[2]
[3]
[3]
[4]
[4]
[5]
[5]
[6]
[6]
[7]
