Puzzle number: 38427
width:  50
height:  50
solved_count:  963
AVE_TIME:  '00:29:40'
ave_time_count:  483

top_values
[4, 5, 9]
[4, 5, 8]
[4, 4, 7]
[3, 3, 6]
[3, 3, 6, 1]
[3, 3, 9]
[4, 2, 8]
[3, 3, 9]
[3, 2, 10]
[4, 3, 11]
[3, 2, 2, 5, 2]
[3, 3, 3, 4, 2]
[3, 3, 2, 4, 1]
[3, 2, 3, 4]
[3, 3, 3, 4]
[2, 3, 3, 3]
[3, 2, 3, 3]
[4, 3, 3, 3]
[6, 2, 3, 3]
[7, 2, 3, 3]
[7, 1, 2, 3, 3]
[7, 2, 4, 4]
[1, 6, 2, 4, 3]
[2, 5, 5, 5, 3]
[2, 5, 10, 3]
[3, 13, 4]
[3, 6, 6, 4]
[4, 20]
[3, 6, 12]
[4, 4, 11]
[3, 3, 8]
[3, 4, 6]
[3, 5, 4]
[3, 5, 1]
[3, 2, 2]
[5, 2, 2]
[6, 3, 2]
[2, 2, 3, 2]
[3, 3, 3, 3]
[4, 3, 4, 3]
[3, 3, 4, 3]
[3, 2, 3, 3]
[3, 1, 4, 4]
[2, 1, 3, 4]
[2, 1, 3, 3]
[1, 2, 4, 2]
[2, 5, 3, 2]
[3, 11, 4, 3, 1]
[24, 7, 2]
[41, 3]

left_values
[7, 6, 6, 3]
[11, 7, 12]
[9, 4, 7, 7, 4]
[12, 4, 7, 5, 2]
[10, 3, 8, 2]
[7, 3, 5, 2]
[3, 3, 7, 2]
[3, 7, 4]
[1, 2, 12]
[2, 3, 5]
[3, 2, 4]
[4, 3, 4]
[6, 3, 3]
[7, 2, 3]
[6, 2, 3]
[6, 2, 3]
[7, 2, 3]
[7, 1, 3]
[5, 2, 2]
[4, 2, 2]
[3, 1, 2]
[2, 1, 3]
[2, 1, 5]
[3, 8]
[4, 9, 1]
[4, 8, 1]
[5, 7, 2]
[6, 9, 2]
[14, 2, 3]
[11, 12]
[1, 3, 23]
[1, 3, 2, 14, 2]
[1, 4, 3, 2]
[2, 4, 2, 1]
[2, 5, 2, 1]
[3, 6, 2, 1]
[3, 6, 3, 1]
[4, 5, 3, 1]
[4, 5, 2, 1]
[4, 5, 3, 1]
[4, 4, 5, 1]
[4, 3, 9]
[28]
[27]
[18, 5]
[10, 5]
[6, 5]
[5, 5, 1]
[7, 4, 2]
[9, 5, 3]
