Puzzle number: 38731
width:  45
height:  45
solved_count:  2063
AVE_TIME:  '00:02:08'
ave_time_count:  1135

top_values
[2, 1, 1, 1]
[2, 1, 1, 1]
[2, 1, 1, 1]
[2, 1, 1, 1]
[2, 1, 1, 1]
[2, 1, 3, 1, 1, 1, 1]
[2, 1, 1, 1, 1, 1, 1, 1]
[2, 1, 1, 1, 1, 1, 1, 1]
[2, 1, 1, 1, 1, 1, 1, 1]
[2, 3, 1, 1, 5, 1, 1]
[2, 1, 1, 1]
[2, 1, 1, 1]
[2, 1, 1, 1]
[2, 1, 1, 1]
[45]
[2, 1, 1, 1]
[2, 1, 1, 1]
[2, 1, 1, 1]
[2, 1, 1, 1]
[2, 1, 1, 1]
[2, 1, 5, 1, 3, 1, 1]
[2, 1, 1, 1, 1, 1, 1, 1, 1, 1]
[2, 1, 1, 1, 1, 1, 1, 1, 1, 1]
[2, 1, 1, 1, 1, 1, 1, 1, 1, 1]
[2, 1, 5, 1, 1, 3, 1]
[2, 1, 1, 1]
[2, 1, 1, 1]
[2, 1, 1, 1]
[2, 1, 1, 1]
[45]
[2, 1, 1, 1]
[2, 1, 1, 1]
[2, 1, 1, 1]
[2, 1, 1, 1]
[2, 1, 1, 1]
[2, 1, 1, 1]
[2, 1, 1, 1]
[2, 1, 1, 5, 1]
[2, 1, 1, 1]
[2, 1, 1, 1]
[2, 1, 1, 1]
[2, 1, 1, 1]
[2, 1, 1, 1]
[45]
[45]

left_values
[45]
[45]
[1, 1, 2]
[1, 1, 2]
[1, 1, 2]
[5, 1, 1, 2]
[1, 1, 1, 2]
[5, 1, 1, 2]
[1, 1, 1, 2]
[5, 1, 1, 2]
[1, 1, 2]
[1, 1, 2]
[1, 1, 2]
[1, 1, 2]
[45]
[1, 1, 2]
[1, 1, 2]
[1, 1, 2]
[1, 1, 2]
[1, 1, 2]
[5, 1, 5, 1, 2]
[1, 1, 1, 1, 1, 2]
[1, 1, 5, 1, 2]
[1, 1, 1, 1, 1, 2]
[1, 1, 5, 1, 2]
[1, 1, 2]
[1, 1, 2]
[1, 1, 2]
[1, 1, 2]
[45]
[1, 1, 2]
[1, 1, 2]
[1, 1, 2]
[1, 1, 2]
[1, 1, 2]
[1, 5, 1, 1, 2]
[1, 1, 1, 1, 2]
[1, 5, 1, 1, 2]
[1, 1, 1, 1, 2]
[1, 5, 1, 1, 2]
[1, 1, 2]
[1, 1, 2]
[1, 1, 2]
[1, 1, 2]
[45]
