Puzzle number: 39345
width:  30
height:  35
solved_count:  2933
AVE_TIME:  '00:12:14'
ave_time_count:  1559

top_values
[1]
[1]
[5, 1, 2, 1]
[15, 1]
[16]
[14]
[14]
[5, 5, 4]
[5, 6, 10]
[30]
[30]
[31]
[31]
[5, 23]
[9, 23]
[35]
[34]
[33]
[32]
[14, 15]
[11, 12]
[10, 8]
[7, 1, 5]
[1, 3, 2]
[1, 2]
[1, 2]
[2]
[2]
[4]
[3]

left_values
[2, 2]
[3, 3]
[4, 4]
[5, 5]
[18]
[17]
[18]
[19]
[19, 2]
[4, 4, 9]
[2, 4, 4, 8]
[5, 4, 8]
[21]
[22]
[22]
[19]
[2, 16]
[1, 12, 1]
[10]
[10]
[11]
[11]
[12]
[12]
[13]
[14]
[14]
[15]
[15]
[15]
[20]
[22]
[15, 3]
[14, 2]
[9, 2]
