Puzzle number: 39381
width:  25
height:  30
solved_count:  3365
AVE_TIME:  '00:12:10'
ave_time_count:  1814

top_values
[9]
[12]
[6, 1, 1, 4]
[4, 1, 1, 1, 1, 4]
[3, 1, 1, 3, 1, 3]
[3, 1, 1, 1, 1, 4]
[2, 9, 1, 3]
[1, 1, 9, 4, 1]
[2, 11, 3, 3]
[1, 16, 5]
[6, 3, 3, 7]
[1, 3, 5, 6, 8, 2]
[4, 7, 4, 9, 2]
[1, 2, 7, 4, 9, 2]
[4, 7, 1, 7, 3]
[4, 7, 5, 6, 3]
[3, 7, 7, 5, 3]
[3, 7, 8, 3, 3]
[3, 7, 8, 3, 3]
[3, 15, 2, 3]
[3, 15, 2, 4]
[3, 17, 2, 1]
[18]
[16]
[13]

left_values
[11]
[4, 1, 1, 1, 5]
[4, 1, 12]
[3, 1, 14]
[3, 7, 3]
[2, 1, 5, 7, 2]
[4, 5, 10, 2]
[3, 1, 4, 14]
[2, 1, 5, 14]
[3, 1, 4, 14]
[2, 2, 4, 14]
[3, 1, 5, 13]
[2, 1, 1, 5, 6]
[3, 1, 1, 7, 9]
[4, 1, 1, 1, 3, 10]
[13, 10]
[12, 10]
[9, 10]
[2, 10]
[8, 9]
[8, 7]
[9, 3]
[14]
[13]
[9]
[7, 2]
[3, 5]
[8]
[8, 1]
[6, 1]
