Puzzle number: 39713
width:  35
height:  40
solved_count:  316
AVE_TIME:  '00:36:31'
ave_time_count:  117

top_values
[1, 7, 1, 7, 4, 1]
[1, 1, 1, 5, 1, 1, 1, 1]
[6, 1, 1, 1, 1, 2, 9, 1]
[1, 1, 1, 1, 1, 3, 1, 1]
[6, 1, 7, 17]
[1, 1, 1, 7, 1, 1, 1, 1, 1, 1]
[6, 1, 1, 1, 1, 1, 1, 1, 1, 1]
[1, 1, 1, 1, 1, 1, 1, 1, 1]
[1, 7, 1, 2, 1, 1, 1, 1]
[1, 7, 8, 4, 3]
[1, 1, 1, 1, 1, 1, 4, 1, 1, 2]
[1, 1, 1, 3, 1, 2, 1, 1, 1, 1]
[9, 1, 1, 1, 5, 1, 1, 1, 1]
[1, 1, 7, 4, 1, 1, 1, 1]
[2, 1, 7, 2, 7]
[1, 2, 1, 1, 16]
[9, 9, 3, 1, 2]
[4, 3, 8]
[1, 1, 6, 1, 3]
[3, 8, 1, 1, 1]
[3, 6, 4, 1, 1]
[3, 1, 9, 1, 2, 1]
[3, 2, 6, 3, 1, 1, 2]
[2, 4, 1, 2, 1, 3]
[4, 4, 2, 1]
[3, 2, 1, 1]
[3, 2, 1, 1, 1]
[2, 1, 3, 2]
[1, 4, 1, 1]
[3, 3]
[3, 1, 2]
[6]
[]
[]
[]

left_values
[1, 8, 3]
[5, 1, 2, 5, 3]
[1, 1, 1, 1, 7, 3]
[1, 1, 1, 1, 4, 3]
[1, 1, 1, 3, 1, 2]
[1, 1, 1, 1, 1, 3]
[5, 1, 1, 3]
[1, 2]
[18]
[1]
[18, 1]
[1, 2, 2, 2, 1, 4]
[1, 2, 2, 2, 1, 5, 2]
[1, 2, 2, 2, 1, 1, 1, 3]
[1, 2, 2, 2, 1, 2, 1, 1, 3]
[1, 2, 2, 2, 1, 2, 1, 2, 2]
[17, 3, 1, 1]
[1, 5, 2]
[17, 4, 1, 1]
[1, 2, 1, 1, 3, 4, 2]
[1, 2, 5, 1, 4, 2]
[2, 1, 1, 2, 1, 5, 2, 1]
[2, 1, 4, 1, 2, 2, 3]
[1, 1, 1, 1, 1, 2, 1]
[1, 1, 4, 1, 2]
[1, 1, 4, 1, 1, 3]
[1, 7, 1, 1, 5]
[1, 1, 1, 12]
[1, 1, 6, 4]
[1, 1, 1, 9]
[2, 6, 2, 1]
[1, 1, 1, 8, 6]
[3, 6, 2, 5, 1]
[1, 1, 1, 10, 2]
[11, 7]
[]
[]
[]
[]
[3]
