Puzzle number: 39777
width:  50
height:  50
solved_count:  824
AVE_TIME:  '00:37:32'
ave_time_count:  440

top_values
[1, 3, 1, 1]
[1, 15, 1]
[1, 15, 1]
[1, 15, 3]
[1, 15, 2, 29]
[1, 4, 1, 2, 1, 3, 4]
[1, 4, 1, 2, 1, 6, 1, 18]
[20, 3, 1]
[2, 1, 6, 26]
[2, 1, 1, 1, 1, 3, 1, 1, 3]
[2, 16, 1, 2, 3, 4, 3, 1, 2]
[4, 2, 1, 1, 1, 1, 1, 1, 6, 5, 2, 1]
[4, 2, 11, 1, 1, 4, 2, 2, 1, 5, 1]
[4, 2, 11, 3, 1, 2, 2, 7, 2]
[4, 2, 11, 3, 1, 1, 3, 2, 3]
[4, 2, 11, 4, 12, 3, 1]
[4, 2, 1, 1, 5, 1, 4, 3, 3, 2]
[3, 2, 1, 1, 2, 2, 1, 2, 3, 3]
[3, 2, 1, 1, 1, 3, 3, 3, 4]
[3, 1, 1, 1, 2, 3, 4, 4, 2]
[4, 1, 11, 1, 14, 3]
[4, 1, 11, 6, 3, 2]
[4, 1, 11, 1, 2, 5, 3]
[3, 1, 11, 1, 7, 3]
[3, 1, 1, 1, 2, 5, 2]
[3, 1, 1, 1, 6, 3]
[3, 1, 1, 1, 5, 2]
[5, 1, 1, 3, 3, 1]
[4, 11, 1, 3, 1]
[1, 4, 11, 1, 3, 1]
[1, 4, 11, 4, 1]
[1, 4, 11, 1, 1]
[1, 4, 11, 1, 1]
[1, 3, 1, 1, 4, 1]
[2, 16, 1, 4, 1]
[2, 4, 2, 3, 3, 1]
[2, 4, 1, 3, 3, 1]
[2, 3, 8, 1]
[3, 3, 4, 1, 1]
[3, 15, 1, 2]
[3, 3, 1, 1]
[3, 3, 1, 1]
[3, 2, 1, 1]
[4, 2, 1, 1]
[3, 2, 1, 1, 1]
[3, 3, 1, 1, 1]
[6, 1, 1, 1]
[3, 1, 1, 1]
[1, 1, 1, 1]
[1, 1, 1]

left_values
[17, 15, 2]
[16, 14]
[8, 17, 10]
[8, 23, 4]
[11, 17, 1]
[7, 9, 15, 2]
[4, 1, 37]
[4, 1, 1, 12]
[4, 1, 25, 1]
[4, 1, 1, 4, 4, 5, 1, 1]
[4, 1, 1, 4, 4, 5, 1, 1, 6]
[4, 1, 1, 4, 4, 5, 1, 1]
[4, 1, 1, 4, 4, 5, 1, 1]
[4, 1, 1, 4, 4, 5, 1, 1]
[4, 1, 1, 4, 4, 5, 1, 1]
[4, 1, 1, 4, 4, 5, 1, 1]
[8, 1, 4, 4, 5, 1, 1]
[2, 1, 4, 4, 5, 1, 2]
[40]
[6, 2, 3]
[1, 1, 2]
[5, 5]
[1, 27, 3]
[4, 5, 1, 1, 4, 1, 5]
[3, 9, 2, 3, 1, 2, 1]
[3, 1, 1, 2, 8, 2, 1, 14]
[1, 1, 1, 4, 1, 9, 1, 3]
[1, 1, 2, 1, 1, 4, 3, 2, 2]
[3, 3, 2, 4, 1, 2, 1, 1]
[2, 6, 1, 1, 1, 3, 2]
[5, 1, 2, 2, 2, 1]
[2, 1, 1, 2, 3, 2, 2]
[1, 1, 5, 7, 1, 2]
[1, 1, 1, 2, 2, 5, 1]
[1, 1, 1, 6, 1, 2, 2]
[1, 1, 1, 8, 3, 2]
[1, 1, 1, 1, 3, 2, 1]
[1, 1, 1, 2, 1, 2, 2, 2, 11]
[1, 1, 1, 1, 1, 1, 2, 1, 13]
[1, 1, 1, 5, 1, 2]
[1, 1, 1, 1, 2, 2, 2]
[1, 1, 1, 3, 1, 1]
[1, 1, 1, 4, 2, 2]
[1, 1, 2, 3, 1, 2]
[1, 1, 1, 1, 2, 1]
[1, 1, 1, 1, 1, 1]
[1, 1, 1, 2, 2, 2]
[1, 1, 4, 1, 1]
[1, 1, 2, 2, 2]
[1, 1, 2, 3, 2]
