Puzzle number: 39799
width:  50
height:  50
solved_count:  716
AVE_TIME:  '00:37:42'
ave_time_count:  367

top_values
[1, 1, 1, 1, 1, 1, 1, 1, 1, 1, 1, 2]
[1, 1, 1, 1, 1, 1, 1, 1, 1, 1, 1, 1, 3]
[1, 1, 1, 1, 1, 1, 1, 1, 1, 1, 1, 1, 4]
[1, 1, 1, 1, 1, 1, 1, 1, 1, 1, 1, 5]
[1, 1, 1, 1, 1, 1, 1, 1, 1, 1, 1, 2]
[1, 1, 1, 1, 1, 1, 1, 1, 1, 1, 1, 1]
[1, 1, 1, 1, 1, 1, 1, 1, 1, 1, 1, 4]
[1, 1, 1, 1, 1, 1, 1, 1, 1, 1, 1, 1, 5]
[48]
[1, 1, 1, 1, 1, 1, 1, 1, 1, 1, 1, 3]
[1, 1, 1, 1, 1, 1, 1, 1, 1, 1, 1, 2]
[1, 1, 1, 1, 1, 1, 1, 1, 1, 1, 1, 3]
[1, 1, 1, 1, 1, 1, 1, 1, 1, 1, 1, 8]
[1, 1, 1, 1, 1, 1, 1, 1, 1, 1, 1, 5]
[44]
[1, 1, 2, 3, 2, 2, 3, 3, 2, 4]
[1, 2, 2, 1, 2, 3, 2, 1, 2, 3, 2, 1, 1, 2]
[1, 6, 4, 4, 2, 2, 3, 2, 7, 1, 6]
[1, 1, 1, 4, 3, 4, 4, 11, 1, 1]
[1, 3, 4, 4, 2, 4, 4, 2, 2, 1, 2, 1]
[1, 1, 4, 4, 4, 1, 2, 4, 2, 1, 1, 1, 1]
[1, 37, 1, 1]
[1, 1]
[1, 1]
[42, 1]
[1, 1, 1, 1, 1, 1, 1, 1, 1, 1, 1, 1, 1]
[1, 1, 1, 1, 1, 1, 1, 1, 1, 1, 1, 1, 2]
[1, 1, 1, 1, 1, 1, 1, 1, 1, 1, 1, 3]
[1, 1, 1, 1, 1, 1, 1, 1, 1, 1, 1, 1, 1]
[1, 1, 1, 1, 1, 1, 1, 1, 1, 1, 1, 1, 1]
[1, 1, 1, 1, 1, 1, 1, 1, 1, 1, 1, 1, 1]
[1, 1, 1, 1, 1, 1, 1, 1, 1, 1, 1, 1, 1]
[42, 1]
[1]
[50]
[]
[]
[]
[50]
[1, 1, 6, 2, 2, 4, 1, 2, 1, 1, 2, 1, 1, 1, 1]
[1, 2, 1, 2, 2, 1, 1, 2, 1, 2, 1, 1, 1, 4, 1, 2, 1, 1]
[12, 36]
[4]
[1, 1]
[5]
[]
[50]
[]
[]
[]

left_values
[22, 9, 1, 1, 2, 1]
[1, 1, 1, 1, 1, 2, 1, 1]
[1, 1, 1, 1, 1, 1, 2, 1]
[22, 9, 1, 1, 2, 1]
[1, 1, 2, 1, 1, 1, 1, 1, 2, 1, 1]
[1, 2, 1, 3, 1, 1, 1, 1, 2, 1]
[1, 5, 2, 1, 1, 1, 2, 1, 1]
[15, 2, 3, 9, 1, 4, 1]
[1, 2, 5, 1, 1, 1, 4, 1]
[1, 3, 2, 1, 1, 1, 1, 2, 1, 1]
[1, 2, 5, 1, 1, 1, 4, 1]
[15, 2, 2, 9, 1, 4, 1]
[1, 1, 2, 3, 1, 1, 1, 1, 1]
[1, 4, 3, 1, 1, 1, 1, 1]
[1, 2, 2, 1, 1, 1, 1, 4, 1]
[15, 5, 9, 1, 2, 1, 1]
[1, 1, 2, 2, 1, 1, 1, 1, 2, 1]
[1, 1, 2, 3, 1, 1, 1, 2, 1, 1]
[1, 1, 6, 1, 1, 1, 4, 1]
[15, 1, 1, 1, 9, 1, 1, 2, 1]
[1, 1, 2, 1, 1, 1, 1, 2, 1, 1]
[1, 1, 3, 2, 1, 1, 1, 4, 1]
[1, 3, 1, 1, 1, 1, 1, 2, 1, 1]
[16, 5, 9, 1, 2, 1, 2, 1]
[1, 1, 6, 1, 1, 1, 1, 3, 1, 1]
[1, 1, 2, 1, 1, 1, 1, 5, 1, 1]
[1, 1, 2, 2, 1, 1, 1, 1, 2, 1, 1]
[15, 2, 2, 9, 1, 1, 3, 1, 1]
[1, 4, 3, 1, 1, 1, 2, 1, 1, 1]
[1, 2, 4, 1, 1, 1, 2, 1, 1]
[1, 2, 2, 1, 1, 1, 1, 1, 2, 1]
[15, 5, 9, 1, 2, 1, 1]
[1, 1, 3, 2, 1, 1, 1, 1, 2, 1]
[1, 3, 2, 1, 1, 1, 1, 2, 1, 1]
[1, 6, 1, 1, 1, 1, 1, 1, 1]
[16, 2, 1, 9, 1, 1, 2, 1]
[1, 1, 5, 1, 1, 1, 4, 1]
[1, 1, 4, 1, 1, 1, 1, 4, 1]
[1, 1, 3, 1, 1, 1, 1, 1, 2, 1]
[16, 5, 9, 1, 2, 1, 1]
[1, 4, 1, 1, 1, 1, 1, 1]
[1, 2, 14, 1, 1, 2, 1]
[1, 8, 1, 1, 2, 1, 1]
[16, 2, 1, 1, 2, 1]
[1, 2, 1, 6, 12, 1, 1, 2, 1]
[1, 1, 4, 3, 3, 1, 2, 1, 1]
[3, 3, 1, 1, 1, 1, 2, 1]
[3, 2, 1, 1, 1, 1, 1, 1]
[1, 1, 1, 1, 1, 2, 1, 1]
[1, 1, 1, 1, 7, 1, 2, 1]
