Puzzle number: 39791
width:  50
height:  50
solved_count:  1351
AVE_TIME:  '00:09:58'
ave_time_count:  781

top_values
[1, 2, 2, 4]
[1, 2, 2, 4]
[1, 2, 2, 3]
[1, 2, 2, 2]
[1, 2, 2, 2]
[1, 2, 2]
[1, 2, 2]
[1, 2, 2]
[1, 2, 2]
[1, 2, 2]
[1, 1, 2]
[1, 1, 2]
[1, 1, 1]
[1, 2, 1]
[1, 2, 1]
[1, 2, 1]
[4]
[4]
[2, 2]
[1, 3]
[1, 4]
[1, 1, 3]
[1, 1, 1]
[1, 1, 2]
[1, 1, 1]
[1, 1, 1]
[1, 1, 1]
[1, 1, 3]
[1, 1, 4]
[1, 1, 4]
[1, 1, 1, 2]
[1, 1, 1, 2]
[1, 1, 1, 3]
[1, 1, 1, 3]
[1, 1, 1, 2]
[1, 1, 1, 3]
[1, 1, 1, 4]
[1, 1, 1, 4]
[1, 1, 1, 3]
[1, 1, 1, 4, 1]
[1, 1, 1, 1, 4]
[1, 1, 1, 1, 3]
[1, 1, 1, 1, 2]
[1, 1, 1, 1, 2]
[1, 1, 1, 1, 3]
[1, 1, 1, 1, 3]
[1, 1, 1, 1, 3]
[1, 1, 1, 1, 4]
[1, 1, 1, 1, 1, 2]
[1, 1, 1, 1, 1, 2]

left_values
[16]
[]
[]
[]
[10]
[15]
[3]
[2]
[12, 3]
[50]
[2]
[33]
[3]
[3]
[2]
[3, 23]
[7]
[1, 4]
[1, 5]
[2, 3]
[3, 3]
[2, 4]
[3, 3]
[2, 15]
[1, 4]
[4]
[3]
[3]
[6]
[3]
[6]
[3]
[3]
[3]
[1]
[]
[]
[]
[]
[]
[]
[]
[]
[]
[]
[]
[]
[]
[]
[]
