Puzzle number: 39900
width:  50
height:  40
solved_count:  330
AVE_TIME:  '00:56:29'
ave_time_count:  112

top_values
[2, 2, 2]
[3, 3, 2]
[5, 1, 3, 3, 2]
[4, 2, 5, 3, 2]
[3, 13, 4, 2]
[3, 14, 4, 2]
[3, 14, 3, 2]
[12, 3, 3, 2, 2]
[1, 6, 2, 2, 2]
[3, 14, 2, 2, 2]
[9, 13, 3, 2]
[6, 3, 7, 4, 2]
[11, 1, 7, 2]
[8, 2, 8, 2]
[11, 1, 3, 8, 2]
[8, 2, 3, 6, 2]
[11, 3, 3, 5, 2]
[9, 3, 4, 6, 2]
[10, 2, 4, 6, 2]
[6, 13, 2]
[9, 12, 2]
[6, 12, 2]
[9, 3, 8, 2]
[7, 2, 6, 2]
[10, 2, 4, 2]
[5, 6, 4, 2]
[1, 5, 6, 4, 2]
[10, 4, 4, 2]
[5, 4, 4, 2]
[6, 5, 5, 2]
[4, 6, 4, 2]
[3, 7, 4, 2]
[8, 4, 4, 2]
[6, 4, 4, 2]
[1, 3, 3, 4, 2]
[4, 3, 3, 2]
[3, 2, 3, 2]
[1, 3, 3, 2]
[3, 2, 2]
[1, 4, 2]
[5, 3, 2]
[5, 3, 2]
[37]
[2, 37]
[2, 37]
[37]
[5, 2, 2, 2]
[5, 3, 6]
[1, 1, 5]
[1, 4]

left_values
[1, 1, 1, 1, 1, 1, 1, 1, 1, 1, 2, 2, 2]
[1, 1, 1, 1, 1, 1, 1, 1, 1, 1, 1, 1, 2, 2, 2]
[2, 1, 1, 1, 3, 1, 1, 1, 2, 2, 2]
[1, 15, 1, 8]
[1, 15, 1, 10]
[1, 18, 4]
[21, 4]
[22, 4]
[28, 4]
[7, 7, 7, 4]
[7, 6, 3, 4]
[3, 3, 3, 4]
[3, 3, 4, 4]
[2, 3, 4, 4, 4]
[3, 4, 3, 4]
[2, 10, 2, 4]
[6, 2, 2, 8, 2, 4]
[5, 2, 11, 2, 3, 4]
[4, 3, 8, 2, 6, 4]
[3, 3, 7, 12, 4]
[3, 3, 5, 7, 4, 4]
[3, 3, 4, 8, 5, 4]
[4, 3, 4, 7, 4, 4]
[5, 3, 5, 6, 8]
[5, 3, 6, 4, 7]
[5, 9, 3, 5]
[4, 10, 2, 4]
[4, 7, 3, 4]
[6, 7, 3, 4]
[5, 6, 3, 8, 6]
[4, 15, 8]
[2, 4, 14, 4, 1]
[6, 5, 10, 2, 4]
[15, 4, 5]
[14, 6]
[4, 2]
[4, 3]
[4, 3]
[50]
[50]
