Puzzle number: 40279
width:  50
height:  50
solved_count:  442
AVE_TIME:  '00:53:35'
ave_time_count:  175

top_values
[2]
[3]
[4]
[5]
[5]
[5]
[2, 1]
[2, 1]
[2, 2]
[2, 1]
[2]
[2]
[2]
[]
[1, 1, 1, 1]
[4, 2, 6, 1]
[9, 11, 3]
[1, 1, 14, 1, 2]
[1, 19, 1]
[1, 16, 1]
[3, 20]
[3, 18, 1]
[4, 19]
[1, 2, 2, 15, 1]
[3, 3, 17]
[4, 2, 15]
[1, 2, 1, 15]
[4, 1, 9, 2]
[1, 2, 1, 1, 9, 5]
[2, 2, 8, 5]
[2, 3, 8, 1, 2]
[1, 1, 8, 1, 2]
[2, 8, 3, 1]
[1, 13, 1]
[17, 1]
[3, 20, 1]
[1, 20, 3]
[15]
[8]
[4, 2]
[2, 2]
[6, 3]
[1, 9, 2]
[1, 12, 3]
[2, 3, 10, 3]
[1, 1, 4, 10, 3]
[4, 1, 2, 11, 2]
[3, 2, 11, 2]
[4, 1, 12, 3]
[2, 1, 13, 3]

left_values
[]
[]
[]
[]
[]
[]
[]
[]
[]
[]
[]
[]
[]
[1]
[1]
[2]
[3, 4]
[2, 1, 1, 2, 1, 2, 3]
[2, 9, 2, 1, 6]
[9, 1, 2, 1, 2]
[6, 2]
[1, 1, 3]
[1, 1, 1, 5, 3]
[2, 2, 1, 2, 4, 3]
[1, 1, 3, 2, 6, 4]
[2, 1, 5, 7, 3, 2]
[2, 1, 3, 8, 4, 2]
[10, 10, 5, 3]
[3, 21, 6]
[23, 9]
[2, 22, 9]
[25, 8]
[16, 7, 8]
[17, 8, 7]
[15, 9, 7]
[14, 7, 6]
[14, 2, 5, 6]
[12, 2, 2, 5]
[12, 2, 3, 4]
[11, 4, 6, 3]
[20, 5, 2]
[13, 2, 4, 1]
[2, 6, 3, 1, 4]
[5, 1, 1, 5, 1, 3]
[6, 3, 1, 1, 2]
[5, 1, 3, 1]
[4, 2]
[5, 2, 1]
[9]
[5]
