Puzzle number: 40272
width:  50
height:  50
solved_count:  469
AVE_TIME:  '00:41:29'
ave_time_count:  188

top_values
[36, 12]
[35, 14]
[34, 15]
[33, 16]
[32, 17]
[32, 17]
[31, 18]
[31, 18]
[29, 19]
[28, 20]
[28, 20]
[27, 21]
[26, 21]
[3, 21, 22]
[4, 20, 23]
[4, 20, 23]
[4, 20, 23]
[2, 19, 23]
[3, 17, 23]
[2, 18, 9, 13]
[2, 3, 15, 4, 4, 13]
[1, 2, 15, 4, 4, 12]
[1, 2, 13, 2, 1, 3, 8, 3]
[2, 1, 14, 5, 2, 8, 2]
[1, 1, 1, 15, 4, 4, 2, 3, 4]
[1, 6, 13, 1, 2, 3, 2, 1, 2]
[3, 2, 16, 3, 7, 1]
[1, 1, 15, 5, 10, 4]
[2, 1, 5, 11, 6, 14, 1]
[1, 1, 2, 11, 3, 11, 2]
[3, 1, 1, 1, 11, 2, 1, 9, 1]
[3, 2, 12, 8, 7, 1]
[4, 3, 14, 3, 3, 6]
[3, 1, 2, 10, 1, 1, 4, 1]
[1, 3, 1, 13, 1, 3]
[1, 3, 1, 2, 12, 1, 2, 1, 3]
[2, 3, 2, 15, 3, 2, 4]
[2, 3, 2, 13, 1]
[2, 3, 3, 1, 4, 8, 1]
[1, 3, 2, 1, 2, 11]
[1, 3, 2, 4, 13]
[1, 1, 2, 1, 5, 14]
[2, 3, 2, 3, 1, 17]
[4, 2, 1, 1, 2, 26]
[3, 2, 1, 27]
[4, 2, 1, 27]
[3, 1, 1, 2, 23]
[2, 2, 1, 1, 3, 23]
[6, 1, 2, 2, 3, 21]
[7, 2, 2, 1, 2, 19]

left_values
[17, 4, 4, 4, 4]
[18, 1, 5, 3, 8]
[21, 1, 5, 2, 4, 2]
[13, 3, 3, 10, 1, 3, 3]
[13, 1, 1, 8, 1, 3]
[17, 1, 6, 2]
[18, 3, 4, 6, 1]
[24, 2, 1, 4, 4]
[20, 2, 1, 2, 2, 2, 2]
[24, 4, 1, 1, 1]
[23, 6, 3]
[22, 6, 2, 4]
[25, 2, 5, 6]
[33, 3, 1]
[33, 1, 1, 2, 1, 1]
[38, 2, 2]
[38, 1, 5]
[43, 1, 1]
[39, 3, 4]
[39, 5, 1]
[39, 2]
[38, 1, 3, 1, 1]
[41, 1, 2]
[43, 2, 1]
[18, 5, 15]
[14, 3, 12, 1]
[12, 1, 1, 11, 1]
[11, 8, 4, 12]
[9, 10, 7, 10]
[8, 18, 2, 11]
[8, 13, 2, 3, 3, 1, 10]
[6, 12, 3, 2, 2, 1, 11]
[4, 15, 2, 1, 2, 2, 10]
[3, 18, 1, 2, 2, 10]
[2, 20, 1, 6, 10]
[1, 24, 5, 1, 9]
[18, 5, 4, 3, 9]
[20, 1, 8, 8]
[24, 8, 8]
[35, 8]
[37, 7]
[24, 8, 5, 7]
[25, 8, 2, 7]
[30, 1, 1, 7]
[26, 3, 7]
[24, 1, 1, 7]
[22, 2, 2, 7]
[23, 1, 2, 7]
[26, 1, 1, 7]
[31, 7]
