Puzzle number: 40276
width:  50
height:  50
solved_count:  496
AVE_TIME:  '00:47:20'
ave_time_count:  198

top_values
[3, 6, 1, 2, 25, 1]
[5, 1, 2, 2, 20, 1, 1, 1]
[6, 3, 1, 2, 2, 21]
[6, 5, 1, 2, 2, 22]
[4, 7, 3, 2, 22, 1]
[13, 3, 2, 22, 1]
[12, 1, 3, 3, 20, 1]
[10, 3, 4, 2, 15, 2]
[9, 6, 2, 15, 2]
[17, 2, 2, 17, 1]
[18, 2, 1, 18]
[19, 2, 1, 2, 16]
[19, 2, 1, 2, 1, 15, 1]
[18, 6, 2, 1, 13, 1]
[24, 1, 14, 1]
[26, 2, 9, 4]
[27, 1, 1, 8, 5]
[28, 4, 5, 4]
[27, 4, 3, 4]
[27, 2, 5, 3, 4]
[29, 1, 5, 3, 2, 1]
[28, 3, 3, 2, 1, 3]
[16, 9, 2, 1, 2, 1, 4]
[14, 1, 14, 1, 2, 4]
[15, 14, 2, 2, 1, 1]
[7, 7, 4, 9, 2, 2, 3]
[7, 7, 3, 11, 1, 1, 1, 2, 2]
[8, 6, 2, 14, 2, 3, 1, 1]
[8, 7, 13, 2, 4, 1]
[8, 8, 15, 1, 2, 3]
[9, 9, 13, 3, 4]
[10, 8, 10, 4, 4]
[10, 10, 9, 6, 3]
[11, 9, 4, 3, 1, 1, 2]
[13, 8, 4, 7, 1, 4]
[14, 7, 4, 4, 7]
[15, 6, 2, 6, 5]
[15, 3, 1, 5, 1, 3, 3]
[15, 1, 6, 12, 2]
[14, 4, 5, 15, 2]
[14, 4, 6, 1, 2, 2, 2, 2, 3]
[13, 6, 6, 6, 1, 1, 4]
[13, 5, 6, 6, 3, 1, 3]
[13, 5, 6, 7, 7, 3]
[12, 3, 6, 6, 8, 2, 1]
[12, 3, 6, 6, 9, 1]
[12, 3, 6, 5, 16]
[13, 3, 7, 4, 15, 1]
[17, 7, 2, 15, 2]
[18, 9, 13, 4]

left_values
[1, 47]
[1, 48]
[1, 48]
[49]
[4, 45]
[4, 45]
[3, 46]
[2, 22, 23]
[1, 25, 20]
[1, 6, 21, 19]
[5, 23, 17]
[4, 25, 16]
[2, 26, 10, 3]
[2, 28, 6, 2, 2]
[2, 16, 11, 3, 9]
[1, 16, 8, 10]
[5, 13, 4, 8, 6, 3]
[5, 18, 8, 5, 1]
[1, 3, 1, 2, 13, 8, 5, 3]
[4, 2, 2, 13, 3, 6, 1, 1, 6]
[4, 1, 15, 5, 5, 7]
[1, 1, 20, 4, 1, 8]
[7, 20, 1, 10]
[4, 3, 22, 1, 11]
[5, 3, 1, 20, 1, 7, 3]
[6, 2, 21, 1, 6, 2]
[6, 1, 1, 6, 12, 6, 3, 1]
[7, 5, 1, 2, 11, 6, 7]
[8, 3, 2, 10, 3, 7]
[8, 2, 1, 12, 4, 8]
[7, 3, 2, 2, 4, 7, 4, 1, 6, 1]
[12, 2, 1, 1, 5, 3, 1, 5, 2]
[13, 5, 5, 2, 3, 7, 3]
[15, 4, 2, 2, 2, 6, 4]
[17, 3, 3, 3, 3, 1, 4]
[17, 5, 1, 4, 3, 6]
[18, 3, 2, 2, 4, 7]
[18, 3, 3, 1, 2, 7]
[19, 2, 6, 4, 8]
[27, 3, 4, 8]
[24, 2, 4, 8]
[17, 2, 2, 2, 7]
[1, 14, 2, 3, 2, 1, 7]
[12, 5, 8, 1, 4]
[1, 11, 5, 5, 5, 2, 1, 3]
[4, 5, 5, 2, 1, 2, 1, 5]
[1, 2, 3, 5, 2, 2, 2, 1, 1, 2, 1]
[5, 4, 1, 4, 1, 4, 1, 1]
[1, 2, 3, 3, 5, 7, 1, 2]
[2, 1, 4, 5, 4, 1, 4, 6, 3]
