Puzzle number: 40305
width:  50
height:  50
solved_count:  334
AVE_TIME:  '01:11:44'
ave_time_count:  113

top_values
[1, 13, 13, 5, 3]
[1, 28, 5, 3, 4]
[1, 13, 19, 1, 5]
[14, 13, 4, 3, 1]
[13, 6, 6, 6, 4, 1]
[1, 4, 7, 5, 5, 8, 3, 2]
[5, 7, 4, 5, 6, 6]
[6, 1, 5, 4, 4, 3, 2, 1, 1]
[3, 1, 5, 3, 2, 4, 1, 1, 1, 1]
[5, 5, 2, 2, 1, 4, 3, 5, 1]
[1, 2, 3, 2, 4, 6, 4]
[2, 3, 1, 4, 3, 1, 5, 1]
[1, 2, 2, 1, 3, 4, 3, 2, 5, 1]
[1, 2, 2, 1, 2, 4, 3, 1, 7]
[4, 2, 1, 2, 3, 4, 6]
[2, 2, 3, 3, 3, 5, 5]
[1, 3, 4, 3, 3, 6, 5]
[1, 2, 4, 2, 3, 7, 5]
[1, 2, 2, 1, 4, 3, 6, 5]
[2, 2, 2, 1, 5, 2, 5, 4]
[2, 2, 2, 1, 3, 3, 4, 1, 2]
[2, 2, 2, 2, 2, 2, 6, 3]
[2, 4, 2, 2, 1, 3, 5, 2]
[3, 4, 2, 2, 2, 1, 4, 2]
[4, 3, 3, 3, 2, 1, 5, 2]
[3, 4, 3, 1, 3, 1, 1, 4, 1, 2]
[2, 4, 2, 1, 3, 3, 6, 3]
[2, 3, 4, 3, 2, 4, 2]
[3, 4, 5, 2, 2, 3, 1]
[3, 3, 5, 2, 2, 3, 1]
[1, 2, 1, 10, 3, 2, 2, 1]
[2, 5, 13, 1, 1]
[1, 5, 12]
[2, 4, 10]
[1, 4, 1, 9]
[1, 4, 1, 10]
[1, 4, 10]
[2, 2, 9]
[1, 3, 7]
[2, 1, 3, 6]
[1, 1, 3, 1, 7]
[3, 4, 7]
[3, 3, 6]
[3, 4, 4]
[2, 3, 2, 5]
[5, 3, 3, 5, 1]
[9, 2, 6]
[1, 6, 4, 5]
[8, 5, 1]
[5, 7]

left_values
[3, 3, 3]
[1, 2, 3, 5, 2, 5, 4]
[1, 1, 1, 2, 8, 3, 2]
[1, 1, 15, 7, 4, 2]
[15, 1, 7, 3, 3]
[10, 8, 6, 2]
[8, 5, 5]
[7, 3, 7, 1, 5]
[5, 5, 2, 2, 7, 4]
[9, 4, 8, 6, 1, 2]
[7, 1, 3, 9, 3, 6, 1]
[13, 9, 6, 1]
[12, 3, 8, 4, 5]
[22, 9, 1, 3]
[10, 11, 8, 3]
[9, 2, 17, 1, 1]
[5, 17, 1]
[1, 15]
[8, 18, 1]
[9, 4, 18]
[11, 1, 4, 18]
[14, 5, 18]
[6, 4, 4, 4, 3, 10]
[5, 3, 2, 8, 2, 5]
[4, 6, 5, 4]
[8, 6, 2, 2]
[11, 6, 1]
[14, 1, 2, 1, 2]
[8, 7, 4, 1]
[7, 10, 6]
[5, 10, 3]
[1, 2, 6]
[7, 2, 3]
[19, 4]
[21]
[25]
[3, 3, 1, 13]
[2, 5, 13]
[2, 1, 2, 2, 4, 7]
[1, 1, 1, 2, 6]
[1, 2, 5]
[2, 4]
[1]
[2, 5]
[11]
[6, 10]
[4, 1, 11, 1]
[5, 4, 12, 1]
[3, 1, 15]
[6, 3, 9, 8]
