Puzzle number: 40302
width:  50
height:  50
solved_count:  364
AVE_TIME:  '00:58:33'
ave_time_count:  128

top_values
[1, 2, 1, 14]
[1, 1, 1, 1, 12]
[1, 2, 4, 10]
[1, 2, 5, 6]
[1, 2, 5, 4]
[2, 4, 6]
[2, 4, 5]
[1, 3, 6, 1]
[2, 3, 6, 2]
[1, 9, 1]
[2, 9, 2, 1]
[2, 8, 3, 1]
[2, 7, 3, 1]
[2, 7, 2, 1]
[2, 5, 1, 2, 1]
[2, 6, 2, 2, 1]
[2, 6, 3, 1]
[1, 4, 4]
[2, 6]
[3, 17]
[2, 5]
[2, 3, 5]
[2, 4, 1, 4]
[5, 3, 2, 3]
[2, 1, 5, 2, 2]
[3, 5, 4]
[10, 8]
[11, 3]
[6, 4, 3, 3]
[6, 3, 4, 2]
[1, 5, 4, 3, 2]
[1, 18, 4, 3, 1]
[2, 1, 21, 4, 1]
[4, 9, 16]
[1, 3, 11, 12]
[1, 1, 3, 1, 12, 11, 1, 6]
[2, 4, 17, 10, 1, 3]
[1, 24, 7, 4]
[34, 6]
[29, 9]
[26, 12]
[26, 13, 1]
[17, 3, 16]
[13, 23]
[11, 17, 1]
[10, 5, 2]
[2, 2, 5]
[2]
[1]
[]

left_values
[11]
[2, 11]
[2, 1, 8]
[1, 10]
[12]
[3, 10]
[2, 11]
[1, 11]
[2, 9]
[1, 9]
[12]
[2, 8]
[2, 8]
[10]
[9]
[13]
[10]
[9]
[9]
[1, 11]
[14]
[15]
[17]
[18]
[3, 12, 7]
[3, 5, 3, 3, 7]
[4, 2, 2, 2, 3, 4, 1]
[4, 2, 1, 2, 4, 2, 2]
[11, 14, 2, 2]
[7, 15, 2]
[16, 2]
[1, 1, 7, 8, 2]
[1, 6, 8, 2]
[6, 1, 5, 8, 4, 1]
[7, 8, 7, 7]
[13, 6, 7, 7]
[1, 5, 12, 6, 8]
[1, 2, 9, 1, 5, 8]
[2, 8, 1, 3, 1, 4, 8]
[2, 8, 1, 2, 1, 2, 3, 8]
[3, 8, 1, 1, 4, 1, 10]
[3, 7, 1, 1, 4, 9]
[3, 7, 2, 1, 1, 3, 9]
[3, 6, 4, 1, 1, 1, 1, 7]
[4, 4, 3, 1, 3, 1, 1, 2, 6]
[8, 2, 1, 1, 3, 2, 2, 2, 4]
[7, 6, 1, 3, 1, 2, 2, 2]
[6, 8, 1, 2, 1, 2, 2, 1, 3]
[5, 1, 1, 2, 4, 1, 2]
[4, 2, 6, 1, 1, 6, 1, 2]
