Puzzle number: 40362
width:  50
height:  50
solved_count:  366
AVE_TIME:  '01:02:52'
ave_time_count:  117

top_values
[1, 2, 2, 2, 1, 2, 1, 2, 3]
[4, 1, 4, 2, 1, 1, 3, 2]
[4, 1, 2, 9, 2, 2]
[4, 2, 2]
[9, 3, 3]
[1, 2, 2, 2]
[3, 1, 1, 1, 2]
[1]
[]
[]
[3]
[11]
[14, 2]
[31]
[26, 5, 3]
[25, 5, 4]
[30, 2, 10]
[28, 2, 13]
[27, 1, 3, 13]
[22, 3, 1, 1, 2, 12]
[21, 2, 1, 1, 4, 12]
[22, 3, 1, 6, 12]
[3, 19, 4, 12]
[3, 22, 1, 2, 1, 11]
[25, 1, 1, 2, 9, 1]
[3, 19, 1, 2, 11]
[1, 1, 19, 2, 1, 1, 9]
[2, 20, 2, 1, 1, 9]
[22, 3, 1, 1, 8, 1]
[1, 22, 3, 3, 7, 1, 1]
[26, 7, 2]
[24, 2, 1, 7, 1, 2]
[2, 20, 5, 7, 1, 1]
[20, 3, 8, 1, 1]
[16, 3, 6, 6, 4]
[1, 19, 1, 3, 1, 1, 6, 3]
[1, 1, 16, 1, 2, 1, 6, 5]
[17, 1, 5, 7]
[1, 18, 1, 3, 1, 1, 5, 3, 3]
[19, 5, 2, 1, 3, 1, 1, 1]
[1, 19, 7, 1, 3, 1, 1, 1]
[1, 19, 2, 1, 2, 4, 1, 1, 3]
[1, 19, 1, 2, 1, 2, 4, 3, 2]
[1, 16, 1, 1, 2, 4, 3, 2, 2]
[1, 16, 1, 1, 2, 2, 2, 5, 2, 4]
[1, 15, 1, 4, 1, 2, 4, 1, 2, 2]
[2, 11, 2, 1, 1, 1, 1, 3, 3, 1, 2, 3]
[3, 11, 2, 1, 2, 3, 2, 8]
[3, 11, 2, 3, 2, 1, 2, 2, 2, 1, 1, 1]
[3, 11, 3, 6, 1, 1, 1]

left_values
[1, 1, 7, 2, 1, 10]
[2, 3, 16, 4]
[5, 1, 18, 1, 3]
[7, 15, 2, 2, 1]
[5, 11, 1, 1, 5, 6]
[1, 2, 1, 14, 5, 1, 8]
[2, 1, 23, 1, 10, 1]
[1, 1, 2, 23, 15]
[1, 39]
[3, 2, 39]
[3, 2, 39]
[1, 39]
[2, 38]
[4, 38]
[6, 38]
[3, 1, 1, 37]
[1, 37]
[1, 33, 2]
[1, 2, 33]
[1, 3, 38]
[1, 1, 31, 4]
[1, 1, 30, 1, 1]
[1, 6, 23, 1]
[3, 8, 14, 4]
[9, 11, 3, 1]
[1, 2, 4, 1, 2, 8, 2, 2]
[2, 1, 3, 1, 1, 2, 1, 2, 4]
[1, 5, 2, 6, 1, 1, 9]
[2, 4, 1, 5, 1, 7, 1, 2]
[1, 1, 4, 1, 2, 9, 3, 3]
[1, 3, 1, 2, 5, 3, 3, 1]
[2, 3, 1, 3, 3, 2, 3]
[1, 3, 5, 4, 2, 2, 2, 3, 1]
[7, 1, 1, 1, 9]
[1, 5, 6, 3, 4, 2, 1, 2]
[2, 6]
[3, 3]
[4, 6, 8]
[35]
[30]
[27, 1, 2, 1]
[23, 1, 2]
[21, 1, 1, 3]
[18, 2, 7]
[18, 2, 4, 1]
[13, 4, 1, 2]
[11, 4, 2, 2, 2]
[7, 1, 1, 16]
[9, 2, 6, 2, 3]
[6, 5, 8, 1, 1]
