Puzzle number: 40945
width:  25
height:  35
solved_count:  2582
AVE_TIME:  '00:11:22'
ave_time_count:  1184

top_values
[1, 1, 1]
[2, 1]
[4, 1]
[4, 1]
[3, 1]
[6, 4, 3]
[8, 3, 1, 1]
[9, 3, 4]
[3, 4, 10, 12]
[2, 2, 3, 2, 1, 1, 1, 10, 1]
[2, 2, 2, 2, 1, 1, 6, 1]
[2, 2, 12, 1]
[2, 2, 2, 2, 1, 1, 3]
[2, 2, 3, 2, 1, 1, 1, 4]
[3, 4, 14, 1]
[9, 2, 5, 1]
[8, 2, 6, 1]
[6, 3, 6]
[2, 4]
[3, 1, 1]
[3, 3]
[3, 1]
[7, 1]
[4, 1]
[2, 2, 1]

left_values
[11]
[13]
[4, 4]
[3, 2, 2, 3, 1, 1]
[3, 2, 2, 3, 1, 1]
[3, 3, 2]
[4, 1, 4, 3]
[3, 1, 3, 3]
[3, 3, 3]
[3, 3, 3]
[5, 3]
[1, 4]
[13]
[13]
[4, 1, 1]
[3, 7]
[3, 1, 1, 1]
[3, 7]
[2, 1, 1, 1]
[4, 7]
[2, 1, 3, 1]
[1, 7]
[2, 2]
[3, 2]
[3, 3]
[2, 3]
[2, 2]
[2, 2]
[2, 2]
[2, 2]
[2, 2]
[2, 2]
[4, 4]
[1, 2, 2, 1]
[12, 11]
