Puzzle number: 41007
width:  25
height:  35
solved_count:  3939
AVE_TIME:  '00:13:49'
ave_time_count:  1741

top_values
[2]
[5, 1]
[9]
[2, 2, 2]
[7, 1]
[2, 2, 2, 1]
[3, 2, 2, 1]
[2, 5, 1]
[3, 2, 2, 1]
[2, 6, 2]
[2, 2, 5]
[2, 3, 3, 2, 1]
[3, 3, 7, 1]
[2, 2, 3, 2, 1]
[3, 3, 2, 3, 1]
[2, 2, 2, 3, 2]
[3, 3, 3, 4, 1]
[2, 2, 11]
[2, 2, 5, 2]
[2, 2, 3, 1]
[2, 2, 1]
[1, 3, 1, 1]
[2, 1, 1, 2, 1]
[22, 2, 1]
[4, 1]

left_values
[2]
[3]
[1, 1]
[4]
[1, 1, 1]
[2, 1, 1]
[2, 1, 1]
[2, 2, 1]
[1, 2, 1]
[2, 1, 1]
[2, 1, 1]
[1, 2, 1]
[2, 1, 1]
[2, 2, 1]
[1, 2, 1]
[2, 1, 1]
[2, 2, 1]
[2, 2, 1]
[2, 1, 1]
[1, 2, 1]
[2, 1, 3]
[2, 2, 2]
[1, 2, 1]
[2, 1, 4, 4]
[2, 1, 6, 2]
[1, 1, 3, 2]
[11, 2]
[11, 3]
[2, 1, 1, 1, 1, 2, 3]
[19]
[18]
[2, 2]
[4, 4]
[1, 2, 1, 2]
[2, 5, 4, 2, 6]
