Puzzle number: 41234
width:  50
height:  45
solved_count:  241
AVE_TIME:  '00:37:37'
ave_time_count:  138

top_values
[]
[4, 3]
[2, 2, 6]
[3, 2, 9]
[3, 2, 12]
[5, 2, 15]
[6, 18]
[7, 7, 16]
[9, 1, 1, 1, 15]
[10, 4, 14]
[12, 2, 4, 13]
[13, 3, 1, 11]
[15, 1, 4, 9]
[16, 2, 3, 7]
[18, 4, 1, 3, 5]
[18, 1, 5]
[19, 3]
[19, 1, 2]
[19, 1, 18]
[20, 2, 1]
[20, 2, 3, 1]
[21, 1, 1, 2]
[21, 3, 2, 3]
[22, 3, 1, 4]
[10, 4, 1, 3, 5]
[13, 6, 5, 6]
[18, 3, 7]
[22, 1, 8]
[1, 25, 10]
[4, 38]
[7, 35]
[10, 32]
[13, 30]
[15, 29]
[15, 27]
[14, 25]
[14, 24]
[14, 22]
[14, 21]
[1, 14, 20]
[2, 14, 19]
[4, 14, 18]
[5, 14, 17]
[6, 15, 16]
[7, 14, 16]
[8, 15, 15]
[9, 16, 14]
[10, 15, 14]
[11, 16, 13]
[11, 16, 13]

left_values
[10, 2, 6]
[10, 3, 6]
[11, 3, 6]
[12, 3, 6, 2]
[12, 4, 6, 4]
[13, 4, 6, 5]
[14, 4, 7, 7]
[14, 5, 7, 9]
[15, 5, 7, 11]
[16, 5, 8, 10]
[16, 6, 8, 9]
[17, 6, 9, 8]
[18, 6, 10, 6]
[19, 6, 11, 3]
[20, 6, 14]
[20, 7, 16]
[21, 8, 15]
[22, 8, 15]
[3, 10, 8, 14]
[2, 2, 7, 8, 14]
[2, 1, 5, 9, 13]
[1, 1, 1, 3, 10, 12]
[1, 1, 3, 1, 2, 2, 10, 12]
[2, 3, 4, 1, 2, 10, 11]
[2, 1, 3, 4, 1, 1, 11, 10]
[2, 4, 1, 3, 1, 1, 12, 9]
[2, 1, 1, 2, 2, 1, 1, 14, 8]
[2, 3, 1, 1, 6, 14, 7]
[1, 4, 1, 2, 1, 15, 5]
[3, 2, 1, 1, 3, 16, 4]
[6, 3, 1, 1, 17, 2]
[7, 1, 1, 2, 19]
[8, 1, 1, 1, 21]
[10, 1, 3, 21]
[11, 1, 1, 1, 21]
[11, 1, 2, 22]
[12, 1, 1, 22]
[12, 2, 23]
[12, 1, 24]
[12, 1, 25]
[11, 1, 26]
[10, 1, 27]
[10, 1, 28]
[9, 1, 29]
[7, 1, 30]
