Puzzle number: 41393
width:  35
height:  25
solved_count:  1657
AVE_TIME:  '00:23:04'
ave_time_count:  651

top_values
[3, 2, 2]
[7, 4]
[2, 3, 5]
[6, 3]
[2, 5, 2, 2]
[1, 6, 3, 5]
[1, 1, 6, 2, 5]
[3, 10, 4]
[1, 2, 12]
[1, 1, 14]
[1, 2, 1, 10]
[1, 4, 7]
[1, 1, 8, 2]
[1, 12]
[1, 1, 1, 9]
[1, 1, 10]
[1, 1, 8]
[8]
[5, 5]
[3, 1, 4]
[6, 3, 1]
[11, 4]
[18]
[1, 2, 5, 4]
[3, 4]
[2, 1, 3, 2]
[6, 3, 3]
[1, 1, 2, 8]
[6, 6]
[4, 1]
[1, 4]
[2, 3]
[1, 5]
[1, 2]
[2]

left_values
[1]
[1, 1, 2]
[2, 2, 2, 3]
[1, 1, 2, 2, 1]
[3, 1, 2, 2, 1, 4, 1]
[6, 2, 2, 1, 1, 2, 2, 1, 1]
[1, 5, 3, 1, 1, 6, 2, 1]
[10, 4, 3, 1, 3, 1, 1]
[11, 2, 2, 1, 2, 1, 1, 1, 4]
[14, 6, 9]
[18, 2, 3]
[16]
[12, 4]
[11, 5]
[14, 5]
[9, 7, 6]
[4, 3, 16]
[2, 4, 11, 5]
[2, 4, 6, 2]
[2, 3, 2, 2]
[3, 3, 2, 2]
[2, 2, 3, 2]
[2, 2, 3]
[2, 2, 3]
[1, 3, 2]
