Puzzle number: 41450
width:  29
height:  23
solved_count:  1412
AVE_TIME:  '00:20:17'
ave_time_count:  547

top_values
[1]
[2]
[3, 2]
[2, 2]
[4]
[7]
[2, 4]
[2, 2, 2]
[2, 3, 1]
[7, 3]
[7, 3]
[8, 3]
[6, 1, 2]
[1, 6, 3]
[2, 5, 4]
[2, 4, 3]
[3, 4, 4, 1]
[3, 4, 7]
[3, 9, 1]
[2, 1, 4, 1]
[2, 1, 4, 1]
[5, 3, 6]
[11, 1, 2]
[13, 1]
[4, 9, 1]
[1, 2, 8]
[3, 6]
[2]
[1]

left_values
[2]
[3, 1]
[7]
[8]
[3]
[4]
[4]
[3, 4]
[13]
[15]
[2, 6]
[10, 5]
[14, 4]
[1, 12, 6]
[2, 3, 13, 1]
[5, 3, 2, 7]
[2, 6, 6]
[12, 8]
[8, 6]
[2, 10]
[3, 6, 2]
[5, 1]
[5]
