Puzzle number: 41454
width:  22
height:  22
solved_count:  3129
AVE_TIME:  '00:09:37'
ave_time_count:  1481

top_values
[4]
[6]
[1, 7]
[2, 5, 2]
[3, 2, 3, 1]
[2, 3, 2, 2]
[1, 4, 2, 1]
[2, 5, 1, 1]
[3, 6]
[2, 1, 2, 1]
[1, 4]
[3, 1, 2, 1, 1, 1]
[3, 6, 2, 1]
[3, 5, 2, 2]
[1, 3, 3, 1]
[2, 2, 1, 3, 2]
[3, 4, 1, 3, 2]
[3, 3, 3, 4, 3]
[9, 4, 2]
[4, 6]
[5]
[3]

left_values
[3, 3]
[11]
[3, 3, 3]
[5, 2]
[3, 3]
[2, 3]
[1, 3]
[1]
[3]
[4]
[3]
[7, 1]
[3, 1, 3]
[16]
[14, 4]
[4, 4, 2, 7]
[5, 2, 2, 8]
[6, 4, 3]
[3, 3, 3, 4]
[3, 2, 2, 5]
[4, 5]
[3, 3]
