Puzzle number: 41499
width:  40
height:  40
solved_count:  1366
AVE_TIME:  '00:19:29'
ave_time_count:  585

top_values
[12]
[23]
[30]
[4, 2, 3, 5, 3]
[2, 2, 3, 1, 1, 2, 3]
[1, 2, 1, 2, 1, 3]
[2, 3, 4, 2, 1]
[2, 3, 3, 4, 1]
[2, 2, 2, 1, 3, 1]
[1, 2, 2, 4, 1, 1]
[2, 2, 2, 1, 1, 1, 1]
[2, 3, 1, 1, 1]
[2, 2, 1, 4, 3, 1, 1]
[2, 11, 3, 1, 1]
[2, 15, 3, 1, 1]
[1, 4, 2, 2, 5, 3, 1, 1]
[1, 3, 2, 1, 2, 1, 1]
[1, 3, 2, 3, 2]
[2, 3, 2, 4, 3]
[3, 3, 4, 4, 6]
[3, 3, 3, 4, 3, 1, 4]
[7, 8, 3, 2, 5]
[20, 2, 9]
[20, 16]
[19, 19]
[40]
[40]
[40]
[40]
[40]
[39]
[39]
[37]
[36]
[35]
[34]
[29]
[1, 24]
[21]
[14]

left_values
[20]
[7, 14]
[2, 13]
[2, 12]
[1, 14]
[3, 15]
[2, 16]
[2, 14]
[2, 14]
[1, 2, 14]
[1, 21]
[1, 3, 22]
[2, 5, 5, 16]
[7, 2, 19]
[3, 1, 20]
[3, 1, 23]
[3, 7, 4, 19]
[3, 1, 4, 2, 17]
[5, 2, 4, 16]
[4, 1, 4, 2, 14]
[4, 2, 14]
[3, 3, 15]
[3, 3, 15]
[3, 4, 15]
[3, 5, 16]
[3, 1, 9, 1, 16]
[4, 1, 7, 1, 18]
[3, 1, 20]
[4, 1, 1, 17]
[3, 2, 4, 2, 1, 17]
[4, 3, 8, 17]
[2, 36]
[2, 4, 2, 19]
[2, 1, 2, 18]
[2, 6, 1, 18]
[2, 1, 19]
[3, 21]
[3, 22]
[2, 23]
[35]
