Puzzle number: 41735
width:  25
height:  30
solved_count:  3176
AVE_TIME:  '00:10:09'
ave_time_count:  1586

top_values
[2]
[2]
[2]
[2]
[2]
[3]
[4]
[5]
[2, 3]
[3, 2]
[3, 3, 1]
[3, 2, 2]
[4, 11]
[3, 4, 13]
[2, 2, 3, 14]
[5, 3, 5, 2]
[5, 4, 3]
[3, 4, 2]
[4, 4]
[3, 7]
[1, 9, 1]
[8, 2]
[9]
[7]
[3]

left_values
[3]
[5]
[1, 1, 3]
[11, 5]
[13, 3, 2]
[3, 4, 4]
[3, 3, 4]
[4, 7]
[4, 5]
[2, 3]
[]
[]
[]
[]
[1, 1]
[6]
[7]
[4, 3]
[3, 4]
[3, 3]
[3, 3]
[3, 3]
[3, 3]
[3, 4]
[3, 3]
[3, 3]
[3, 2]
[3, 3]
[5, 4]
[6, 5]
