Puzzle number: 41821
width:  25
height:  45
solved_count:  2643
AVE_TIME:  '00:54:41'
ave_time_count:  990

top_values
[3]
[3, 2, 12]
[3, 3, 2, 2]
[6, 1, 2, 1, 7, 2]
[7, 2, 2, 2, 2, 2]
[2, 8, 2, 2, 1, 1]
[6, 11, 5, 4, 1, 1]
[1, 1, 12, 7, 7, 2]
[2, 12, 8, 7, 1]
[2, 2, 8, 5, 5, 6, 1]
[1, 2, 1, 6, 5, 2, 4, 1, 5, 1]
[1, 7, 1, 3, 1, 6, 1, 4, 1, 4, 1]
[2, 10, 1, 4, 1, 1, 4, 1, 1, 2, 1]
[2, 8, 7, 1, 1, 4, 1, 1, 2, 1]
[4, 7, 1, 4, 2, 1, 4, 1, 1, 2, 1]
[7, 2, 1, 1, 2, 4, 1, 1, 2, 1]
[16, 1, 3, 1, 1, 2, 1]
[1, 20, 4, 1, 2, 2, 1]
[2, 15, 3, 4, 1, 1, 2, 1]
[1, 2, 2, 7, 5, 2, 1, 1, 1]
[1, 1, 4, 2, 1, 2, 1]
[1, 1, 2, 2, 1]
[1, 1, 7, 2]
[2, 1]
[12]

left_values
[1, 1]
[1, 1]
[1, 2, 5]
[6, 5]
[1, 1, 3]
[1, 2, 5]
[2, 2, 5]
[2, 7]
[1, 9]
[2, 2, 3, 4]
[2, 2, 4, 5]
[2, 2, 1, 3, 3]
[2, 3, 3, 3]
[2, 8, 4]
[1, 8, 6]
[1, 6, 4]
[1, 5, 2, 3]
[2, 8, 5]
[1, 6, 2, 5]
[2, 5, 4, 5]
[1, 4, 5, 4]
[1, 5, 5, 6]
[7, 5, 3]
[2, 2, 3, 2, 1, 1]
[5, 7, 2]
[3, 3, 1]
[5, 2, 2, 1]
[1, 3, 6, 2, 1]
[1, 5, 4, 2]
[2, 15, 1]
[1, 14, 1]
[1, 12, 1]
[1, 7, 1]
[1, 1, 1, 1]
[1, 2, 2, 1]
[1, 6, 4, 1]
[1, 1, 15, 1, 1]
[1, 1, 4, 1, 1]
[1, 1, 5, 3, 1, 1]
[1, 2, 11, 2, 1]
[2, 2, 5, 2, 1]
[2, 15, 1]
[2, 9, 2]
[4, 2]
[12]
