Puzzle number: 42277
width:  25
height:  15
solved_count:  6129
AVE_TIME:  '00:08:29'
ave_time_count:  2804

top_values
[4]
[1, 1]
[4, 5]
[1, 1]
[1, 3, 1]
[1, 5, 1]
[1, 6, 1]
[1, 6, 1]
[1, 6, 1]
[1, 6, 1]
[1, 6, 2, 1]
[1, 6, 3, 1]
[1, 5, 4, 1]
[1, 4, 5, 1]
[1, 3, 6, 1]
[1, 2, 6, 1]
[1, 6, 1]
[1, 6, 1, 1]
[1, 6, 2, 1]
[1, 6, 3, 1]
[1, 5, 4, 1]
[1, 4, 5, 1]
[1, 3, 5, 1]
[2, 2]
[13]

left_values
[21]
[1, 2]
[1, 5, 4, 1]
[1, 6, 5, 1]
[2, 6, 6, 1]
[1, 6, 6, 1]
[1, 6, 6, 1]
[1, 6, 6, 1, 1]
[1, 6, 6, 2, 1]
[2, 6, 6, 3, 1]
[1, 5, 6, 4, 1]
[1, 4, 6, 5, 1]
[1, 2, 5, 5, 1]
[1, 2]
[21]
