Puzzle number: 42497
width:  50
height:  50
solved_count:  439
AVE_TIME:  '00:16:19'
ave_time_count:  202

top_values
[]
[]
[4]
[2, 2, 1, 2, 1]
[13]
[15]
[14]
[15]
[15, 1]
[19]
[18]
[18, 1]
[19, 1]
[2, 14, 2, 3, 2]
[13, 1, 2, 7, 1]
[13, 1, 12]
[16, 2, 13]
[14, 2, 1, 17]
[37]
[39]
[38]
[35]
[35]
[33]
[34]
[3, 2, 26]
[4, 24]
[1, 25]
[23]
[24]
[23]
[27]
[26]
[1, 26]
[28]
[29]
[31]
[31]
[1, 31]
[33]
[32]
[33]
[33]
[31, 2]
[33]
[32]
[27, 1]
[30]
[27]
[29]

left_values
[5, 1, 1]
[9]
[1, 9]
[12]
[12]
[1, 9]
[11]
[11]
[12]
[12, 1]
[13]
[15, 1]
[14, 2]
[16]
[1, 14]
[15, 1]
[14, 1, 2, 1]
[18, 2, 8]
[2, 14, 11]
[15, 14]
[1, 10, 14]
[13, 15]
[12, 17]
[9, 2, 1, 16]
[12, 19]
[8, 1, 19]
[11, 1, 19]
[33]
[32]
[32]
[33]
[32]
[32]
[33]
[34]
[34]
[33]
[34]
[37]
[37]
[35]
[38]
[37]
[37]
[32, 1, 1]
[34, 1]
[33, 1, 1]
[30, 1]
[30]
[28, 2]
