Puzzle number: 42508
width:  45
height:  50
solved_count:  605
AVE_TIME:  '01:07:41'
ave_time_count:  222

top_values
[50]
[1, 24, 1]
[1, 2, 3, 2, 1]
[1, 2, 2, 2, 1]
[1, 1, 1, 2, 2, 1, 1]
[1, 1, 3, 1, 1, 2, 1, 1]
[1, 1, 3, 1, 2, 1, 1]
[1, 2, 1, 1, 1, 3, 1, 1]
[1, 1, 3, 1, 2, 12, 1]
[1, 1, 1, 1, 2, 2, 2, 1]
[1, 7, 1, 1, 3, 7, 2, 1]
[1, 12, 1, 1, 2, 3, 3, 2, 1]
[1, 4, 5, 1, 7, 2, 3, 3]
[4, 2, 3, 7, 2, 3, 2, 2]
[4, 6, 3, 1, 1, 1, 8, 1, 2]
[3, 3, 4, 3, 1, 2, 2, 3, 3, 2, 2]
[3, 2, 2, 2, 4, 1, 2, 1, 2, 1, 1, 2]
[3, 2, 3, 2, 3, 1, 1, 2, 1, 4, 2, 1, 2]
[3, 3, 3, 2, 1, 1, 2, 1, 2, 2, 1, 1, 2]
[3, 3, 1, 1, 2, 1, 1, 3, 1, 2, 2, 1, 1, 2]
[3, 3, 1, 1, 2, 1, 1, 1, 1, 2, 2, 2, 1, 2]
[3, 3, 1, 2, 2, 2, 1, 1, 2, 1, 2, 1, 1, 2]
[3, 2, 3, 2, 2, 2, 1, 4, 2, 3, 3, 1, 2]
[3, 2, 2, 2, 2, 1, 2, 2, 2, 5, 2, 2]
[3, 2, 2, 2, 2, 1, 1, 4, 2, 3, 3]
[3, 8, 3, 2, 2, 3, 2, 9, 2, 1]
[3, 5, 2, 4, 2, 2, 4, 2, 1]
[3, 3, 1, 2, 2, 2, 6, 3, 1]
[14, 2, 1, 3, 2, 8, 1]
[13, 3, 1, 2, 2, 2, 1, 2, 1]
[1, 2, 4, 2, 3, 2, 5, 1]
[1, 11, 2, 1, 11, 1, 1]
[1, 9, 2, 3, 2, 5, 1, 1]
[1, 1, 1, 3, 1, 4, 1, 1]
[1, 1, 2, 1, 1, 1, 1, 1, 1]
[1, 1, 2, 1, 2, 2, 2, 1, 1]
[1, 1, 1, 2, 2, 4, 1, 1]
[1, 1, 2, 2, 1, 1]
[1, 1, 1, 1, 2, 1]
[1, 2, 24, 1]
[1, 2, 1, 4, 1]
[1, 3, 5, 1]
[1, 3, 5, 1]
[1, 17, 1]
[50]

left_values
[45]
[1, 17, 1]
[1, 19, 1]
[1, 4, 4, 1]
[1, 2, 11, 2, 2, 1]
[1, 3, 13, 2, 2, 1]
[1, 2, 3, 4, 2, 2, 2, 1]
[1, 2, 2, 1, 1, 2, 2, 2, 1]
[1, 2, 1, 1, 1, 2, 2, 2, 1]
[1, 2, 2, 1, 1, 2, 2, 2, 1]
[1, 3, 2, 4, 1, 2, 2, 1]
[1, 3, 4, 2, 2, 2, 1]
[1, 2, 10, 3, 2, 1]
[1, 2, 3, 2, 2, 1]
[1, 6, 3, 2, 1]
[1, 14, 5, 1]
[1, 9, 9, 9, 1]
[1, 5, 2, 1, 4, 1]
[1, 2, 1, 1, 3, 2, 1]
[3, 4, 1, 6, 1, 3, 2, 1]
[2, 3, 2, 11, 2, 1, 2, 1]
[2, 4, 2, 2, 1, 4]
[2, 6, 4, 3, 3]
[28, 3, 1, 2]
[5, 2, 8, 2]
[3, 1, 2, 3, 1, 2]
[2, 1, 1, 2, 2, 9, 1, 2]
[2, 3, 2, 2, 5, 2, 3, 1, 2]
[2, 1, 6, 4, 2, 2, 1, 2]
[2, 3, 4, 2, 1, 2]
[2, 2, 6, 2, 4, 1, 2]
[2, 1, 3, 3, 4, 1, 1, 2]
[2, 2, 2, 2, 2, 3, 1, 2]
[2, 2, 2, 4, 2, 1, 2, 1, 1, 1, 2]
[2, 1, 1, 7, 5, 1, 4, 1, 2]
[2, 1, 2, 4, 2, 1, 1, 1, 1, 1, 1, 3]
[2, 1, 1, 2, 2, 1, 1, 1, 4, 1, 1, 3]
[2, 2, 1, 1, 2, 2, 1, 1, 8, 1, 4]
[2, 2, 1, 2, 1, 1, 1, 3, 2, 1, 1, 2, 1]
[2, 2, 1, 2, 1, 1, 2, 2, 4, 1]
[2, 1, 1, 2, 1, 1, 1, 2, 3, 1]
[2, 1, 2, 2, 2, 1, 1, 2, 3, 1]
[3, 1, 2, 2, 1, 2, 4, 2, 1]
[1, 2, 1, 2, 3, 3, 1, 2, 1, 1, 1]
[1, 7, 2, 4, 2, 4, 2, 1]
[1, 2, 3, 2, 13, 1]
[1, 2, 7, 2, 1]
[1, 2, 2, 1]
[1, 13, 1]
[45]
