Puzzle number: 42666
width:  50
height:  50
solved_count:  5304
AVE_TIME:  '00:21:40'
ave_time_count:  2392

top_values
[1, 1, 1, 1, 1, 1, 1]
[2, 1, 1, 1, 1, 1, 1, 1]
[1, 2, 1, 1, 1, 1, 1, 1, 1]
[2, 2, 1, 1, 1, 1, 1, 1, 1]
[3, 3, 1, 1, 1, 1, 1, 1]
[2, 1, 1, 2, 1, 1, 1, 1, 1, 1]
[2, 1, 1, 2, 1, 1, 1, 1, 1, 1]
[2, 1, 1, 3, 1, 1, 1, 1, 1]
[2, 1, 1, 1, 2, 1, 1, 1, 1, 1]
[2, 1, 1, 1, 2, 1, 1, 1, 1]
[2, 1, 1, 1, 1, 1, 1, 1, 1, 1]
[2, 1, 1, 1, 1, 2, 1, 1, 1]
[2, 1, 1, 1, 1, 1, 1, 1, 1]
[2, 1, 1, 1, 1, 1, 1, 1, 1]
[2, 1, 1, 1, 1, 1, 1, 1, 1]
[2, 1, 1, 1, 1, 1, 1, 1, 1]
[2, 1, 1, 1, 1, 1, 1, 1, 1]
[2, 1, 1, 1, 1, 1, 1, 1, 1]
[2, 1, 1, 1, 1, 1, 1, 1, 1]
[2, 1, 1, 1, 1, 1, 1, 1, 1]
[2, 1, 1, 1, 1, 1, 1, 1, 1]
[2, 1, 1, 1, 1, 1, 1, 1, 1]
[2, 1, 1, 1, 1, 1, 1, 1, 1]
[2, 1, 1, 1, 1, 1, 1, 1, 1]
[2, 1, 1, 1, 1, 1, 1, 1, 1]
[2, 1, 1, 1, 1, 1, 1, 1, 1]
[2, 1, 1, 1, 1, 1, 1, 1, 1]
[2, 1, 1, 1, 1, 1, 1, 1, 1]
[2, 1, 1, 1, 1, 1, 1, 1, 1]
[2, 1, 1, 1, 1, 1, 1, 1, 1]
[2, 1, 1, 1, 1, 1, 1, 1, 1]
[3, 1, 1, 1, 1, 1, 1, 1, 1]
[3, 1, 1, 1, 1, 1, 1, 1, 1]
[3, 1, 1, 1, 1, 1, 1, 1, 1]
[3, 1, 1, 1, 1, 1, 1, 1, 1]
[3, 1, 1, 1, 1, 1, 1, 1, 1]
[3, 1, 1, 1, 1, 1, 1, 1, 1]
[3, 1, 1, 1, 1, 1, 1, 1, 1]
[3, 1, 1, 1, 1, 1, 1, 1, 1]
[3, 1, 1, 1, 1, 1, 1, 1, 1]
[3, 1, 1, 1, 1, 2, 1, 1, 1]
[3, 1, 1, 1, 3, 1, 1, 1, 1]
[3, 1, 1, 3, 1, 1, 1, 1, 1]
[3, 1, 4, 1, 1, 1, 1, 1]
[2, 1, 3, 1, 1, 1, 1, 1, 1]
[5, 1, 1, 1, 1, 1, 1, 1]
[1, 1, 1, 1, 1, 1, 1]
[1, 1, 1, 1, 1, 1, 1]
[1, 1, 1, 1, 1, 1, 1]
[1, 1, 1, 1, 1, 1, 1]

left_values
[1]
[1]
[3]
[2, 1]
[2, 2]
[2, 1]
[2, 2]
[2, 1]
[2, 2]
[2, 1]
[2, 2]
[2, 1]
[2, 2]
[2, 1]
[2, 2]
[2, 1]
[2, 2]
[2, 1]
[2, 2]
[2, 1]
[2, 2]
[2, 1]
[2, 2]
[2, 1]
[2, 2]
[2, 1]
[2, 2]
[2, 1]
[2, 1]
[2, 1]
[44]
[1, 1]
[2, 2]
[43]
[2, 2]
[2, 1]
[39]
[4, 2, 1, 5]
[2, 2]
[7, 34, 6]
[1, 1]
[9, 2, 1, 8]
[30]
[11, 9]
[]
[50]
[]
[50]
[]
[50]
