Puzzle number: 42786
width:  35
height:  35
solved_count:  1161
AVE_TIME:  '00:10:14'
ave_time_count:  523

top_values
[3, 2, 1, 1, 1]
[5, 1, 2, 2, 1, 1]
[4, 1, 3, 4, 1]
[4, 2, 12]
[3, 2, 4, 1, 1]
[7, 3, 2, 5, 2, 2, 1]
[2, 2, 2, 2, 6, 2, 1]
[2, 3, 2, 7, 1, 1]
[1, 1, 3, 16]
[1, 3, 16]
[1, 3, 17]
[1, 2, 18]
[1, 1, 19]
[1, 2, 20]
[2, 2, 20]
[1, 21]
[1, 22]
[2, 23]
[5, 2, 24]
[8, 24]
[7, 25]
[6, 26]
[1, 2, 1, 28]
[2, 30]
[3, 31]
[2, 31]
[1, 32]
[33]
[34]
[35]
[35]
[35]
[35]
[35]
[35]

left_values
[1, 3, 3, 6]
[8, 4, 2, 7]
[2, 1, 7, 8]
[2, 6, 9]
[1, 4, 11]
[1, 16]
[1, 2, 12]
[1, 1, 13]
[1, 2, 13]
[2, 2, 14]
[1, 2, 15]
[1, 2, 17]
[9, 2, 18]
[8, 4, 19]
[6, 3, 20]
[3, 3, 22]
[2, 3, 23]
[1, 3, 24]
[2, 25]
[3, 27]
[5, 28]
[29]
[30]
[32]
[33]
[34]
[35]
[1, 27]
[3, 2, 27]
[3, 30]
[2, 27]
[5, 27]
[1, 1, 27]
[1, 27]
[35]
