Puzzle number: 43152
width:  18
height:  23
solved_count:  6558
AVE_TIME:  '00:03:42'
ave_time_count:  3212

top_values
[4, 1, 4]
[1, 2, 3, 5, 1]
[2, 5, 5, 1]
[3, 1]
[2, 5, 5, 1]
[1, 2, 3, 5, 1]
[4, 1, 4]
[]
[]
[]
[]
[2, 3]
[5, 2, 6, 1]
[2, 1, 9, 1]
[1, 1, 1]
[2, 1, 9, 1]
[5, 2, 6, 1]
[2, 3]

left_values
[1]
[1, 3, 1]
[7, 1, 1, 1, 1]
[1, 1, 7]
[2, 2, 1, 1]
[2, 2, 5]
[1, 1, 1, 1]
[1, 1, 2, 2]
[1, 1, 1, 1]
[2, 2, 1, 1]
[2, 2, 1, 1]
[2, 2, 2, 2]
[1, 1, 2, 2]
[1, 1, 1, 1]
[1, 1, 1, 1]
[2, 2, 2, 2]
[1, 1, 1, 1]
[1, 1, 1, 1]
[1, 1, 1, 1]
[2, 2, 1, 1]
[1, 1, 2, 2]
[1, 1, 1, 1]
[7, 7]
