Puzzle number: 43722
width:  50
height:  50
solved_count:  121
AVE_TIME:  '01:22:50'
ave_time_count:  100

top_values
[1, 5, 34]
[4, 34]
[1, 7, 20]
[1, 4, 22]
[1, 3, 6, 1, 14]
[1, 2, 4, 13]
[5, 12]
[5, 10]
[6, 17, 8]
[4, 9, 4, 5]
[1, 9, 5, 4]
[4, 2, 4, 4]
[2, 15, 8]
[20, 6]
[11, 1, 7, 5]
[2, 2, 2, 8, 4]
[2, 12]
[10]
[4, 4, 7]
[16, 5]
[3, 4, 3, 6, 5]
[1, 4, 3, 4, 3, 5]
[3, 6, 4, 4]
[6, 9]
[4, 8]
[4, 4, 7]
[8, 3, 6]
[1, 2, 3, 2, 9]
[1, 4, 3, 10]
[6, 1, 10]
[5, 2, 3, 12, 10]
[6, 7, 3, 14]
[1, 4, 5, 12]
[1, 9, 3, 1, 11]
[7, 1]
[2, 10, 6]
[4, 4, 4]
[13, 5, 2]
[7, 8, 7, 1]
[3, 5, 2, 1, 2]
[3, 5, 4, 2]
[1, 7, 5, 3, 1]
[5, 5, 5, 1]
[1, 6, 4, 1]
[8, 7, 1]
[2, 10, 2]
[5, 9, 3, 1]
[3, 10, 6, 2, 2, 4]
[2, 4, 5, 3, 1, 5]
[1, 2, 8, 3, 9]

left_values
[]
[]
[]
[]
[]
[]
[3]
[1, 3, 2, 2, 3]
[2, 3, 1, 1, 2, 1, 3]
[2, 3, 2, 2, 5, 1, 2]
[1, 3, 1, 1, 2, 2, 2, 4, 1, 1, 1]
[1, 5, 2, 2, 2, 2, 1, 2, 5, 3, 1, 1]
[1, 6, 2, 2, 3, 2, 1, 2, 4, 2, 1, 4]
[2, 2, 2, 1, 2, 2, 1, 2, 2, 2, 2, 2]
[2, 1, 3, 2, 2, 1, 5, 2, 1, 2, 2]
[2, 2, 2, 2, 2, 1, 1, 1, 1, 1, 1, 2]
[3, 1, 2, 4, 1, 2, 2, 1, 2, 1, 1, 2]
[3, 1, 2, 4, 2, 1, 2, 2, 2, 1, 2, 2]
[3, 1, 6, 3, 1, 1, 2, 1, 1, 2, 1]
[3, 6, 3, 1, 1, 1, 3, 1, 2, 1]
[3, 3, 3, 4, 1, 1, 1, 3, 1, 2, 1]
[2, 2, 3, 2, 1, 1, 1, 1, 2, 1, 2, 1]
[2, 2, 3, 1, 1, 1, 1, 2, 2, 1, 1]
[2, 1, 1, 2, 1, 2, 1, 1, 1, 2, 1, 1, 1]
[2, 1, 1, 2, 1, 1, 1, 2, 1, 2, 1, 2, 2]
[2, 1, 1, 2, 1, 2, 1, 4, 1, 2, 1, 1, 3]
[2, 1, 1, 4, 2, 2, 2, 2, 1, 2]
[2, 2, 1, 2, 2, 2, 1, 1, 1, 2]
[2, 2, 1, 2, 1, 2, 1, 1, 1, 2, 2]
[2, 1, 1, 2, 2, 2, 1, 1, 1, 2, 1]
[4, 1, 2, 1, 1, 2, 2, 2, 1]
[4, 1, 2, 1, 3, 1, 1, 2]
[5, 1, 2, 2, 3, 1, 1, 2]
[4, 1, 2, 4, 1, 4, 1, 1, 3]
[5, 1, 2, 4, 1, 1, 1, 1, 2, 3]
[6, 2, 2, 2, 2, 2, 1, 2, 2]
[7, 2, 2, 2, 3, 1, 1, 1, 2]
[7, 1, 3, 1, 3, 2, 1, 1, 2, 1]
[8, 2, 2, 2, 3, 2, 2, 1, 2, 2]
[8, 1, 2, 1, 2, 6, 2, 1, 2, 2]
[9, 2, 3, 2, 8, 2, 1, 1, 2]
[9, 3, 3, 2, 8, 3, 1, 1, 1]
[9, 3, 2, 3, 9, 1, 2, 1, 2]
[9, 3, 3, 14, 3, 1]
[10, 3, 3, 13, 5, 1]
[22, 13, 2]
[36, 3]
[36, 3]
[4, 25, 4, 3]
[3, 9, 2, 3, 4]
