Puzzle number: 43847
width:  40
height:  50
solved_count:  747
AVE_TIME:  '00:13:09'
ave_time_count:  327

top_values
[50]
[2, 2, 1]
[1, 2, 1]
[2, 2, 1]
[1, 2, 1]
[1, 5, 1]
[1, 3, 1]
[1, 2, 1]
[3, 1, 2, 1]
[4, 1, 1, 1]
[2, 1, 2, 1]
[1, 2, 1, 1]
[1, 2, 2, 1]
[1, 3, 1, 1]
[4, 3]
[2, 2]
[3, 1]
[3, 1]
[4, 1]
[4, 1]
[4, 1]
[4, 1]
[6, 1]
[7, 1]
[4, 4, 1]
[3, 5, 1]
[2, 4, 22, 1]
[1, 7, 2, 1]
[1, 3, 3, 3, 1]
[1, 2, 5, 3, 3, 1]
[1, 2, 2, 3, 2, 1]
[1, 5, 2, 2, 1]
[1, 2, 3]
[1, 7, 2]
[1, 13, 2]
[1, 5, 3, 2]
[1, 4, 3, 2]
[1, 4, 2, 2]
[1, 4, 2, 2]
[5, 2, 2]

left_values
[1, 2, 22]
[1, 2, 11, 1]
[1, 3, 10, 2]
[1, 16, 3]
[1, 2, 2, 2, 3]
[1, 2, 3, 4, 3]
[1, 2, 2, 1, 1, 3]
[1, 2, 2, 2, 1, 2]
[1, 2, 2, 1, 1, 3]
[1, 9, 1, 3, 2]
[4, 2, 2, 3]
[2, 2, 1, 2]
[1, 1, 3]
[1, 2, 5]
[1, 1, 3, 2]
[1, 4, 2]
[1, 3, 2]
[1, 2, 1]
[1, 1, 1]
[1, 2, 1]
[1, 1, 2]
[1, 1, 2, 1]
[1, 1, 5]
[1, 1, 3]
[1, 1]
[1, 1]
[1, 1]
[1, 1]
[1, 1]
[1, 1]
[1, 1]
[1, 1]
[1, 1]
[2, 1]
[3, 1]
[1, 2, 1]
[1, 2, 1]
[1, 2, 1]
[1, 1, 1]
[1, 1, 1]
[1, 1, 2]
[1, 2, 2]
[1, 1, 1]
[1, 2, 2]
[1, 2, 1]
[1, 3, 2]
[1, 3, 2]
[1, 3, 2]
[1, 2, 8]
[40]
