Puzzle number: 44199
width:  45
height:  50
solved_count:  213
AVE_TIME:  '00:24:30'
ave_time_count:  110

top_values
[3, 4, 6, 10, 6, 1]
[3, 3, 5, 3, 6, 6, 1]
[3, 4, 4, 6]
[3, 3, 2, 5, 6]
[6, 5, 2, 4, 6]
[6, 6, 5, 6, 1]
[3, 1, 6, 1, 19]
[3, 5, 3, 18]
[3, 1, 2, 3, 3, 7]
[3, 1, 2, 3, 3, 3, 2, 4, 2, 1]
[3, 2, 2, 3, 3, 3, 2, 2, 2]
[3, 2, 4, 3, 3, 2, 2, 2, 1]
[3, 2, 4, 2, 2, 4]
[3, 4, 3, 3, 2, 3, 1]
[3, 5, 3, 5, 2, 3]
[2, 3, 3, 3, 7, 4, 2]
[2, 3, 3, 8, 7]
[2, 2, 4, 3, 3, 5, 8, 7]
[4, 3, 3, 5, 8, 3]
[3, 3, 3, 6]
[2, 3, 7]
[2, 2, 2, 7]
[2, 2, 10]
[3, 2, 7]
[7, 2]
[10]
[6]
[3]
[]
[]
[]
[]
[]
[]
[]
[]
[]
[]
[]
[]
[]
[]
[]
[]
[]

left_values
[13]
[25]
[25]
[2, 2, 2, 3]
[2, 2, 2, 2]
[2, 3, 4, 1, 2]
[2, 3, 5]
[1, 1, 6]
[3, 1, 2]
[3, 3, 2, 4, 2]
[28]
[28]
[7, 7, 2, 3]
[2, 3, 2, 2]
[1, 2, 3, 2]
[3, 2]
[1, 3, 3, 3]
[2, 3, 2]
[2, 2, 3, 2]
[2, 2, 3, 3]
[1, 3, 2]
[2, 4, 3, 2]
[2, 4, 3]
[2, 4, 3, 2]
[3, 3, 2]
[4, 3, 3]
[3, 2]
[3, 3]
[3, 3]
[4, 3, 4]
[2, 3, 3]
[2, 3, 4]
[3, 3]
[3, 4]
[13]
[13]
[2, 2]
[2, 2]
[2, 2]
[13]
[13]
[10, 4]
[10, 2, 2]
[9, 2, 2]
[9, 3, 2]
[10, 2, 2]
[8, 1, 1]
[2, 2, 2]
[2, 1, 3, 2]
[2, 3, 3, 1, 2]
