Puzzle number: 44329
width:  50
height:  50
solved_count:  963
AVE_TIME:  '00:06:00'
ave_time_count:  607

top_values
[2, 34]
[2, 35]
[31, 1, 4]
[1, 30, 5]
[2, 28, 1, 4]
[4, 34]
[6, 33]
[8, 32]
[10, 31]
[12, 30]
[14, 29]
[16, 28]
[18, 20, 1, 4]
[1, 20, 20, 5]
[24, 18, 1, 4]
[17, 24]
[15, 23]
[14, 22]
[12, 21]
[10, 20]
[9, 19]
[7, 11, 1, 4]
[6, 11, 5]
[4, 9, 1, 4]
[2, 15]
[15]
[13]
[10]
[8]
[6]
[3]
[1]
[]
[]
[]
[]
[]
[]
[]
[]
[]
[]
[]
[]
[]
[]
[]
[]
[]
[]

left_values
[1]
[2]
[1]
[2]
[3]
[4]
[5]
[6]
[8]
[9]
[1, 10]
[2, 12]
[16]
[1, 14]
[2, 13]
[4, 12]
[6, 12]
[7, 11]
[8, 10]
[9, 10]
[10, 9]
[11, 9]
[12, 8]
[13, 7]
[14, 7]
[15, 6]
[16, 6]
[17, 5]
[18, 4]
[19, 4]
[20, 3]
[21, 2]
[22, 2]
[23, 1]
[24]
[26]
[26]
[27]
[27]
[27]
[28]
[28]
[29]
[2, 1, 7, 1, 6, 1, 5]
[3, 9, 8, 7]
[2, 1, 7, 1, 6, 1, 6]
[30]
[31]
[31]
[32]
