Puzzle number: 44488
width:  40
height:  45
solved_count:  223
AVE_TIME:  '00:25:31'
ave_time_count:  136

top_values
[2, 6, 4, 3]
[2, 2, 4, 3, 3]
[2, 1, 4, 2, 3]
[2, 1, 4, 2, 3]
[2, 2, 4, 2, 3]
[2, 1, 4, 4, 3]
[2, 1, 4, 2, 5, 1, 3]
[2, 1, 7, 4, 1, 3]
[2, 2, 5, 2, 3]
[2, 1, 3, 2, 2]
[3, 7, 2, 1, 3]
[3, 7, 2, 1, 3]
[3, 5, 2, 1, 3]
[3, 4, 4, 2, 1, 3]
[7, 2, 2, 2, 2, 3]
[5, 1, 1, 1, 2, 3, 3]
[3, 1, 1, 1, 2, 9]
[1, 1, 3, 3, 1, 5]
[1, 3, 5]
[3, 2, 5, 2]
[4, 2, 3, 3]
[5, 4, 3]
[2, 9, 2]
[18, 2]
[7, 2, 4, 3]
[4, 1, 7]
[3, 4, 4]
[2]
[3]
[2]
[]
[]
[]
[]
[]
[]
[]
[]
[]
[]

left_values
[12, 1, 2, 4]
[14, 10]
[5, 7, 1]
[4, 2, 3]
[5, 2, 3, 3]
[4, 4, 3, 1, 2, 1]
[2, 7, 1, 3, 1]
[1, 8, 2, 1]
[1, 5, 3, 1]
[14, 5]
[13, 4]
[12, 3]
[8, 2]
[2, 2]
[1, 2]
[2, 2]
[2, 2]
[3, 3]
[4, 7, 2]
[2, 2, 2, 2, 2]
[1, 1, 1, 2]
[2, 1, 1, 2]
[1, 1, 2, 3, 3]
[1, 2, 12]
[1, 1, 8]
[1, 4]
[1, 1, 2]
[1]
[4]
[10]
[13]
[2, 1]
[5, 1]
[4]
[2]
[2]
[2]
[2, 2]
[6, 2]
[9, 3]
[16]
[11]
[5]
[]
[]
