Puzzle number: 44851
width:  35
height:  35
solved_count:  1653
AVE_TIME:  '00:39:54'
ave_time_count:  566

top_values
[35]
[1, 8, 1]
[1, 3, 3, 10]
[1, 1, 6, 1, 4, 2]
[1, 2, 1, 1, 2, 1, 3, 1, 2]
[1, 1, 2, 2, 1, 1, 1, 1, 10]
[1, 2, 1, 6, 1, 4, 2]
[1, 3, 3, 1, 2]
[1, 1, 10, 13]
[1, 1, 2, 1, 3, 1, 2]
[1, 1, 2, 2, 13]
[1, 1, 1, 4, 1, 2, 1, 1, 1, 2]
[1, 1, 2, 3, 2, 2, 1, 1, 3]
[1, 1, 2, 2, 2, 3, 2]
[1, 1, 1, 3, 2, 1, 4, 2]
[1, 10, 1, 2, 3, 5]
[1, 2, 1, 1, 2, 4, 1, 1]
[1, 2, 1, 3, 2, 2, 1, 1]
[1, 1, 3, 1, 4, 3]
[1, 1, 1, 1, 1, 2]
[1, 1, 2, 2, 1, 1, 2]
[1, 1, 1, 2, 2, 2]
[1, 1, 2, 2, 1, 2]
[1, 2, 5, 2, 3, 2]
[1, 1, 1, 4, 2]
[1, 2, 4, 1, 3]
[1, 1, 3, 5, 2, 2, 1]
[1, 4, 4, 2, 3, 1, 1]
[1, 1, 6, 2, 2, 1, 1]
[1, 1, 3, 2, 1, 1]
[1, 1, 4, 2, 3]
[1, 2, 2, 1, 2, 2]
[1, 3, 1, 2, 3, 2]
[1, 7, 5]
[35]

left_values
[35]
[1, 1]
[1, 1, 1]
[1, 1, 1, 1]
[1, 1, 1, 7, 1]
[1, 1, 2, 3, 1]
[1, 15, 7, 1]
[1, 1, 1, 1, 1, 2, 1]
[3, 2, 2, 4, 3, 1, 1, 1]
[2, 1, 2, 1, 1, 3, 2, 2, 3]
[2, 1, 1, 1, 1, 2, 1, 1, 2]
[2, 1, 1, 1, 1, 1, 1, 1, 1, 2]
[2, 1, 1, 1, 1, 1, 1, 1, 1, 2]
[2, 1, 1, 1, 2, 3, 2, 1, 4]
[2, 2, 1, 3, 2, 3, 2, 2, 2, 2]
[3, 2, 3, 2, 2, 5, 1, 2, 3]
[1, 1, 2, 2, 2, 1, 2, 6, 1]
[1, 16, 3, 5, 1]
[1, 2, 5, 1, 1]
[1, 2, 1, 2, 1]
[1, 2, 1, 1, 1]
[1, 2, 1, 2, 1, 1, 1]
[1, 2, 1, 5, 2, 2, 1]
[1, 4, 3, 2, 1, 2, 1]
[1, 1, 1, 1, 2, 1, 1, 1, 3, 1]
[1, 15, 1, 1, 2, 1]
[1, 1, 1, 1, 1, 1, 1, 2, 2, 2, 1]
[1, 1, 1, 1, 2, 2, 1, 1, 2, 1]
[1, 1, 1, 1, 1, 1, 1, 1, 2, 2, 1]
[1, 1, 1, 1, 2, 1, 3, 1, 1]
[1, 1, 1, 1, 1, 1, 2, 3]
[1, 1, 1, 1, 2, 1, 4, 2]
[1, 1, 1, 1, 1, 1, 4, 2, 1, 2]
[1, 14, 8, 5]
[35]
