Puzzle number: 45078
width:  50
height:  37
solved_count:  1028
AVE_TIME:  '00:18:47'
ave_time_count:  414

top_values
[35]
[1, 1, 1, 1, 1]
[1, 1, 1, 2, 1]
[1, 1, 1, 2, 1]
[1, 21, 2, 1]
[1, 2, 2, 2, 1]
[1, 2, 2, 2, 1]
[1, 2, 2, 1, 1]
[1, 2, 2, 3]
[1, 1]
[1, 1]
[3, 2, 2, 1]
[1, 1, 1, 1, 1, 1]
[1, 15, 1]
[1, 1, 1, 1]
[1, 1, 1, 4, 1]
[1, 1, 1, 2, 2, 1]
[1, 1, 1, 1, 1, 1]
[1, 1, 1, 1, 1, 1]
[1, 1, 1, 2, 2, 1]
[1, 1, 1, 4, 1]
[1, 15, 1]
[1, 1, 1, 1, 1, 1]
[3, 2, 2, 1]
[1, 1]
[1, 1]
[1, 1]
[1, 5, 1]
[1, 1, 1, 1]
[1, 1, 1, 5, 1]
[1, 1, 1, 1, 1, 1]
[1, 1, 1, 10, 3, 1, 1]
[1, 5, 1, 1, 1, 1, 1, 1]
[1, 2, 3, 1, 1, 1, 1, 1, 1]
[1, 2, 2, 1, 1, 1, 1, 1, 1]
[1, 2, 2, 1, 1, 1, 1, 1, 1]
[1, 2, 2, 1, 1, 1, 1, 1, 1]
[1, 2, 3, 1, 1, 1, 1, 1, 1]
[1, 5, 10, 3, 1, 1]
[1, 1, 1, 1, 1, 1]
[1, 1, 1, 5, 1]
[1, 1, 1, 1]
[1, 1, 1, 12, 6, 1]
[1, 1, 1, 1, 1, 1, 1, 1, 1, 1]
[1, 5, 1, 8, 1, 1, 1, 1]
[1, 1, 1, 6, 1]
[1, 12, 1]
[1, 1, 1, 1, 1, 1]
[35]
[1, 1, 1, 1]

left_values
[1, 1]
[49]
[1, 1, 1, 1]
[1, 18, 1]
[1, 9, 1, 7, 1, 1]
[1, 1, 1, 1, 1, 1, 1, 1]
[5, 2, 2, 1, 2, 2, 1, 1]
[1, 2, 1, 1, 1, 1, 18, 3]
[1, 3, 1, 1, 1, 1, 5, 1]
[1, 1, 2, 2, 2, 1]
[1, 1, 2, 1, 1, 1]
[1, 1, 1, 1, 1, 1]
[1, 1, 1, 1, 1]
[1, 1, 2, 2, 3]
[1, 1, 1, 1, 1, 1, 1]
[1, 1, 1, 1, 1, 1, 5, 1]
[1, 1, 2, 2, 8, 1, 1, 1]
[1, 1, 1, 1, 1, 1, 3, 1, 1]
[1, 1, 9, 1, 1, 1, 1, 1, 1]
[1, 1, 1, 1, 1, 1, 1, 1]
[1, 1, 1, 1, 1, 1, 1, 1]
[1, 1, 1, 1, 1, 1, 1, 1, 1]
[1, 1, 2, 1, 1, 1, 1, 1, 1]
[1, 1, 2, 1, 1, 1, 1, 1, 1]
[1, 3, 1, 1, 3, 1, 1]
[1, 2, 8, 1, 1, 1]
[5, 5, 1]
[1, 1]
[1, 2, 4, 4, 3]
[1, 2, 2, 2, 12, 1, 1, 1]
[1, 2, 1, 1, 1, 1, 1, 1, 1, 1, 1]
[1, 2, 1, 1, 1, 8, 1, 1, 1, 1]
[1, 2, 2, 2, 1, 1, 1, 1, 1]
[3, 4, 12, 4, 3]
[1, 1, 1]
[49]
[1]
