Puzzle number: 45197
width:  20
height:  15
solved_count:  6680
AVE_TIME:  '00:03:50'
ave_time_count:  2905

top_values
[1]
[1]
[15]
[1, 1]
[1, 11, 1]
[1, 1, 1, 1]
[1, 1, 6, 1, 1]
[1, 2, 1, 1, 1]
[1, 3, 1, 1, 1]
[1, 3, 1, 1]
[4, 3, 1, 1]
[3, 4, 1]
[3, 1]
[3, 1]
[6]
[1, 1]
[1, 1]
[1, 1]
[4, 1]
[3]

left_values
[9]
[1, 1]
[1, 4, 1]
[1, 1, 2, 2]
[1, 1, 1, 1]
[1, 1, 1, 2, 2]
[1, 1, 1, 1, 1]
[1, 1, 1, 2, 2]
[1, 1, 1, 1, 1, 1]
[1, 1, 1, 2, 2, 1]
[1, 1, 3, 1, 5]
[1, 1, 1, 1, 2]
[1, 8, 1, 1]
[1, 1, 1]
[19]
