Puzzle number: 4520
width:  25
height:  25
solved_count:  6144
AVE_TIME:  '00:06:19'
ave_time_count:  3476

top_values
[7, 7]
[7, 7]
[7, 6, 7]
[7, 6, 7]
[4, 1, 6, 7]
[3, 6]
[3, 6]
[6]
[10, 4]
[10, 4, 4]
[6, 2, 1, 3]
[6, 2, 3]
[6, 2, 2]
[6]
[7, 5, 2]
[10, 10]
[10, 10]
[6, 2, 4, 2]
[4, 2]
[2, 2, 4, 2]
[2, 2]
[3, 3]
[6, 10]
[6, 10]
[6]

left_values
[10]
[10]
[10]
[7, 10]
[7, 10, 6]
[7, 10, 6]
[5, 2, 3, 4]
[4, 2, 2, 3]
[4, 5, 3, 1, 3]
[5, 5, 3, 1, 3]
[]
[3, 1, 2, 2]
[3, 1, 2, 3, 2]
[3, 1, 1, 6, 2]
[3, 1, 1, 1, 6, 2]
[3, 1, 1, 1, 6, 2]
[3, 1, 6, 2]
[2, 2]
[5, 2, 2, 3]
[7, 4, 10]
[7, 4, 10]
[7, 4]
[7]
[7]
[7]
