Puzzle number: 45542
width:  35
height:  50
solved_count:  1576
AVE_TIME:  '00:11:20'
ave_time_count:  615

top_values
[16, 4]
[7, 1, 1, 6]
[2, 14, 4]
[3, 1, 1, 1, 13]
[2, 1, 1, 1, 1, 1, 1, 16]
[3, 1, 1, 1, 1, 1, 1, 1, 1, 1, 1]
[2, 1, 1, 1, 1, 1, 1, 1, 1, 1]
[3, 1, 1, 1, 1, 1, 1, 1, 1, 1]
[3, 1, 1, 1, 1, 1, 1, 1, 1]
[3, 1, 1, 1, 1, 1, 1, 1, 1]
[2, 1, 1, 1, 1, 1, 1, 1]
[2, 1, 1, 1, 1, 1, 1, 1]
[2, 1, 1, 1, 1, 1, 1]
[3, 1, 1, 1, 1, 1, 1]
[3, 1, 1, 1, 1, 1]
[4, 1, 1, 1, 1]
[3, 1, 1, 1, 1]
[3, 1, 1, 1]
[3, 1, 1, 1]
[2, 1, 1]
[4, 1]
[3, 1]
[2]
[1]
[]
[]
[]
[]
[]
[]
[]
[]
[]
[]
[]

left_values
[1]
[1]
[1]
[1]
[1]
[1]
[3]
[1, 2]
[1, 1]
[5]
[1, 1, 1]
[1, 1, 1]
[1, 1, 1]
[1, 5]
[1, 1, 1]
[1, 4, 1]
[1, 1, 1]
[1, 1, 2]
[1, 1, 1]
[1, 1, 2]
[1, 6, 1]
[3, 2]
[2, 1]
[7, 1]
[1, 2]
[1, 1]
[9, 1]
[1, 1]
[1, 2]
[1, 1]
[12]
[1, 1]
[2, 1]
[2, 1]
[15]
[2, 1, 1]
[1, 1, 2]
[1, 1, 1]
[1, 15]
[1, 1, 1]
[2, 1, 2]
[1, 1, 1]
[1, 15, 1]
[1, 1, 1]
[1, 1]
[18]
[1, 1]
[1, 2]
[1, 1]
[18, 1]
