Puzzle number: 45621
width:  30
height:  30
solved_count:  3844
AVE_TIME:  '00:09:54'
ave_time_count:  1788

top_values
[12, 2, 6]
[2, 12, 3, 6]
[2, 12, 4, 5]
[1, 11, 6, 4]
[1, 11, 6, 4]
[1, 19, 3]
[1, 19, 3]
[2, 19, 2]
[1, 19, 1]
[1, 19, 1]
[2, 20]
[1, 20]
[1, 8, 10]
[2, 7, 5, 3]
[2, 7, 5, 2]
[2, 6, 1, 5]
[2, 6, 2, 5]
[3, 5, 1, 6]
[2, 4, 9]
[2, 3, 8]
[3, 2, 7]
[4, 4, 7]
[2, 13]
[2, 8]
[1, 6]
[1, 4, 5]
[1, 2, 2, 4]
[1, 1, 2, 4]
[1, 1, 2, 3]
[1, 2, 1, 3]

left_values
[1]
[1]
[1]
[2]
[4]
[3, 2]
[5, 2]
[8, 5]
[9, 5]
[12, 5]
[15, 4]
[15, 2]
[18, 3]
[20, 2]
[22]
[21]
[19, 7]
[8, 2, 2]
[9, 2, 4]
[12, 2, 2, 1]
[13, 2, 2, 1]
[13, 3, 2, 1]
[14, 2, 2, 2]
[21, 2]
[2, 20, 2]
[3, 21, 2]
[5, 5, 14]
[7, 5, 14]
[8, 5, 13]
[10, 3, 12]
