Puzzle number: 45693
width:  30
height:  30
solved_count:  4776
AVE_TIME:  '00:05:42'
ave_time_count:  2345

top_values
[3, 2, 6]
[3, 7]
[3, 8]
[4, 8]
[5, 7]
[6, 6]
[7, 6]
[8, 3]
[11, 2]
[13, 1]
[14]
[15]
[12]
[14]
[13]
[12]
[12]
[11]
[11]
[10]
[1, 6, 5]
[2, 2, 7]
[5, 8]
[3, 10]
[1, 3, 12]
[18]
[20]
[20]
[20]
[8, 3]

left_values
[12, 8, 3, 4]
[12, 7, 2, 4]
[12, 7, 3, 5]
[9, 7, 2, 5]
[1, 17, 1, 6]
[1, 1, 16, 6]
[3, 16, 6]
[5, 15, 5]
[7, 13, 5]
[7, 13, 5]
[7, 11, 6]
[7, 8, 6]
[8, 6, 7]
[6, 4, 7]
[3, 2, 8]
[1, 8]
[9]
[10]
[10]
[9]
[2]
[1]
[]
[]
[]
[]
[]
[]
[]
[]
