Puzzle number: 45709
width:  45
height:  15
solved_count:  4132
AVE_TIME:  '00:05:18'
ave_time_count:  2009

top_values
[2]
[2, 3]
[2, 6]
[4, 3]
[8]
[7]
[7]
[6]
[4]
[4]
[4]
[4]
[4]
[4]
[4]
[4]
[4]
[4, 4]
[7, 4]
[13]
[14]
[3, 7]
[2, 4, 5]
[2, 6, 5]
[2, 4, 2, 4]
[2, 2, 2, 4]
[2, 2, 1, 2, 4]
[2, 7, 4]
[2, 7, 4]
[2, 5, 5]
[3, 6]
[14]
[13]
[7, 4]
[4, 4]
[4]
[4]
[4]
[4]
[3]
[3]
[2]
[2]
[1]
[1]

left_values
[6]
[12]
[4, 4]
[4, 6, 4]
[1, 3, 8, 3]
[1, 2, 4, 3, 3, 4]
[2, 2, 4, 3, 4, 4]
[5, 4, 2, 3, 4]
[5, 5, 7, 4]
[2, 4, 4, 5, 4]
[7, 5, 4]
[38]
[39]
[39]
[39]
