Puzzle number: 45896
width:  30
height:  15
solved_count:  5024
AVE_TIME:  '00:04:59'
ave_time_count:  2449

top_values
[3, 2]
[5, 2]
[6, 2]
[7, 2]
[4, 2]
[4, 3, 2]
[3, 2, 4]
[3, 1, 1, 3]
[4, 2, 4]
[1, 3, 3, 2]
[1, 4, 2]
[1, 7, 2]
[2, 7, 2]
[2, 7, 2]
[2, 7, 2]
[2, 7, 2]
[2, 7, 2]
[12, 2]
[2, 7, 2]
[2, 7, 2]
[2, 4, 2]
[2, 3, 3, 2]
[3, 2, 2, 4]
[3, 2, 1, 1, 3]
[6, 2, 4]
[6, 3, 2]
[6, 2]
[8, 2]
[7, 2]
[5, 2]

left_values
[11]
[14]
[1, 1, 4]
[2, 1, 4]
[4, 1, 4]
[26]
[29]
[6, 13, 5]
[5, 3, 11, 3, 4]
[4, 2, 2, 9, 2, 2, 3]
[3, 1, 1, 1, 9, 1, 1, 1, 3]
[2, 2, 2, 9, 2, 2, 2]
[3, 3]
[30]
[30]
