Puzzle number: 46081
width:  45
height:  45
solved_count:  2828
AVE_TIME:  '00:05:31'
ave_time_count:  1532

top_values
[3, 3, 3, 3, 1, 1, 2, 2]
[3, 3, 3, 3, 1, 1, 2, 2]
[3, 3, 1, 1, 2, 2]
[3, 11, 1, 1, 2, 2]
[3, 11, 1, 1, 2, 2]
[3, 11, 1, 1, 2, 2]
[3, 11, 1, 1, 2, 2]
[3, 11, 1, 1, 2, 2]
[3, 11, 1, 1, 2, 2]
[3, 11, 1, 1, 2, 2]
[3, 11, 1, 1, 2, 2]
[3, 3, 1, 1, 2, 2]
[3, 3, 3, 3, 1, 1, 2, 2]
[3, 3, 3, 3, 1, 1, 2, 2]
[3, 3, 1, 1, 2, 2]
[3, 11, 1, 1, 2, 2]
[3, 11, 1, 1, 2, 2]
[3, 11, 1, 1, 2, 2]
[3, 11, 1, 1, 2, 2]
[3, 11, 1, 1, 2, 2]
[3, 11, 1, 1, 2, 2]
[3, 11, 1, 1, 2, 2]
[3, 11, 1, 1, 2, 2]
[3, 3, 1, 1, 2, 2]
[3, 3, 3, 3, 1, 1, 3, 2]
[3, 3, 3, 3, 1, 1, 3, 2]
[3, 3, 3, 3, 1, 1, 2, 2]
[3, 3, 1, 1, 2, 2]
[3, 11, 1, 2, 2, 2]
[3, 11, 1, 1, 2, 2]
[3, 11, 1, 1, 2, 2]
[3, 11, 1, 1, 2, 2]
[3, 11, 1, 1, 2, 2]
[3, 11, 1, 1, 2, 2]
[3, 11, 1, 1, 2, 2]
[3, 11, 2, 1, 2, 2]
[3, 3, 1, 1, 2, 2]
[3, 4, 2, 4, 1, 1, 2, 2]
[3, 4, 2, 4, 1, 1, 2, 2]
[3, 4, 4, 1, 1, 2]
[3, 7, 1, 1, 2]
[3, 12, 1, 1, 2]
[3, 12, 1, 1, 2]
[3, 12, 1, 1, 2]
[3, 12, 1, 1, 2]

left_values
[45]
[45]
[45]
[]
[2, 8, 2, 8, 3, 8, 3, 4]
[2, 8, 2, 8, 3, 8, 3, 4]
[2, 8, 2, 8, 3, 8, 3, 4]
[8, 8, 8, 3, 4]
[2, 8, 2, 8, 3, 8, 4]
[2, 8, 2, 8, 3, 8, 2, 5]
[2, 8, 2, 8, 3, 8, 2, 5]
[8, 8, 8, 5]
[45]
[45]
[45]
[8]
[36]
[10]
[]
[29]
[17]
[]
[]
[]
[]
[]
[26]
[45]
[21]
[]
[]
[]
[]
[]
[]
[]
[]
[]
[]
[]
[]
[]
[]
[39]
[39]
