Puzzle number: 46162
width:  45
height:  40
solved_count:  929
AVE_TIME:  '00:20:56'
ave_time_count:  339

top_values
[7]
[10]
[12]
[13]
[14]
[15]
[16]
[18]
[20]
[20]
[20]
[20]
[19]
[17]
[15]
[10, 14]
[3, 2, 13]
[8, 1, 5, 6, 2]
[5, 2, 9, 1, 2]
[4, 4, 1, 14, 2, 2]
[6, 3, 1, 22, 2]
[7, 3, 1, 3, 13, 2]
[5, 2, 1, 7, 6, 3]
[3, 4, 13, 4]
[5, 12, 2, 7]
[16, 13]
[13, 17]
[5, 21]
[5, 23]
[4, 22]
[4, 22]
[4, 22]
[3, 20]
[2, 20]
[20]
[20]
[19]
[18]
[16]
[15]
[14]
[12]
[10]
[8]
[6]

left_values
[3]
[2, 4]
[4, 4]
[5, 4]
[1, 5, 4]
[2, 5, 4]
[3, 3, 4]
[4, 1, 4]
[1, 3, 5]
[1, 10]
[1, 10]
[1, 5, 4]
[1, 3]
[1, 5, 2]
[4, 3]
[2, 7]
[9]
[10, 1]
[4, 4, 4]
[4, 4, 4, 9]
[5, 4, 4, 11]
[8, 4, 4, 12]
[10, 3, 2, 14]
[12, 4, 2, 16]
[13, 4, 2, 17]
[14, 3, 2, 18]
[16, 3, 1, 19]
[17, 3, 1, 20]
[17, 3, 20]
[18, 4, 21]
[18, 3, 21]
[18, 3, 20]
[18, 3, 19]
[17, 3, 19]
[16, 3, 18]
[13, 3, 17]
[11, 3, 17]
[10, 16]
[29]
[20]
