Puzzle number: 46436
width:  28
height:  29
solved_count:  5242
AVE_TIME:  '00:04:02'
ave_time_count:  2606

top_values
[21]
[21]
[2, 2]
[2, 2]
[22, 2]
[23, 2]
[4, 4, 2]
[4, 4, 2]
[4, 4, 2]
[4, 6]
[4, 5]
[4, 4]
[4, 3]
[21]
[21]
[4, 3]
[4, 4]
[4, 5]
[4, 6]
[4, 4, 2]
[4, 4, 2]
[4, 4, 2]
[23, 2]
[22, 2]
[2, 2]
[2, 2]
[21]
[21]

left_values
[2, 2]
[3, 3]
[4, 4]
[5, 5]
[6, 6]
[2, 4, 4, 2]
[2, 4, 4, 2]
[2, 4, 4, 2]
[6, 8, 6]
[6, 6, 6]
[2, 2, 4, 2, 2]
[2, 2, 2, 2, 2]
[2, 2, 2, 2, 2]
[2, 2, 2, 2, 2]
[2, 2, 2, 2, 2]
[2, 2, 2, 2, 2]
[2, 2, 2, 2, 2]
[2, 2, 2, 2, 2]
[2, 2, 2, 2, 2]
[2, 2, 2, 2, 2]
[2, 3, 2, 3, 2]
[2, 4, 2, 4, 2]
[2, 4, 2, 4, 2]
[2, 4, 2, 4, 2]
[2, 4, 2, 4, 2]
[2, 4, 2, 4, 2]
[2, 10, 2]
[28]
[28]
