Puzzle number: 46607
width:  30
height:  30
solved_count:  2881
AVE_TIME:  '00:12:06'
ave_time_count:  1438

top_values
[1, 12, 11]
[1, 11, 14]
[1, 12, 14]
[1, 13, 13]
[2, 12, 12]
[1, 13, 11]
[16, 9]
[16, 8]
[17, 7]
[17, 6]
[17, 5]
[16, 4]
[10, 5, 3]
[10, 4, 3]
[9, 3, 2]
[7, 1, 2, 1]
[7, 1, 3, 1]
[6, 1, 2, 1]
[5, 5]
[5, 4]
[9, 5]
[11, 4]
[4, 5, 4]
[4, 6, 1, 3]
[5, 8, 1, 3]
[4, 10, 2, 3]
[3, 5, 2, 2, 4, 2]
[2, 4, 3, 1, 4, 2]
[3, 2, 3, 1, 7]
[2, 2, 2, 1, 5, 1]

left_values
[2]
[3, 2]
[2, 4]
[3, 1, 4]
[9, 3]
[10, 2]
[11, 3]
[11, 2, 1]
[12, 3, 2]
[13, 2, 2]
[14, 2, 2]
[15, 2, 2]
[16, 2, 3]
[17, 2, 2]
[1, 16, 2, 3]
[2, 16, 2, 2]
[2, 24]
[4, 24]
[5, 20, 3]
[6, 5, 2, 11]
[6, 5, 1, 11]
[7, 5, 3]
[8, 4, 1, 2]
[9, 4, 2, 5]
[10, 5, 3, 7]
[11, 9, 4]
[12, 10, 2]
[14, 12]
[14, 9]
[16, 2]
