Puzzle number: 46661
width:  50
height:  50
solved_count:  386
AVE_TIME:  '00:25:43'
ave_time_count:  146

top_values
[2, 2, 4, 12, 4, 1, 3, 2]
[4, 2, 4, 10, 3, 2, 7]
[3, 4, 8, 4, 2, 3, 4]
[2, 5, 6, 4, 2, 3, 4]
[3, 5, 2, 4, 2, 3, 4]
[3, 6, 5, 2, 7]
[1, 2, 13, 2, 3, 2]
[1, 2, 9, 2, 3, 2]
[2, 4, 2, 3, 2]
[2, 1, 1, 2, 3, 2]
[1, 1, 2, 6]
[6, 2, 3, 2]
[2, 4, 2, 3, 2]
[3, 2, 2, 3, 2]
[3, 2, 2, 7]
[5, 2, 3, 3]
[4, 2, 3, 3]
[5, 3, 3]
[3, 3, 3]
[2, 7]
[2, 3, 3]
[2, 3, 3]
[34]
[35]
[36]
[37]
[3, 14, 8]
[3, 2, 11, 8]
[3, 2, 11, 7]
[3, 2, 11, 5, 3]
[3, 14, 4, 7]
[3, 14, 3, 9]
[3, 14, 2, 4, 4]
[3, 14, 2, 3, 3]
[3, 14, 1, 3, 3, 3]
[3, 14, 1, 3, 5, 3]
[3, 1, 14, 1, 2, 2, 2, 2]
[3, 1, 14, 1, 3, 5, 3]
[2, 3, 14, 1, 3, 3, 3]
[2, 1, 16, 2, 3, 3]
[2, 15, 2, 4, 4]
[2, 14, 3, 9]
[2, 15, 4, 7]
[28, 3]
[22]
[22]
[5, 11]
[20]
[15]
[4]

left_values
[1]
[1]
[1]
[2]
[1]
[]
[13]
[15]
[3, 17]
[5, 4, 2]
[5, 4, 2]
[2, 2, 1, 4, 2]
[4, 2, 1, 4, 2]
[5, 4, 4, 1]
[6, 1, 1, 4, 1]
[5, 4, 1, 1]
[1, 4, 4, 1, 1]
[2, 4, 4, 2, 1]
[3, 3, 4, 1, 2, 1]
[4, 3, 1, 4, 2, 3]
[4, 7, 24]
[5, 3, 3, 25]
[5, 3, 1, 1, 5, 18]
[4, 9, 27]
[4, 3, 2, 1, 27]
[3, 3, 1, 2, 27]
[2, 3, 2, 1, 24, 2]
[1, 4, 3, 24, 2]
[4, 3, 24, 2]
[5, 2, 24, 2]
[4, 2, 24, 2]
[3, 2, 27]
[1, 2, 27]
[48]
[26, 6]
[28]
[34, 11]
[32, 5, 9]
[31, 9, 6, 1]
[1, 1, 1, 1, 1, 8, 5, 5, 5]
[29, 4, 4, 4]
[29, 3, 3, 3, 3]
[5, 14, 3, 5, 3]
[3, 3, 2, 2, 3]
[3, 5, 3]
[3, 3, 3]
[4, 4]
[5, 5]
[9]
[5]
