Puzzle number: 46918
width:  45
height:  45
solved_count:  486
AVE_TIME:  '01:00:51'
ave_time_count:  223

top_values
[4, 1, 2]
[3, 5]
[4, 5]
[1, 4, 4]
[1, 1, 6]
[6, 5]
[9, 4]
[3, 9]
[3, 11]
[12]
[4, 6]
[5, 7]
[3, 2, 8]
[3, 3, 6, 3]
[3, 3, 6, 3]
[4, 4, 2, 4, 2]
[2, 1, 4, 3, 4, 2]
[7, 5, 3, 3, 2]
[4, 1, 9, 5, 2]
[6, 3, 7, 1]
[5, 3, 2, 8, 1]
[1, 4, 2, 4, 3]
[4, 1, 3, 3]
[5, 4, 3]
[1, 4, 2]
[2, 4, 2]
[1, 4, 3]
[3, 3]
[11, 9]
[8, 10]
[3, 3]
[4, 6, 1]
[5, 10, 2, 2]
[10, 7, 6, 1, 6]
[6, 3, 17]
[8, 3, 1, 2, 13]
[6, 7, 4, 5, 1, 5]
[3, 2, 7, 3, 10, 3]
[12, 12, 7, 2, 3]
[2, 4, 4, 8, 8, 2, 4]
[4, 10, 9, 5, 1, 2, 5]
[6, 2, 8, 6, 3, 3, 1]
[3, 2, 9, 2, 3, 3, 3, 3]
[4, 2, 2, 5, 2, 3, 2, 2, 3]
[3, 2, 2, 5, 2, 3, 2, 2, 4]

left_values
[1, 2, 1, 2, 1, 1, 3, 1]
[2, 1, 1, 1, 1, 1, 3, 2]
[2, 1, 3, 2, 1, 1, 1, 2]
[2, 1, 2, 2, 1, 1, 4]
[1, 5, 2, 1, 1, 3]
[2, 1, 2, 2, 1, 1, 3]
[6, 2, 1, 1, 2]
[1, 1, 3, 2, 1, 5, 1]
[1, 2, 3, 2, 2, 5, 2]
[1, 2, 3, 2, 3, 2, 4, 2]
[2, 3, 2, 2, 3, 1, 1, 3, 1]
[2, 3, 5, 3, 2, 3, 2]
[2, 2, 5, 3, 2, 2, 3, 1]
[1, 2, 5, 4, 2, 2, 2, 2]
[2, 2, 4, 1, 3, 3, 2, 2, 2]
[2, 8, 2, 3, 3, 2, 2, 2, 1]
[1, 10, 2, 3, 2, 2, 2, 5]
[1, 8, 2, 3, 2, 12]
[3, 5, 1, 3, 2, 12]
[10, 2, 3, 2, 13]
[4, 3, 2, 3, 2, 13]
[8, 2, 3, 9, 7]
[31, 7, 1]
[30, 2, 3, 2]
[23, 2, 2, 4, 2]
[6, 9, 2, 5, 2, 1]
[4, 5, 3, 3, 1, 2]
[4, 3, 2, 2, 6]
[3, 2, 3, 1, 5]
[2, 3, 5]
[2, 3, 5, 1]
[2, 2, 5, 2]
[2, 6, 2]
[3, 9]
[3, 6, 2]
[3, 6, 2]
[2, 1, 2, 1]
[6, 2]
[2, 2, 2]
[5, 2]
[5, 3]
[5, 3, 1]
[8, 3]
[9, 3]
[5, 8]
