Puzzle number: 46937
width:  45
height:  45
solved_count:  376
AVE_TIME:  '01:09:03'
ave_time_count:  162

top_values
[3, 10, 4]
[6, 9, 6]
[8, 8, 6]
[8, 7, 7]
[7, 6, 3, 3]
[4, 2, 6, 3, 3, 1]
[3, 1, 5, 3, 4]
[3, 5, 3, 4]
[3, 4, 4, 4]
[2, 4, 2, 3, 4]
[2, 4, 7, 3, 2]
[11, 8, 3, 2]
[4, 20, 2, 4]
[4, 1, 3, 8, 7]
[5, 2, 7, 8]
[3, 1, 1, 6, 9]
[6, 7, 9]
[2, 7, 5, 4, 10]
[3, 8, 6, 4, 12]
[4, 7, 3, 2, 5]
[4, 6, 4, 2]
[5, 6, 1, 3]
[7, 5, 5, 3, 3]
[8, 3, 6, 3, 5]
[9, 6, 3, 5]
[8, 6, 3, 5]
[6, 3, 3, 4]
[4, 3, 4, 3, 4, 3]
[8, 7, 7]
[1, 10, 7, 9]
[16, 2, 14, 7]
[15, 4, 11, 5]
[14, 5, 4, 6, 4]
[13, 5, 3, 5, 3]
[9, 8, 4, 1]
[5, 6, 5, 3]
[2, 4, 5, 3, 4]
[4, 5, 5, 6, 5]
[6, 5, 5, 5]
[7, 5, 11]
[7, 4, 5, 5, 1]
[7, 4, 3, 2]
[6, 4, 2]
[6, 3, 4, 1]
[5, 3, 1, 4]

left_values
[9, 4, 3, 3, 5, 6]
[9, 4, 9, 4, 7]
[8, 4, 8, 5, 8]
[6, 3, 7, 6, 8]
[5, 3, 7, 15]
[7, 2, 6, 14]
[5, 3, 5, 7, 4]
[3, 4, 4, 7]
[4, 3, 7]
[1, 6, 1, 7]
[3, 5, 7]
[2, 6, 7]
[4, 2, 5, 7]
[8, 2, 6, 6]
[13, 4, 5]
[14, 2, 3]
[15]
[16, 1, 3, 5]
[6, 2, 1, 6, 6, 3]
[3, 3, 2, 6, 10]
[2, 8, 6, 10]
[1, 7, 5, 9]
[8, 4, 2, 7]
[8, 4, 3]
[7, 4, 3]
[8, 7]
[6, 3, 5, 5]
[4, 4, 7, 8]
[3, 15, 9]
[2, 10, 4, 8]
[6, 11]
[10]
[5, 7, 3]
[6, 1, 7, 5]
[7, 2, 6, 5]
[6, 3, 5, 5]
[6, 4, 4, 5]
[4, 5, 3, 4]
[4, 7, 7, 1, 1]
[5, 7, 2, 6, 1]
[6, 9, 4, 6, 1, 1]
[20, 5, 4, 2, 3]
[6, 7, 6, 2, 3, 4]
[4, 8, 5, 1, 3, 2, 1]
[5, 8, 3, 1, 4, 2]
