Puzzle number: 47064
width:  50
height:  50
solved_count:  872
AVE_TIME:  '00:11:29'
ave_time_count:  512

top_values
[3, 2]
[3, 2]
[3, 3, 2]
[4, 2, 1]
[2, 2, 3, 1]
[2, 3, 3, 2]
[6, 2, 2]
[4, 2, 2]
[2, 2]
[2, 2]
[2, 2]
[2, 2]
[3, 2]
[3, 2]
[3, 2]
[3, 2]
[3, 2]
[2, 2]
[3, 2]
[2, 2]
[2, 2]
[2, 2]
[2, 2]
[2, 2]
[2, 2]
[1, 2]
[2, 2]
[2, 1]
[3, 1]
[3, 1]
[3, 1]
[2, 1]
[2, 1]
[3, 1]
[3]
[5, 4]
[6, 3]
[2, 3]
[2, 3]
[3, 3]
[3, 3]
[3, 3]
[2, 3]
[4, 3]
[3, 3]
[6, 7, 3]
[16, 2]
[8, 2, 2]
[6, 2, 2]
[3, 2]

left_values
[2, 2]
[2, 2]
[2, 2]
[2, 2]
[6, 2]
[6, 3]
[5, 2]
[4, 3]
[6]
[6]
[4]
[4]
[4]
[2]
[5]
[4]
[1]
[]
[]
[]
[]
[]
[]
[]
[]
[]
[]
[]
[]
[]
[3, 11]
[5, 17]
[2, 2, 22]
[2, 3, 10]
[6, 9]
[3, 7]
[8]
[7]
[13]
[14]
[6]
[3]
[]
[]
[]
[]
[]
[]
[3, 22]
[34]
