Puzzle number: 47652
width:  50
height:  50
solved_count:  2592
AVE_TIME:  '00:37:49'
ave_time_count:  1041

top_values
[1, 1, 1, 1, 1]
[1, 1, 1, 1, 1]
[1, 1, 1, 1, 1, 1]
[1, 1, 1, 1, 1, 1]
[1, 1, 1, 1, 1, 1, 1]
[3, 2, 1, 1, 1, 1, 1]
[4, 1, 3, 1, 1, 1, 1]
[3, 2, 1, 2, 1, 1, 1]
[3, 1, 1, 3, 1, 1]
[4, 1, 2, 3, 1, 1]
[3, 1, 3, 2, 1, 1]
[3, 2, 1, 1, 1, 1, 1]
[3, 12, 1, 1, 2, 1, 1]
[2, 3, 1, 1, 3, 2, 1]
[7, 1, 1, 1, 2, 1, 1]
[3, 1, 1, 1, 2, 1, 1]
[3, 1, 2, 2, 3, 1]
[2, 1, 1, 1, 2, 1]
[3, 5, 1, 2, 1]
[4, 15, 4, 1, 1]
[2, 13, 1, 1, 1, 1, 1]
[11, 1, 1, 3, 1, 1]
[6, 1, 3, 1, 1, 1]
[4, 1, 1, 1, 1, 1]
[3, 1, 1, 1, 1, 1]
[3, 1, 1, 1, 1, 1]
[4, 2, 1, 1, 1, 1]
[3, 1, 1, 1, 1, 1]
[2, 1, 1, 1, 1, 1]
[3, 1, 1, 1, 1, 1]
[2, 1, 1, 1, 1, 1]
[3, 1, 1, 1, 2]
[3, 1, 1, 2, 1]
[1, 1, 1, 1, 1]
[2, 1, 1, 1, 1]
[1, 1, 1, 1, 1]
[2, 1, 1, 1]
[1, 1, 1, 1]
[1, 2, 1]
[1, 1, 1]
[2, 1, 1]
[2, 3, 1]
[1, 1, 1]
[1, 1, 1]
[1, 1, 2]
[9, 1]
[3, 1, 1]
[1, 1]
[1, 1, 1]
[1, 1, 1]

left_values
[1]
[1]
[2]
[3]
[1, 1]
[1, 2]
[2, 2]
[1, 2]
[2, 2]
[2, 2]
[1, 4]
[2, 1, 1]
[1, 1, 1]
[2, 1, 2]
[1, 1, 1]
[2, 1, 2]
[3, 1, 1]
[1, 1, 1, 2]
[2, 1, 1, 1]
[1, 1, 1, 1]
[2, 1, 1, 2]
[1, 1, 1, 1]
[2, 2, 2, 2]
[1, 1, 1, 2]
[1, 1, 1, 1]
[2, 1, 1, 2]
[1, 1, 1, 2]
[2, 1, 1, 1]
[1, 1, 1, 2]
[2, 1, 1, 1]
[1, 1, 1, 3]
[1, 1, 1, 2]
[2, 1, 1, 2]
[2, 1, 18]
[3, 1, 1, 1]
[13]
[4, 2]
[12, 1, 19]
[1, 2, 4, 1, 2]
[2, 3, 5, 5]
[2, 5, 1, 1]
[6, 1, 1, 6, 1, 1]
[2, 2, 12, 6]
[7, 1, 2, 1, 10, 2]
[2, 2, 1, 2]
[8, 4, 2, 1, 2]
[6, 3]
[12, 14, 2, 2]
[14]
[31, 5]
