Puzzle number: 47869
width:  45
height:  40
solved_count:  602
AVE_TIME:  '00:19:40'
ave_time_count:  284

top_values
[2, 5, 1]
[16, 5]
[19, 2, 2]
[1, 1, 2, 2, 1, 2, 1]
[3, 2, 2, 2, 2, 2]
[3, 1, 2, 2, 4]
[4, 1, 2, 2, 2]
[1, 1, 2, 3, 4]
[2, 2, 13]
[2, 1, 2, 8]
[3, 1]
[3, 1]
[4, 2]
[3, 10]
[2, 16]
[2, 2, 2, 7]
[2, 2, 1, 8]
[2, 2, 1, 9]
[1, 2, 1, 9]
[1, 3, 10]
[1, 3, 3, 8]
[2, 3, 3, 2]
[1, 1, 3, 3]
[2, 2, 6]
[3, 3]
[3]
[1]
[1]
[1]
[2]
[]
[]
[]
[]
[]
[]
[]
[]
[]
[]
[]
[]
[]
[]
[]

left_values
[19]
[1, 3, 10]
[7, 4]
[2, 1, 2, 1]
[2, 2, 2]
[4, 2]
[3]
[2]
[2]
[2]
[2, 2, 1]
[2, 2, 7]
[2, 1, 6, 2]
[2, 8, 3]
[2, 4, 1, 1]
[2, 2, 2]
[3, 4]
[3, 3]
[2, 2]
[3, 2]
[6, 2]
[9]
[2, 3]
[2, 2]
[2, 3]
[2, 4]
[2, 5]
[2, 6]
[3, 2, 6]
[5, 2, 6]
[2, 2, 2, 6]
[2, 4, 4, 1]
[3, 3, 6]
[2, 1, 4, 1]
[2, 1, 6]
[3, 3, 1]
[2, 5]
[1, 1, 3]
[2, 5]
[1, 2, 2, 2]
