Puzzle number: 47868
width:  45
height:  40
solved_count:  963
AVE_TIME:  '00:08:37'
ave_time_count:  498

top_values
[]
[]
[]
[]
[]
[]
[]
[]
[]
[]
[]
[]
[]
[]
[]
[]
[]
[]
[]
[]
[]
[]
[]
[]
[]
[]
[]
[]
[]
[2]
[9]
[1, 3]
[2]
[1, 3, 2]
[12]
[4, 2]
[4, 2]
[4, 13]
[4, 7, 1, 2]
[2, 2]
[2, 1]
[2, 1, 4]
[5, 4, 3]
[1, 6, 1, 2]
[2, 4, 1]

left_values
[]
[]
[]
[]
[]
[]
[]
[]
[]
[]
[]
[]
[]
[]
[]
[4]
[2, 1]
[1]
[2]
[2]
[1]
[1]
[5, 4]
[8, 2]
[6, 1]
[5, 1]
[2]
[2, 1, 1]
[2, 3, 4]
[1, 6, 1]
[1, 1, 2, 4]
[6, 2, 2]
[1, 3, 2]
[1, 2, 2]
[2, 4]
[2, 2]
[2, 2]
[1, 1]
[1, 2]
[1, 2, 1]
