Puzzle number: 47877
width:  45
height:  40
solved_count:  391
AVE_TIME:  '00:39:43'
ave_time_count:  159

top_values
[1, 2, 2, 1]
[1, 7, 2, 2, 1]
[13, 2, 1, 1]
[20, 1, 3]
[3, 1, 2, 2, 2, 2, 3]
[1, 3, 2, 2, 3, 2, 2]
[1, 2, 2, 1, 1, 1, 2]
[1, 2, 2, 6, 1, 2]
[1, 2, 2, 4, 3, 1, 2]
[2, 1, 2, 3, 1, 1, 2]
[2, 1, 2, 2, 2, 2, 2]
[5, 2, 2, 3, 2, 3, 2]
[6, 2, 2, 3, 2, 2]
[9, 2, 4, 2, 2]
[3, 5, 2, 4, 2, 3]
[2, 2, 2, 2, 4, 1, 3]
[1, 2, 1, 2, 3, 1, 2]
[2, 2, 2, 2, 2, 2]
[2, 3, 2, 2, 1, 2]
[1, 4, 2, 3, 1, 1]
[1, 1, 2, 2, 2, 1, 1]
[2, 3, 2, 2, 2, 1]
[2, 1, 1, 2, 3, 1, 1]
[1, 1, 1, 1, 1, 1, 1, 2]
[1, 1, 1, 1, 1, 1, 1, 2]
[2, 2, 1, 3, 2, 2]
[1, 2, 1, 3, 2, 2]
[1, 2, 1, 2, 2, 2]
[2, 3, 1, 2, 2, 2]
[1, 2, 2, 2, 1, 2]
[2, 3, 1, 1, 1, 2]
[1, 1, 1, 1, 1, 1, 2]
[1, 1, 1, 1, 1, 1, 2]
[1, 7, 2, 2, 3]
[1, 2, 2, 2, 2, 3]
[2, 2, 1, 1, 2, 3]
[1, 4, 1, 2, 3]
[1, 3, 1, 2, 3]
[1, 3, 1, 2, 3]
[2, 2, 1, 2, 3]
[1, 2, 1, 2, 4]
[2, 1, 1, 2, 3]
[2, 2, 1, 2, 3]
[1, 2, 1, 2, 3]
[1, 3, 1, 2, 3]

left_values
[14, 3, 4, 4]
[2, 7, 2, 3, 4]
[3, 4, 5, 4, 5]
[1, 1, 3, 3, 2, 3, 1]
[1, 1, 3, 2, 2, 4, 3]
[2, 4, 3, 3, 12]
[1, 2, 2, 2, 16]
[2, 4, 5, 6, 1, 3]
[20, 5]
[7, 2, 2]
[2]
[2]
[3, 2]
[18, 16]
[29]
[3, 5]
[3, 1]
[3, 2]
[3, 4]
[13]
[2, 1, 5]
[3, 6]
[2, 7]
[2, 12]
[3, 4, 5]
[3, 23]
[1, 4, 12]
[2, 5]
[2, 12]
[4, 1, 1, 7]
[8]
[2]
[]
[2]
[5, 2]
[16]
[41]
[22]
[12]
[5]
