Puzzle number: 47938
width:  50
height:  45
solved_count:  287
AVE_TIME:  '00:44:14'
ave_time_count:  136

top_values
[]
[]
[]
[]
[5]
[29]
[1, 15]
[11]
[7]
[3]
[]
[]
[]
[]
[]
[3]
[1, 1, 2]
[1, 7]
[2, 5]
[3, 1, 1, 2, 5]
[29]
[17, 4]
[2, 1, 3, 3, 1, 6]
[7, 14]
[3, 6, 4]
[3, 12, 3]
[5, 4, 3, 8]
[4, 6, 1, 4, 4]
[4, 7, 1, 3, 3]
[4, 9, 3, 3]
[2, 4, 2, 5]
[2, 3, 3, 1]
[2, 4, 1, 2]
[2, 5, 2]
[2, 5, 9]
[7, 8]
[5, 6, 3]
[1, 5, 10]
[3, 3]
[1, 2]
[2, 2]
[5, 2, 8]
[9, 2, 2, 3]
[13, 1, 2]
[2, 3, 6, 2, 6]
[3, 2, 4, 1, 2, 2]
[3, 4, 11, 2]
[2, 3, 3, 8, 10]
[4, 2, 4, 2, 11]
[1, 1, 2, 3, 7]

left_values
[2, 2, 2, 2, 3, 1]
[1, 2, 2, 5, 3]
[1, 2, 2, 8]
[1, 2, 2, 3, 2, 2]
[1, 2, 2, 4, 2]
[1, 2, 2, 3, 1]
[1, 2, 2, 4, 2]
[1, 3, 3, 2, 2, 1]
[2, 4, 2, 1, 2, 1, 1]
[2, 2, 6, 2, 1, 1]
[2, 9, 2, 2]
[2, 3, 2, 2, 2, 2]
[2, 4, 5, 2, 2]
[1, 4, 5, 2, 1]
[1, 8, 2, 2, 2]
[1, 3, 3, 2, 2, 1]
[1, 6, 4, 2, 1]
[1, 7, 3, 1]
[1, 9, 1, 2, 1]
[1, 4, 5, 1, 2, 1]
[1, 2, 1, 1, 1, 1, 2, 4, 2]
[1, 3, 1, 2, 1, 2, 2, 3, 2]
[1, 1, 1, 1, 1, 2, 1, 1, 3, 3, 2]
[1, 6, 1, 2, 2, 2, 3, 2, 4]
[1, 5, 2, 1, 1, 5, 2, 2]
[1, 4, 2, 1, 2, 4, 3, 2]
[2, 7, 1, 1, 4, 1, 1]
[2, 7, 2, 2, 2, 2, 2]
[2, 14, 1, 2]
[1, 11, 2, 1]
[1, 2, 3, 2, 3, 1]
[1, 3, 5, 1]
[1, 2, 2, 3, 1]
[1, 3, 2, 1, 4]
[2, 3, 1, 1, 1, 3]
[2, 2, 3, 1, 2, 2]
[2, 2, 2, 1, 1, 2]
[2, 2, 2, 1, 2]
[3, 2, 1, 2, 2]
[3, 1, 1, 1, 2]
[3, 1, 1, 1, 2]
[2, 2, 1, 2]
[3, 2, 2, 2]
[3, 1, 2, 1]
[3, 1, 2]
