Puzzle number: 48325
width:  25
height:  30
solved_count:  1848
AVE_TIME:  '00:36:26'
ave_time_count:  708

top_values
[5]
[8]
[10]
[3, 3, 3]
[3, 5, 2, 3, 1]
[3, 1, 4, 3, 2, 1, 1]
[2, 1, 3, 4, 2, 2, 1]
[1, 1, 1, 3, 4, 2, 2, 1, 2]
[2, 1, 2, 3, 4, 2, 2, 1, 3]
[2, 2, 2, 5, 3, 4]
[2, 6, 5, 1, 4]
[2, 7, 4, 1, 4]
[3, 5, 3, 5, 4]
[3, 2, 8, 1]
[12, 4, 1, 1]
[12, 1, 2, 1, 1]
[5, 3, 3, 3]
[3, 2, 1, 3]
[6, 1, 2, 3]
[1, 3, 1, 1, 3, 1]
[4, 2, 1, 2, 5]
[2, 3, 2, 2]
[5, 2, 2]
[2, 1]
[2]

left_values
[5]
[9]
[3, 4]
[3, 4, 4]
[3, 1, 3, 4]
[2, 1, 3, 4]
[2, 1, 1, 3, 4]
[2, 1, 2, 3, 3, 3]
[3, 2, 3, 2, 3]
[3, 6, 2, 3, 1, 1]
[3, 6, 1, 3, 2, 1]
[3, 4, 1, 4, 2, 2]
[4, 7, 2, 2]
[12, 2, 1, 2]
[10, 3]
[7, 1]
[4, 1, 1, 1, 3]
[1, 2, 1, 3]
[2, 3, 1, 2]
[4, 2, 2, 3, 1]
[6, 4, 3, 3]
[2, 2, 2, 1, 3]
[7, 1, 2, 2, 2]
[1, 3, 3, 3, 1]
[3, 2, 1]
[2, 6, 3]
[4]
[3, 4, 3]
[4]
[3]
