Puzzle number: 48849
width:  25
height:  15
solved_count:  5270
AVE_TIME:  '00:10:35'
ave_time_count:  2184

top_values
[1, 6]
[3, 1, 2]
[3, 1, 2]
[3, 1, 4]
[1, 4]
[3, 1]
[4, 3, 1]
[1, 2, 3]
[8]
[1, 2, 6]
[4, 4, 1]
[]
[]
[4, 4, 1]
[1, 2, 6]
[8]
[1, 2, 3]
[4, 3, 1]
[3, 1]
[4]
[1, 1, 4]
[3, 1, 2]
[3, 1, 2]
[3, 6]
[1]

left_values
[1, 1]
[5, 1, 1, 1, 1]
[3, 5, 5]
[1, 1, 1, 1, 1, 1, 3]
[5, 5, 1]
[2, 3, 1, 1, 1]
[1, 1, 1, 5]
[1, 5, 3, 2]
[1, 6, 1, 1, 1]
[1, 8, 5, 1]
[2, 3, 2, 6, 1]
[5, 1, 8, 1]
[5, 2, 2, 3, 2]
[1, 5]
[2, 5]
