Puzzle number: 49150
width:  50
height:  50
solved_count:  1507
AVE_TIME:  '00:15:41'
ave_time_count:  598

top_values
[17, 2, 29]
[1, 2, 1]
[1, 3, 1]
[1, 4, 1]
[1, 2, 2, 1]
[1, 2, 2, 1]
[1, 2, 2, 1]
[1, 2, 2, 1]
[1, 2, 2, 1]
[1, 2, 2, 1]
[1, 2, 2, 1]
[1, 2, 2, 1]
[1, 3, 2, 1]
[1, 4, 2, 1]
[1, 3, 4, 2, 1]
[1, 5, 4, 2, 1]
[1, 5, 4, 2, 1]
[1, 5, 4, 2, 1]
[1, 10, 2, 1]
[1, 8, 2, 1]
[1, 9, 2, 1]
[1, 10, 3, 2, 1]
[1, 11, 5, 2, 1]
[1, 13, 7, 2, 1]
[1, 14, 9, 1]
[1, 2, 12, 5, 5, 1]
[1, 2, 16, 5, 2]
[1, 2, 15, 5, 2]
[1, 2, 13, 5, 2, 1]
[1, 2, 11, 5, 2, 1]
[1, 2, 10, 5, 2, 1]
[1, 2, 8, 5, 2, 1]
[1, 2, 6, 6, 1]
[1, 2, 4, 4, 1]
[1, 2, 2, 1]
[1, 2, 2, 1]
[1, 2, 2, 1]
[1, 2, 2, 1]
[1, 2, 2, 1]
[1, 2, 2, 1]
[1, 2, 2, 1]
[1, 2, 2, 1]
[1, 2, 2, 1]
[1, 2, 2, 1]
[1, 2, 2, 1]
[1, 2, 2, 1]
[1, 2, 2, 1]
[1, 2, 2, 1]
[2, 2, 1]
[2, 21, 2, 22]

left_values
[48, 1]
[1, 2]
[1, 2]
[1, 2, 1]
[1, 2, 1]
[1, 2, 1]
[1, 3, 2, 1]
[1, 5, 2, 1]
[1, 5, 2, 1]
[1, 5, 19, 1]
[1, 26, 1]
[1, 7, 1]
[1, 9, 1]
[1, 11, 1]
[1, 13, 1]
[1, 15, 1]
[1, 4, 12, 1]
[4, 12, 1]
[15, 12, 1]
[14, 12, 1]
[2, 12, 1]
[1, 2, 11, 1]
[1, 2, 10, 1]
[1, 2, 9, 1]
[1, 2, 7]
[1, 2, 7, 1]
[1, 2, 7, 2]
[1, 2, 6, 2]
[1, 2, 6, 2, 1]
[1, 2, 5, 2, 1]
[1, 2, 4, 2, 1]
[1, 2, 5, 2, 1]
[1, 2, 5, 2, 1]
[1, 2, 5, 2, 1]
[1, 2, 5, 2, 1]
[1, 2, 5, 2, 1]
[1, 2, 5, 2, 1]
[1, 2, 5, 2, 1]
[1, 2, 5, 2, 1]
[1, 2, 5, 2, 1]
[1, 2, 6, 1]
[1, 2, 4, 1]
[1, 2, 1]
[1, 2, 1]
[1, 2, 1]
[1, 2, 1]
[1, 2, 1]
[1, 2, 1]
[1, 2, 1]
[24, 2, 22]
