Puzzle number: 49170
width:  50
height:  50
solved_count:  164
AVE_TIME:  '00:45:12'
ave_time_count:  100

top_values
[6, 3, 1, 3, 1, 1, 1, 2, 4]
[1, 9, 4, 3, 1, 1, 1, 2, 4]
[8, 2, 2, 3, 4, 1, 1, 1, 2, 3]
[4, 7, 3, 1, 5, 2, 1, 1, 2, 2]
[2, 9, 1, 4, 1, 3, 4, 2]
[7, 1, 2, 1, 4, 2, 1, 1, 2, 2]
[12, 2, 3, 1, 1, 2, 3, 2]
[2, 3, 5, 1, 2, 1, 3, 2, 2]
[3, 8, 2, 3, 2, 2, 2]
[12, 4, 4, 1, 4]
[9, 2, 2, 1, 4, 1, 4]
[4, 7, 1, 3, 5, 3]
[1, 8, 1, 4, 1, 3, 2]
[5, 6, 2, 2, 4]
[3, 3, 1, 2, 1, 5]
[11, 1, 5]
[3, 8, 2, 1, 6]
[12, 6, 6]
[1, 3, 3, 1, 2, 2, 5]
[12, 2, 3, 4]
[6, 4, 3, 1, 4]
[3, 7, 1, 3]
[8, 2, 1, 3]
[1, 9, 1, 3]
[6, 4, 1, 4]
[4, 7, 3, 1, 5]
[1, 7, 2, 2, 2, 5]
[12, 1, 2, 5]
[6, 5, 5, 4]
[2, 8, 1, 4]
[9, 1, 1, 4]
[7, 3, 1, 3]
[4, 6, 4, 1, 4]
[2, 2, 5, 1, 3, 5]
[9, 2, 1, 2, 6]
[10, 5, 6]
[1, 3, 5, 1, 5]
[8, 1, 1, 4]
[9, 1, 4]
[3, 5, 2, 5]
[9, 6, 5]
[2, 1, 2, 2, 1, 5]
[5, 4, 4]
[2, 1, 5]
[18]
[14]
[14]
[9, 2]
[8]
[2, 2]

left_values
[7, 1, 2, 2]
[1, 13, 11, 5]
[4, 7, 13, 16]
[7, 10, 4, 5, 3, 5, 1, 1]
[3, 4, 5, 29]
[11, 4, 4, 3, 6, 3, 4, 3]
[12, 19, 9, 1]
[5, 1, 10, 9, 13, 1]
[2, 11, 5, 3, 6, 5, 3, 1]
[5, 28, 4, 3]
[9, 3, 7, 3, 3, 6, 4]
[9, 5, 16, 1, 5]
[11, 10, 3, 6]
[4, 1, 1, 6]
[1, 1, 7]
[3, 3, 4, 3, 5]
[1, 1, 2, 2, 3, 3, 1, 1, 1, 6]
[4, 1, 2, 4, 2, 1, 1, 1, 2, 6]
[2, 1, 2, 2, 1, 1, 1, 8, 5]
[5, 4, 2, 2, 1, 2, 3, 4]
[3, 3, 3, 8, 6]
[14, 7]
[9]
[6, 11]
[11, 15]
[42]
[5, 30, 2]
[1, 22, 5]
[1, 8, 4, 2]
[4, 5, 2]
[4, 2]
[6]
[1]
[1]
[1]
[8]
[1]
[2]
[7]
[1]
[7]
[8]
[3]
[3]
[3]
[13]
[13]
[3]
[2]
[]
