Puzzle number: 49216
width:  50
height:  45
solved_count:  325
AVE_TIME:  '01:26:55'
ave_time_count:  100

top_values
[6]
[1, 2, 4]
[3, 3, 2, 3]
[3, 3, 2, 1, 4]
[5, 4, 3, 2, 1, 2]
[1, 4, 4, 3, 1, 1, 1]
[3, 4, 3, 2, 2, 1, 1]
[5, 4, 2, 2, 3, 2]
[1, 6, 3, 2, 1, 1, 1, 2]
[3, 6, 4, 2, 1, 2, 3]
[7, 4, 3, 3, 1, 5]
[9, 3, 2, 2, 1, 6]
[1, 10, 3, 3, 2, 1, 6]
[1, 8, 3, 2, 4, 3]
[5, 8, 3, 2, 3, 3, 2]
[10, 7, 2, 4, 3, 4]
[14, 5, 2, 1, 2, 8]
[1, 15, 5, 3, 4, 2, 1]
[1, 9, 5, 4, 1, 1]
[8, 7, 4, 3, 1, 1]
[17, 9, 4, 1]
[26, 2, 3, 1]
[39, 3]
[6, 18]
[1, 8]
[1, 42]
[25, 1]
[19, 18]
[14, 8, 3, 2]
[10, 8, 4, 7, 1, 1]
[5, 9, 5, 2, 2, 2]
[2, 9, 5, 3, 2, 4, 2]
[1, 9, 6, 3, 3, 6, 3]
[1, 8, 6, 4, 3, 2, 1, 1, 2]
[7, 6, 4, 3, 3, 4, 3]
[5, 7, 5, 3, 4, 1, 2, 4]
[2, 8, 5, 4, 2, 1, 1, 6]
[1, 8, 5, 3, 3, 1, 1, 4]
[8, 5, 3, 2, 1, 1, 4]
[7, 6, 4, 2, 2, 2, 4]
[4, 5, 4, 3, 2, 1, 1, 2]
[2, 6, 5, 3, 3, 1, 1, 2]
[1, 6, 4, 3, 3, 1, 1, 2]
[5, 4, 3, 2, 2, 1, 1]
[3, 5, 3, 3, 1, 1, 1]
[1, 5, 4, 3, 2, 1, 2]
[6, 4, 3, 1, 2, 1]
[3, 4, 3, 2, 1, 1]
[7, 4, 1, 1, 1]
[14]

left_values
[17]
[2, 5, 6, 3]
[3, 5, 5, 5]
[5, 5, 6, 3, 2]
[2, 4, 5, 6, 4, 4]
[2, 4, 5, 5, 4, 6]
[4, 4, 4, 5, 3, 4, 1]
[5, 3, 4, 5, 3, 5, 3]
[1, 4, 3, 3, 5, 3, 4, 5]
[3, 3, 3, 3, 5, 3, 5, 4, 1]
[3, 4, 3, 3, 4, 2, 4, 4, 1]
[6, 3, 2, 3, 4, 3, 3, 4, 3]
[1, 3, 3, 2, 3, 4, 3, 4, 4, 4]
[3, 2, 3, 2, 3, 4, 2, 3, 4, 5]
[4, 3, 3, 3, 3, 3, 2, 3, 3, 4, 1]
[5, 2, 3, 2, 3, 3, 3, 3, 3, 4, 1]
[1, 3, 2, 3, 2, 3, 3, 3, 2, 4, 4, 2]
[3, 3, 2, 3, 2, 2, 3, 2, 3, 3, 3, 4]
[4, 3, 1, 2, 2, 2, 3, 2, 2, 3, 3, 5]
[1, 4, 2, 2, 2, 1, 2, 2, 2, 2, 3, 3, 6]
[1, 3, 2, 1, 3, 2, 2, 2, 2, 2, 2, 3, 4, 1]
[3, 3, 2, 2, 2, 2, 2, 2, 2, 2, 2, 3, 4, 2]
[5, 2, 2, 1, 2, 2, 2, 2, 2, 2, 2, 3, 3, 4]
[1, 4, 2, 4, 2, 1, 2, 2, 1, 1, 2, 3, 3, 5]
[1, 3, 2, 1, 1, 2, 1, 2, 2, 1, 2, 2, 2, 2, 6]
[3, 3, 1, 1, 1, 1, 1, 2, 1, 1, 2, 1, 2, 2, 4, 1]
[4, 2, 2, 1, 1, 3, 1, 1, 2, 1, 2, 2, 2, 4, 3]
[1, 3, 1, 5, 2, 1, 2, 1, 2, 1, 1, 2, 2, 3, 3, 1]
[3, 2, 1, 1, 1, 1, 1, 1, 2, 1, 1, 2, 1, 1, 1, 3, 3, 1]
[4, 2, 1, 1, 1, 1, 1, 2, 1, 1, 1, 1, 2, 2, 1, 2, 4]
[2, 2, 1, 4, 4, 2, 1, 1, 1, 1, 1, 2, 1, 1, 2, 1]
[2, 4, 3, 1, 2, 2, 1, 1, 1, 3, 1, 1, 2, 2, 2]
[2, 8, 2, 2, 1, 2, 1, 1, 3, 2, 2, 2]
[7, 1, 2, 2, 1, 2, 3, 2, 1, 1, 1]
[6, 1, 1, 2, 1, 3, 1, 2, 1, 2, 4]
[5, 1, 1, 2, 1, 1, 1, 2, 1, 6]
[5, 1, 3, 1, 1, 1, 1, 1, 5]
[7, 5, 1, 1, 8]
[6, 4, 1, 1, 2, 4]
[5, 3, 1, 1, 4, 1]
[1, 4, 3, 1, 4, 2]
[3, 2, 3, 1, 2, 3]
[12, 3, 4]
[3, 7, 6]
[11, 4]
