Puzzle number: 49588
width:  40
height:  35
solved_count:  819
AVE_TIME:  '00:24:22'
ave_time_count:  259

top_values
[13, 10, 6]
[1, 2, 2, 1]
[1, 2, 4, 1]
[1, 2, 8, 2, 1]
[1, 2, 9, 2, 1]
[1, 5, 9, 2]
[1, 6, 8, 1, 1]
[1, 7, 9, 3]
[1, 8, 8, 3]
[1, 1, 5, 8, 3]
[1, 3, 4, 8, 2]
[1, 1, 1, 1, 7, 2]
[1, 1, 3, 7, 1]
[1, 3, 1, 6, 1]
[1, 2, 3, 7, 1]
[1, 2, 2, 1, 7, 1]
[1, 1, 1, 1, 7, 1]
[1, 4, 1, 6, 1]
[1, 5, 1, 6, 1]
[1, 6, 2, 1, 7, 1]
[8, 1, 1, 6, 1]
[8, 2, 2, 6, 2]
[8, 2, 1, 5, 2]
[1, 1, 2, 1, 5, 2]
[1, 1, 2, 5, 2]
[1, 2, 3, 4, 3]
[1, 1, 3, 4, 2]
[1, 3, 3, 4, 2]
[1, 2, 4, 2, 2]
[1, 3, 6, 1, 2]
[1, 9, 1, 2, 1]
[1, 9, 2, 1]
[1, 9, 2, 1]
[1, 19, 1]
[1, 18, 1]
[1, 17, 1]
[1, 10, 1]
[1, 6, 1]
[1, 5, 1]
[35]

left_values
[40]
[1, 3, 1]
[1, 4, 1]
[1, 4, 1]
[1, 5, 1]
[1, 10, 1]
[1, 3, 6, 1]
[1, 4, 9, 1]
[1, 3, 4, 3, 1]
[1, 2, 3, 2, 2, 1]
[1, 5, 3, 3, 1]
[1, 9, 6, 2, 7]
[1, 8, 3, 11]
[2, 6, 2, 10]
[1, 6, 1, 11]
[1, 3, 1, 11]
[2, 1, 1, 10, 1]
[1, 3, 3, 12, 1]
[1, 3, 16, 1]
[1, 5, 13, 1]
[1, 6, 6, 1]
[1, 8, 3, 1]
[1, 10, 3, 1]
[1, 14, 2, 3, 1]
[1, 16, 5, 3, 1]
[2, 27, 3, 1]
[2, 22, 3, 1]
[1, 19, 3, 1]
[1, 16, 3, 1]
[1, 2, 10, 3, 1]
[1, 2, 1, 3, 2, 1]
[1, 2, 2, 3, 1]
[1, 5, 5, 1]
[1, 5, 7, 1]
[5, 17, 10]
