Puzzle number: 4999
width:  25
height:  20
solved_count:  3312
AVE_TIME:  '00:11:57'
ave_time_count:  1614

top_values
[1, 3, 1]
[1, 6]
[1, 1]
[3, 1]
[5, 4]
[7, 1]
[3, 5, 1]
[1, 8]
[2, 1, 6, 2]
[5, 7, 1]
[2, 1, 5, 1]
[2, 1, 1, 5]
[2, 2, 8]
[2, 1, 5, 1]
[1, 7, 1]
[9]
[10, 1]
[10, 1]
[6, 2, 1]
[4, 2, 1]
[1, 1, 9]
[3, 4]
[1, 1, 5, 3]
[1, 3, 1, 1]
[1, 4, 1]

left_values
[4]
[2, 1, 2]
[6]
[3]
[3]
[3, 4]
[13]
[3, 2, 2, 3]
[8, 3, 4, 1]
[3, 3, 6, 1]
[5, 2, 4, 1]
[1, 6, 5, 1, 1]
[1, 12, 1, 1, 1]
[1, 12, 1, 1, 1, 1]
[1, 9, 1, 1, 1, 1]
[1, 7, 2, 1, 1]
[1, 1, 5, 3, 1]
[1, 1, 1, 1, 3]
[1, 1, 1, 1, 3]
[7, 3, 3, 9]
