Puzzle number: 50406
width:  50
height:  50
solved_count:  275
AVE_TIME:  '00:40:45'
ave_time_count:  106

top_values
[3, 10, 5]
[4, 4]
[4, 3]
[4, 3]
[3]
[1]
[]
[]
[]
[13]
[17, 1]
[19, 3, 1]
[6, 4, 2]
[11, 3]
[9, 4]
[7, 4]
[2, 3, 6, 2, 3]
[4, 4, 6, 4, 3]
[5, 4, 8, 5, 4]
[6, 4, 9, 5, 4]
[7, 5, 17, 4]
[8, 26, 3, 1]
[7, 26, 3, 2]
[6, 12, 5, 3, 4, 3]
[5, 9, 1, 3, 2, 3, 3]
[5, 2, 2, 1, 2, 3, 3]
[5, 2, 1, 2, 2, 3, 3]
[5, 2, 2, 2, 3, 3]
[5, 2, 2, 2, 3, 2]
[5, 2, 2, 2, 3, 2]
[4, 2, 2, 2, 3, 1]
[3, 2, 2, 5, 1]
[2, 2, 5, 2]
[2, 2, 5, 1]
[2, 2, 4, 3, 2]
[2, 2, 4, 6]
[2, 2, 4, 4]
[2, 2, 4, 5]
[2, 2, 4, 8]
[2, 2, 5, 7]
[2, 2, 4, 6]
[2, 2, 4, 5]
[2, 2, 4, 3]
[3, 2, 2, 4, 2]
[5, 2, 3, 4, 2]
[8, 5, 2, 5, 4, 3]
[10, 3, 2, 7, 4, 2]
[10, 3, 2, 8, 4, 2]
[7, 4, 2, 4, 7, 1]
[5, 15, 2, 3, 6]

left_values
[4, 2, 9, 4]
[5, 3, 12, 4]
[5, 3, 15, 5]
[5, 3, 16, 5]
[3, 15, 5]
[3, 7, 4]
[3, 5, 4]
[3, 3, 3, 1]
[3, 3, 1]
[3, 6, 3, 1]
[3, 8, 1]
[3, 9, 1]
[3, 9, 1]
[3, 5, 1]
[2, 4, 2, 1]
[3, 4, 3, 1]
[3, 4, 3, 1]
[3, 4, 7]
[3, 5, 6]
[3, 5, 4]
[3, 5, 2]
[3, 6, 1]
[10]
[11]
[12, 26]
[1, 13, 25]
[1, 13]
[1, 14]
[1, 8]
[1, 5]
[1, 4, 25]
[1, 4, 24]
[1, 6, 6]
[1, 17, 4]
[1, 20, 3]
[4, 9, 2]
[3, 12, 3]
[16, 3]
[6, 9, 2]
[6, 11]
[5, 9]
[5, 3, 7]
[4, 5, 5, 4]
[4, 4, 6]
[4, 4, 7]
[2, 5, 1, 5]
[1, 5, 2, 4]
[4, 5, 3, 8]
[4, 11, 10]
[4, 9, 5, 4]
