Puzzle number: 50675
width:  45
height:  37
solved_count:  1190
AVE_TIME:  '00:04:53'
ave_time_count:  682

top_values
[22, 4]
[8, 3]
[2, 2]
[2]
[1]
[1]
[1]
[]
[]
[]
[]
[]
[]
[1]
[2]
[2, 1]
[2, 1, 2]
[5, 1, 3]
[7, 5]
[7, 7]
[8, 9]
[37]
[37]
[8, 9]
[7, 7]
[7, 5]
[2, 1, 1, 3]
[2, 1, 2]
[1, 1]
[]
[]
[]
[]
[]
[]
[]
[]
[]
[]
[]
[]
[3, 1]
[9, 1]
[12, 2]
[14, 3]

left_values
[14]
[16]
[9]
[9]
[12]
[8]
[10]
[2, 4]
[3, 2, 2]
[3, 2, 3]
[2, 2, 3]
[2, 2, 3]
[2, 2, 4]
[2, 2, 4]
[2, 2, 4]
[1, 2, 3]
[1, 2, 3]
[1, 2, 3]
[1, 2, 2]
[1, 2, 2]
[1, 2, 1]
[1, 2, 1]
[1, 2]
[1, 2]
[1, 2]
[1, 2]
[1, 2]
[1, 2]
[1, 4]
[4]
[6]
[6]
[8]
[1, 8]
[2, 10, 1]
[4, 12, 2]
[7, 14, 4]
