Puzzle number: 50742
width:  35
height:  35
solved_count:  2727
AVE_TIME:  '00:04:21'
ave_time_count:  1510

top_values
[2, 1, 3]
[2, 1, 3]
[2, 1, 2, 1]
[3, 2, 1]
[3, 2, 2]
[3, 1, 2]
[3, 1, 1, 2, 1]
[3, 1, 2]
[3, 2, 1]
[3, 2, 1]
[3, 2, 1]
[3, 1, 1]
[3, 1, 1]
[3, 1, 1]
[3, 1, 1]
[2, 1, 1]
[2, 1, 1]
[2, 1, 1]
[2, 1, 1]
[2, 1, 1]
[2, 1, 1]
[1, 2]
[1, 2]
[1, 1]
[1, 1, 1, 1]
[1]
[1]
[]
[]
[]
[]
[1]
[2]
[3]
[3]

left_values
[25]
[21]
[12]
[3]
[]
[1, 1]
[]
[]
[]
[3, 3]
[11, 4]
[2, 13, 2]
[8, 2]
[23]
[]
[]
[]
[]
[]
[]
[]
[]
[]
[]
[]
[]
[1, 1]
[]
[]
[]
[]
[]
[]
[]
[]
