Puzzle number: 50774
width:  35
height:  35
solved_count:  1584
AVE_TIME:  '00:13:20'
ave_time_count:  855

top_values
[19, 11]
[2, 2, 1, 4, 2, 1]
[2, 2, 1, 1, 3]
[3, 5, 4]
[2, 2, 9, 3]
[3, 2, 2, 5, 1]
[3, 2, 2, 2]
[3, 1, 7]
[4, 1, 5, 1, 2]
[18]
[18]
[14, 3]
[11, 7]
[8, 6, 2]
[16]
[3, 10]
[3, 13]
[7, 2, 12]
[9, 2, 11]
[15, 10]
[17, 10]
[16, 2, 9]
[18, 2, 10]
[35]
[35]
[6, 26]
[2, 16]
[9]
[1, 5]
[]
[]
[1]
[3]
[5]
[13]

left_values
[1, 11]
[2, 1, 11]
[1, 1, 10, 1]
[1, 1, 3, 9, 1]
[5, 1, 9, 2]
[2, 1, 2, 9, 2]
[1, 2, 2, 8, 3]
[2, 2, 2, 11]
[1, 1, 1, 2, 12]
[1, 1, 3, 1, 9]
[1, 2, 2, 10]
[1, 4, 2, 10]
[1, 3, 6, 8]
[1, 3, 1, 3, 8]
[1, 11, 8]
[2, 10, 7]
[2, 2, 7, 1, 5]
[2, 10, 6]
[3, 1, 8, 1, 4]
[1, 2, 1, 6, 5]
[2, 7, 5]
[2, 7, 4]
[2, 8, 3, 1]
[1, 1, 10, 3, 1]
[1, 5, 1, 3, 3, 1]
[1, 3, 8, 4, 1]
[1, 1, 14, 1]
[1, 16, 1]
[2, 15, 1]
[2, 15, 1]
[1, 14, 2]
[2, 1, 12, 2]
[1, 14, 3]
[1, 12, 3]
[11, 4]
