Puzzle number: 51068
width:  50
height:  45
solved_count:  363
AVE_TIME:  '00:31:48'
ave_time_count:  102

top_values
[11]
[20]
[25]
[12, 3]
[1, 5, 5, 16, 3]
[7, 3, 16, 3]
[2, 1, 4, 15, 2]
[2, 5, 3, 8, 2]
[2, 5, 2, 2, 6, 2]
[2, 5, 2, 3, 2, 3, 2]
[2, 5, 2, 2, 2, 3, 2]
[2, 5, 2, 3, 7, 2]
[2, 5, 2, 2, 2, 4, 2]
[1, 5, 1, 2, 2, 4, 2]
[1, 5, 2, 2, 2, 2, 2, 2]
[1, 5, 1, 1, 1, 2, 2, 2, 1]
[2, 4, 1, 1, 2, 1, 2, 2, 1]
[3, 4, 1, 2, 1, 2, 2, 3, 1]
[3, 4, 1, 1, 1, 1, 1, 2, 1, 2]
[3, 4, 2, 1, 2, 2, 2, 2]
[3, 4, 2, 1, 1, 1, 2, 2]
[3, 4, 2, 1, 2, 1, 2]
[3, 4, 2, 1, 1, 1, 2]
[3, 4, 2, 3]
[3, 4, 2, 3]
[3, 5, 2, 3]
[3, 5, 2, 3]
[4, 5, 3, 3]
[4, 14, 10]
[20, 20]
[5, 38]
[3, 5, 27]
[8, 2, 5]
[10, 1, 1, 1, 5]
[11, 3, 2, 2, 4]
[4, 6, 4, 4, 2, 4]
[7, 6, 5, 8, 1]
[30, 1]
[28, 2]
[25, 2]
[21, 2]
[13, 3]
[2, 3]
[5, 4]
[8, 4]
[15]
[12]
[10]
[6]
[4]

left_values
[9, 13]
[31]
[2, 19]
[2, 9]
[2, 2, 4]
[2, 2, 3]
[26, 3]
[29]
[30]
[26, 5]
[10, 7, 5]
[2, 4, 5]
[2, 3, 4]
[2, 3, 4]
[1, 3, 4]
[2, 3, 3]
[2, 3, 4]
[2, 17, 4]
[2, 13, 5]
[2, 6, 5]
[2, 4, 6, 1]
[2, 2, 6, 1]
[2, 2, 7, 2]
[5, 2, 8, 2]
[6, 2, 2, 2, 5, 2]
[6, 4, 3, 6, 2]
[6, 5, 2, 3, 6, 2]
[2, 9, 3, 3, 7, 3]
[2, 6, 3, 3, 7, 3]
[2, 4, 4, 1, 3, 8, 4]
[2, 3, 5, 3, 3, 2, 5, 3]
[3, 8, 3, 3, 1, 5, 3]
[3, 6, 4, 2, 3, 6, 4]
[3, 4, 5, 3, 3, 7, 4]
[3, 10, 4, 3, 8, 5]
[3, 8, 4, 1, 4, 8, 5]
[3, 5, 5, 3, 4, 2, 5, 6]
[3, 10, 4, 4, 5, 7]
[3, 15, 4, 6, 6]
[3, 10, 9, 5]
[6, 1, 8, 4]
[15, 7, 3]
[33, 2]
[15, 3]
[8]
