Puzzle number: 51137
width:  30
height:  50
solved_count:  1548
AVE_TIME:  '00:13:30'
ave_time_count:  543

top_values
[1]
[1]
[3]
[3]
[3]
[8, 3, 15]
[3, 4, 3, 3, 13]
[2, 3, 3, 3, 6, 12]
[2, 7, 3, 3, 9, 11]
[2, 13, 3, 2, 8, 10]
[2, 2, 10, 5, 4, 8]
[2, 2, 11, 5, 6, 5]
[2, 12, 2, 5, 2, 5, 3]
[3, 10, 7, 10, 1]
[4, 15, 3]
[4, 15, 3]
[3, 10, 7, 10, 1]
[2, 12, 2, 5, 2, 5, 3]
[2, 2, 11, 5, 6, 5]
[2, 2, 10, 5, 4, 8]
[2, 13, 3, 2, 8, 10]
[2, 7, 3, 3, 9, 11]
[2, 3, 3, 3, 6, 12]
[3, 4, 3, 3, 13]
[8, 3, 15]
[3]
[3]
[3]
[1]
[1]

left_values
[12]
[14]
[2, 4, 2]
[2, 4, 2, 4, 2]
[2, 6, 6, 2]
[2, 2, 2, 2, 2, 2]
[1, 3, 2, 2, 3, 1]
[1, 7, 7, 1]
[1, 7, 7, 1]
[2, 6, 6, 2]
[2, 6, 6, 2]
[3, 5, 5, 3]
[8, 8]
[7, 7]
[5, 5]
[3, 3]
[10]
[8]
[4]
[10]
[26]
[30]
[26]
[3, 2, 3]
[4]
[6]
[8]
[2, 4, 2]
[12]
[14]
[1, 10, 1]
[3, 3, 3, 3]
[4, 6, 4]
[6, 4, 6]
[7, 2, 7]
[9, 9]
[1, 6, 6, 1]
[2, 4, 4, 2]
[3, 2, 2, 3]
[4, 1, 1, 4]
[5, 5]
[5, 5]
[5, 5]
[5, 5]
[5, 5]
[5, 5]
[5, 5]
[5, 5]
[5, 5]
[5, 5]
