Puzzle number: 51201
width:  35
height:  50
solved_count:  425
AVE_TIME:  '00:29:51'
ave_time_count:  126

top_values
[14, 17]
[16, 1]
[8, 1]
[3, 5, 1]
[3, 10, 1]
[3, 15, 1]
[3, 19, 1]
[3, 20, 1]
[2, 22, 1]
[2, 24]
[2, 11, 12]
[1, 6, 9]
[1, 3, 8]
[1, 2, 7, 7]
[1, 2, 20]
[1, 2, 6, 7]
[1, 2, 18]
[3, 13, 2, 1]
[40, 3]
[24, 6, 7]
[22, 5]
[19, 6]
[17, 6]
[14, 6, 1]
[3, 7, 7, 2, 1]
[1, 7, 2, 1]
[2, 8, 3, 1]
[2, 10, 3, 1]
[2, 13, 2, 1]
[1, 20, 3, 1]
[1, 17, 3, 1]
[1, 16, 3, 1]
[1, 13, 4, 1]
[1, 9, 5, 1]
[6, 6, 17]

left_values
[12, 6]
[10, 1]
[8, 1]
[5, 1]
[3, 1]
[3, 16, 1]
[3, 24]
[3, 7, 8, 6]
[3, 7, 6, 4]
[2, 7, 7, 5]
[2, 7, 7, 5]
[2, 7, 7, 5]
[2, 7, 7, 5]
[2, 7, 7, 5]
[2, 7, 7, 6]
[2, 8, 7, 6]
[1, 7, 6, 6]
[7, 6, 6]
[7, 6, 6]
[8, 5, 6]
[7, 5, 6]
[6, 5, 6]
[6, 4, 6, 1]
[6, 4, 6, 1]
[6, 3, 5, 1]
[5, 4, 6, 2]
[5, 4, 5, 2]
[5, 3, 5, 3]
[5, 3, 5, 3]
[4, 2, 5, 4]
[5, 2, 4, 4]
[5, 8, 4]
[12, 4]
[1, 11, 3, 1]
[1, 9, 3, 1]
[1, 7, 2, 1]
[1, 6, 1]
[1, 1, 3, 1]
[1, 1, 1, 1, 1]
[1, 1, 1, 1, 1]
[1, 1, 1, 1, 1]
[1, 1, 1, 1, 1]
[1, 1, 1, 1, 1]
[1, 7, 1]
[1, 7, 1]
[1, 4, 1, 1]
[1, 4, 1, 1]
[1, 4, 2, 1]
[1, 4, 2, 1]
[9, 7, 11]
