Puzzle number: 51882
width:  40
height:  35
solved_count:  2483
AVE_TIME:  '00:11:22'
ave_time_count:  938

top_values
[1, 10]
[8]
[6]
[4]
[]
[]
[3]
[2]
[2, 2]
[1, 3]
[1, 3]
[5, 2]
[2, 4]
[2, 4]
[2, 7]
[1, 2, 1]
[2]
[1]
[]
[]
[7]
[1, 6]
[2, 8]
[1, 9]
[1, 9]
[1, 8]
[1, 6]
[3, 5]
[1, 2]
[1, 1]
[1, 1]
[2, 1, 1]
[3, 2]
[2, 2]
[2, 2, 1]
[2, 1]
[2, 1]
[2, 1]
[3]
[2]

left_values
[1]
[]
[]
[]
[]
[]
[]
[]
[]
[]
[]
[]
[]
[]
[]
[]
[]
[]
[]
[]
[]
[]
[4]
[1, 2, 1]
[1, 4, 1, 1]
[1, 2, 1, 1, 5]
[2, 2, 1, 1, 2, 2, 2]
[2, 2, 1, 1, 5, 2]
[2, 1, 1, 1, 5, 5]
[3, 4, 1, 7, 2, 1]
[3, 2, 1, 1, 9, 4]
[4, 1, 4, 7, 6]
[4, 1, 2, 3, 5, 1, 2, 2]
[3, 1, 7, 5, 1, 2]
[2, 1, 8, 5, 1, 2, 4]
