Puzzle number: 51887
width:  40
height:  35
solved_count:  1719
AVE_TIME:  '00:35:26'
ave_time_count:  557

top_values
[16, 3, 10]
[14, 3, 8]
[3, 4, 4, 3, 4]
[1, 3]
[5, 5, 2]
[7, 3, 10]
[3, 2, 1, 1, 3, 8]
[1, 4, 1, 3, 2]
[2, 1, 10, 2]
[5, 8, 2]
[6, 1, 7, 1]
[6, 2, 5, 2]
[7, 2, 4, 4]
[7, 2, 3, 3]
[5, 1, 4, 6]
[1, 5, 8, 11]
[2, 31]
[2, 9, 17, 1]
[1, 9, 7, 8, 1]
[4, 15, 11]
[8, 25]
[8, 24]
[9, 4, 8]
[14, 7, 2]
[2, 15, 3, 4]
[8, 12, 3, 2]
[3, 28, 2]
[1, 28, 2]
[28, 2]
[4, 8, 1, 1, 7, 2]
[5, 2, 4, 4, 2]
[5, 2, 14]
[5, 1, 2, 3]
[6, 1, 2, 1]
[8, 2, 1]
[8, 1, 1]
[8, 1, 2]
[5, 1, 2, 2]
[2, 1, 2, 5]
[1, 4]

left_values
[2, 1, 6, 2, 4, 2, 8]
[1, 1, 6, 2, 5, 1, 9]
[1, 1, 1, 6, 7, 1, 8]
[2, 1, 7, 5, 1, 11]
[2, 30]
[3, 21, 4]
[3, 1, 7, 10, 3]
[3, 2, 14, 8]
[3, 2, 5, 7, 2, 1]
[2, 1, 2, 4, 8, 1]
[2, 1, 1, 5, 8, 1]
[2, 1, 2, 10, 4, 1]
[3, 1, 22, 1]
[3, 5, 3, 2, 11]
[3, 1, 3, 3, 3, 6]
[3, 2, 15, 6]
[2, 1, 25]
[1, 1, 22, 1]
[2, 5, 14, 1]
[3, 2, 8, 4, 2]
[1, 6, 14, 1]
[2, 4, 13, 1]
[3, 2, 10, 1]
[3, 2, 3, 4, 1, 1]
[3, 7, 6, 2]
[1, 3, 7, 13]
[1, 2, 7, 9, 1]
[2, 3, 8, 6, 2]
[2, 3, 8, 5, 1, 2]
[3, 2, 8, 7, 2, 2]
[3, 2, 9, 7, 4]
[3, 2, 10, 1, 3, 2]
[3, 2, 5, 3, 2, 2]
[2, 3, 2, 2, 3, 6]
[2, 3, 3, 7, 4]
