Puzzle number: 52200
width:  50
height:  42
solved_count:  614
AVE_TIME:  '00:10:41'
ave_time_count:  235

top_values
[1, 10]
[1, 11]
[1, 11]
[1, 12]
[1, 12]
[1, 12]
[1, 12]
[1, 13]
[1, 1, 11]
[1, 2, 11]
[1, 2, 10]
[1, 1, 10]
[1, 1, 10]
[1, 1, 9]
[1, 2, 7]
[1, 2, 5]
[1, 3]
[1, 2]
[1, 3]
[1, 3]
[1, 2]
[1, 2]
[1, 3]
[1, 2]
[1, 2]
[1, 5]
[1, 7]
[1, 5, 1, 1]
[2, 3, 5]
[15, 4]
[10, 3]
[1, 13, 7]
[1, 3, 11, 3]
[1, 2, 11, 1]
[19, 2]
[1, 4, 5, 1]
[1, 2, 5, 2]
[1, 8, 1]
[1, 7, 2]
[1, 7, 1]
[1, 5, 1]
[1, 1, 1]
[1, 1, 2]
[1, 1, 1]
[1, 1, 2]
[1, 2, 1]
[1, 1, 2]
[1, 1, 2]
[1, 4]
[14, 2, 23]

left_values
[28, 1, 3, 15]
[1, 1, 1]
[2, 1, 1]
[3, 2, 1]
[1, 1, 3, 1]
[2, 1, 1, 1, 1]
[2, 1, 2, 1, 1]
[2, 1, 1, 1, 1]
[2, 3, 1, 1]
[2, 7, 1]
[2, 8, 1]
[2, 8, 1]
[2, 13, 1]
[2, 6, 5, 1]
[2, 6, 9]
[1, 11, 5]
[2, 11, 2]
[2, 11, 1]
[2, 9, 3]
[1, 6, 4, 1]
[2, 3, 1]
[1, 5, 1]
[2, 3, 1]
[2, 3, 1]
[1, 3, 1]
[2, 1, 1]
[2, 2, 1]
[5, 1, 1]
[2, 1, 1]
[3, 1, 1]
[5, 1, 1]
[9, 1, 1]
[13, 2, 1]
[14, 1, 1]
[14, 2, 1]
[15, 1, 1]
[15, 1, 1]
[16, 2, 1]
[16, 1, 1]
[16, 1, 1]
[16, 1, 1]
[16, 2, 1]
