Puzzle number: 52373
width:  20
height:  20
solved_count:  4610
AVE_TIME:  '00:15:01'
ave_time_count:  2159

top_values
[8]
[2, 4]
[4, 1, 2]
[2, 10, 2]
[2, 2, 1, 1, 2]
[1, 1, 6, 1]
[1, 1, 2, 2, 2, 1]
[1, 1, 1, 1, 2, 1]
[1, 4, 1, 2, 2]
[6, 6, 4]
[2, 2, 2, 1, 1, 1, 1]
[1, 3, 3, 5, 1]
[1, 1, 1, 1, 2, 1]
[2, 2, 3, 1, 1]
[2, 5, 1, 1]
[4, 1, 1, 2]
[2, 1, 7]
[2, 4, 1]
[2, 2, 2]
[8]

left_values
[7]
[2, 5]
[1, 1, 2]
[1, 1, 2]
[1, 8, 2]
[4, 5, 3]
[4, 1, 1, 3, 2]
[1, 1, 5, 2, 2]
[1, 1, 2, 3, 1, 1]
[1, 1, 1, 1, 1, 4, 1]
[1, 1, 2, 6, 3]
[1, 1, 5, 1, 4]
[1, 3, 5, 2, 1]
[4, 2, 1, 2, 1]
[1, 2, 2, 4, 1, 2]
[1, 2, 2, 3]
[2, 4, 1]
[2, 1, 2]
[2, 2, 1]
[11]
