Puzzle number: 5255
width:  30
height:  15
solved_count:  4366
AVE_TIME:  '00:08:20'
ave_time_count:  2363

top_values
[4, 5]
[4, 5]
[4, 5]
[3, 6]
[2, 6]
[3, 6]
[3, 2, 4]
[3, 2, 4]
[3, 2, 5]
[2, 1, 3, 3]
[2, 3, 3, 4]
[2, 1, 1, 2, 5]
[2, 3, 1, 5]
[2, 1, 3, 5]
[2, 3, 3]
[1, 3, 4]
[2, 2, 4]
[2, 3, 4]
[6, 3]
[4, 4]
[3, 4]
[5, 3]
[4, 2]
[3, 4]
[2, 3]
[4, 2]
[3, 1]
[2, 3]
[3, 2]
[2, 2]

left_values
[5]
[9]
[4, 4]
[7, 3, 3]
[6, 2, 2, 9]
[4, 3, 11]
[3, 11, 5]
[1, 12, 2, 2, 2]
[9, 3, 2, 1, 2, 1]
[8, 2, 2, 3, 3]
[6, 1, 3, 3, 11]
[9, 14]
[22]
[19]
[8]
