Puzzle number: 5261
width:  40
height:  40
solved_count:  1483
AVE_TIME:  '00:14:56'
ave_time_count:  633

top_values
[2]
[3]
[4]
[6]
[9]
[12]
[14]
[16]
[16]
[17]
[15, 4]
[15, 4]
[16, 4]
[17, 4]
[17, 4]
[17, 5]
[15, 4]
[15, 5]
[4, 4, 7, 6]
[6, 4, 6, 7]
[1, 8, 3, 4, 9]
[1, 10, 3, 4, 10]
[1, 13, 4, 7, 3]
[1, 15, 5, 7, 2]
[2, 30, 2]
[2, 29, 2]
[6, 7, 15, 1]
[6, 5, 13, 1]
[10, 11]
[10, 9]
[9]
[8]
[4]
[4]
[2]
[2]
[2]
[2]
[2]
[2]

left_values
[8]
[4]
[4]
[8]
[10]
[11]
[6, 4]
[7, 4]
[16]
[16]
[22]
[22]
[9]
[7]
[6]
[4]
[5]
[5, 5]
[8, 5]
[10, 6]
[20]
[21]
[10, 9]
[11, 8]
[15, 7]
[15, 6]
[16, 6]
[16, 7]
[15, 7]
[15, 7]
[13, 7]
[14, 7]
[12, 7]
[12, 7]
[8, 7]
[7, 7]
[20]
[22]
[8, 6, 6]
[8, 6, 6]
