Puzzle number: 53096
width:  35
height:  40
solved_count:  806
AVE_TIME:  '00:23:53'
ave_time_count:  267

top_values
[40]
[11, 24]
[2, 5, 2]
[2, 7, 2]
[2, 2, 2, 1, 2]
[2, 3, 1, 3, 2]
[2, 2, 3, 3, 2]
[2, 3, 4, 5, 2]
[2, 3, 6, 7, 2]
[2, 3, 8, 3, 4, 2]
[2, 3, 9, 3, 4, 2]
[2, 3, 2, 4, 1, 1, 2, 3, 2]
[2, 3, 1, 4, 2, 1, 3, 1]
[2, 3, 4, 4, 3]
[2, 4, 5, 5, 3]
[2, 3, 6, 6, 3]
[2, 4, 3, 4, 8, 4]
[2, 4, 2, 4, 4, 4, 4, 1]
[1, 6, 1, 6, 4, 4, 4, 2]
[1, 8, 11, 9, 2]
[3, 4, 11, 7, 2]
[3, 16, 5, 2]
[3, 10, 3, 1, 3, 2]
[3, 10, 1, 2]
[1, 2, 10, 2, 2]
[1, 3, 2, 6, 3, 2]
[2, 2, 3, 4, 4, 2]
[2, 2, 2, 4, 4, 2]
[2, 3, 2, 4, 3, 2]
[2, 2, 2, 8, 2]
[2, 2, 2, 6, 2]
[2, 2, 3, 4, 2]
[2, 3, 2, 2]
[7, 9, 19]
[40]

left_values
[20, 11]
[18, 4, 9]
[2, 8, 2]
[2, 11, 2]
[2, 6, 4, 2]
[2, 12, 3, 2]
[2, 15, 4, 2]
[2, 7, 9, 3, 1]
[2, 5, 9, 1, 1]
[2, 5, 4, 4, 4, 1, 1]
[2, 5, 3, 4, 3, 2]
[1, 4, 2, 3, 6, 2, 2]
[1, 2, 2, 3, 8, 1, 2]
[1, 2, 2, 15, 1, 2]
[1, 2, 20, 2]
[1, 3, 15, 5, 2]
[2, 3, 6, 6, 5, 2]
[2, 6, 5, 4, 2]
[2, 6, 4, 4, 2]
[2, 3, 4, 5, 4, 1]
[2, 1, 2, 6, 4, 1]
[2, 7, 3, 2]
[2, 7, 4, 2]
[2, 7, 4, 2]
[2, 5, 4, 2]
[2, 5, 4, 2]
[2, 3, 4, 5, 2]
[2, 3, 4, 2]
[2, 3, 4, 2]
[2, 3, 4, 2]
[2, 3, 4, 2]
[2, 3, 4, 2]
[2, 4, 4, 2]
[2, 4, 4, 2]
[2, 4, 4, 2]
[2, 4, 4, 2]
[2, 9, 2]
[2, 6, 2]
[12, 4, 17]
[13, 18]
