Puzzle number: 53517
width:  48
height:  38
solved_count:  637
AVE_TIME:  '00:23:34'
ave_time_count:  222

top_values
[17, 2]
[1, 4]
[1, 5]
[1, 6]
[1, 10, 6]
[1, 13, 6]
[1, 17]
[1, 14, 1]
[1, 11, 1]
[1, 5, 1]
[1, 4, 1]
[1, 4, 1]
[1, 5, 1]
[1, 5, 1]
[1, 5, 1]
[1, 6, 1]
[1, 7, 1]
[1, 1, 7, 1]
[1, 2, 8, 1]
[1, 2, 9, 1]
[1, 3, 10, 1]
[1, 3, 11, 1]
[1, 4, 12, 1]
[1, 5, 14, 1]
[1, 21, 1]
[21, 1]
[14, 4, 1]
[13, 3, 1]
[12, 3, 1]
[12, 2, 1]
[11, 1, 1]
[11, 2, 1]
[12, 2, 1]
[13, 2, 1]
[13, 2, 1]
[14, 2, 1]
[7, 6, 2, 1]
[7, 6, 3, 1]
[5, 6, 4, 1]
[5, 2, 2, 5, 1, 1]
[4, 2, 1, 10, 1]
[4, 3, 9, 1]
[4, 2, 2, 1]
[7, 8, 1]
[6, 9, 1]
[5, 6, 1]
[9, 1]
[15]

left_values
[25, 4]
[1, 8]
[1, 10]
[1, 11]
[1, 7, 4]
[1, 6, 2, 1]
[1, 6, 3, 2]
[1, 6, 3, 2]
[1, 7, 3, 2]
[1, 8, 2, 2]
[1, 9, 1, 2]
[1, 21, 2]
[1, 22, 2]
[1, 22, 2]
[1, 17, 5]
[1, 2, 15, 6]
[1, 2, 14, 3, 2]
[3, 12, 4, 2]
[3, 10, 4, 2]
[4, 8, 4, 1]
[4, 7, 2, 2]
[4, 7, 1, 2]
[5, 7, 2, 2]
[5, 6, 2, 2, 1]
[5, 7, 2, 1]
[4, 7, 2, 1]
[4, 8, 2, 1]
[4, 10, 1, 2, 1]
[4, 17, 1]
[25, 1]
[24, 1]
[24, 1]
[22, 1]
[5, 9, 1]
[5, 1]
[4, 1]
[4, 1]
[2, 41]
