Puzzle number: 54135
width:  30
height:  40
solved_count:  1461
AVE_TIME:  '00:06:53'
ave_time_count:  661

top_values
[16, 2, 1]
[18, 2, 1]
[10]
[3, 3, 2]
[32, 2]
[19]
[]
[]
[]
[]
[1]
[13]
[26]
[1, 9]
[12, 2]
[24, 2]
[3, 2]
[2, 2]
[5, 2, 2]
[12, 2, 4]
[26, 4]
[8, 2]
[37]
[2]
[38]
[38]
[38]
[23, 10]
[23, 10]
[23, 2, 9]

left_values
[1, 2, 2, 2, 1, 6]
[2, 1, 1, 2, 2, 6]
[2, 1, 1, 2, 2, 6]
[1, 1, 1, 2, 2, 6]
[1, 1, 1, 2, 2, 6]
[1, 1, 1, 1, 2, 6]
[1, 1, 1, 1, 1, 2, 6]
[1, 1, 1, 1, 1, 2, 6]
[1, 2, 1, 1, 2, 1, 6]
[1, 2, 1, 1, 2, 1, 6]
[1, 2, 1, 1, 2, 1, 6]
[1, 1, 1, 2, 2, 1, 6]
[1, 1, 2, 1, 1, 1, 6]
[1, 1, 1, 1, 1, 1, 6]
[2, 1, 1, 1, 1, 1, 6]
[2, 1, 1, 1, 1, 1, 6]
[2, 1, 1, 1, 1, 1, 6]
[2, 1, 1, 1, 1, 1, 6]
[2, 2, 1, 1, 1, 1, 6]
[2, 2, 1, 1, 1, 1, 6]
[2, 2, 1, 1, 1, 1, 6]
[2, 2, 1, 1, 1, 1, 6]
[1, 2, 1, 1, 1, 1, 6]
[1, 2, 1, 1, 1, 1, 3]
[1, 2, 1, 1, 1, 1, 3]
[1, 2, 1, 1, 1, 1, 3, 1]
[1, 2, 1, 1, 1, 1, 3, 1]
[2, 2, 1, 1, 1, 1, 3]
[2, 2, 1, 1, 1, 1, 5]
[2, 2, 2, 1, 1, 1, 6]
[2, 2, 2, 1, 1, 1, 6]
[2, 2, 2, 1, 1, 1, 6]
[1, 2, 2, 2, 3, 1, 6]
[3, 1, 2, 6, 1, 6]
[3, 1, 2, 3, 1, 6]
[4, 2, 1, 6]
[6, 18]
[18]
[2]
[2]
