Puzzle number: 54209
width:  40
height:  40
solved_count:  805
AVE_TIME:  '00:21:00'
ave_time_count:  252

top_values
[40]
[15, 15]
[12, 12]
[10, 10]
[9, 9]
[8, 8]
[7, 7]
[6, 6]
[5, 5]
[4, 4]
[3, 7, 3]
[3, 2, 11, 5, 3]
[2, 13, 3, 7, 2]
[2, 15, 3, 2]
[2, 19, 3, 2]
[1, 3, 16, 4, 1]
[1, 14, 3, 2, 1]
[1, 14, 7, 1]
[1, 21, 1]
[1, 1, 14, 2, 1]
[1, 2, 10, 2, 1]
[1, 2, 8, 1, 1]
[1, 1, 11, 1]
[1, 20, 1]
[1, 4, 25, 1]
[2, 23, 3, 3, 2]
[2, 23, 3, 2]
[2, 11, 9, 2, 2]
[3, 5, 3, 7, 2, 3]
[3, 3, 3, 10, 2, 3]
[4, 1, 3, 6, 2, 4]
[5, 5, 5]
[6, 4, 6]
[7, 2, 7]
[8, 8]
[9, 9]
[10, 10]
[12, 12]
[15, 15]
[40]

left_values
[40]
[15, 15]
[12, 12]
[10, 3, 2, 10]
[9, 5, 5, 9]
[8, 5, 6, 8]
[7, 4, 7, 7]
[6, 3, 6, 6]
[5, 3, 4, 5]
[4, 5, 3, 4]
[3, 6, 5, 3]
[3, 7, 6, 3]
[2, 7, 7, 2]
[2, 7, 5, 1, 2]
[2, 8, 5, 2, 2]
[1, 8, 7, 1, 1]
[1, 2, 9, 4, 2, 1]
[1, 1, 6, 6, 1, 1]
[1, 1, 5, 7, 1, 1]
[1, 2, 16, 1]
[1, 1, 19, 1]
[1, 1, 20, 1]
[1, 19, 1]
[1, 18, 1]
[1, 17, 1]
[2, 14, 2]
[2, 6, 3, 2]
[2, 7, 4, 2]
[3, 5, 3, 4, 3]
[3, 5, 2, 4, 3]
[4, 3, 3, 2, 2, 4]
[5, 2, 3, 1, 2, 5]
[6, 2, 3, 1, 2, 6]
[7, 2, 2, 1, 2, 7]
[8, 1, 3, 2, 1, 8]
[9, 6, 1, 9]
[10, 4, 1, 10]
[12, 12]
[15, 15]
[40]
