Puzzle number: 54629
width:  35
height:  29
solved_count:  1845
AVE_TIME:  '00:08:05'
ave_time_count:  564

top_values
[4]
[6]
[8]
[4, 4]
[3, 1, 4]
[2, 2, 4]
[2, 2]
[4, 3]
[3, 2]
[4]
[1, 1]
[1, 1]
[1, 1]
[1, 1]
[1, 1]
[4, 1, 1]
[6, 1, 1]
[8, 1, 1]
[10, 1, 1]
[3, 3, 2, 1, 1]
[2, 2, 1, 1]
[7, 2, 1, 1]
[8, 1, 1]
[6, 1, 1]
[4, 1, 1]
[1, 1]
[1, 1]
[1, 1]
[1, 1]
[1, 1]
[4, 4]
[6, 6]
[8, 8]
[4, 4, 2, 1]
[3, 1, 4, 2, 2, 2, 1]

left_values
[2]
[3]
[4]
[4]
[3, 1]
[3]
[5]
[4, 4]
[6, 3]
[4, 3, 2]
[4, 4]
[5, 4]
[5, 4]
[5, 4]
[3, 2]
[6]
[4]
[]
[]
[4, 2]
[6, 3]
[4, 2, 2]
[4, 1, 26, 1]
[3, 2, 3, 3, 1]
[3, 1, 3]
[6, 26, 1]
[5, 2, 2, 1]
[6, 1]
[4, 2]
