Puzzle number: 55710
width:  50
height:  50
solved_count:  311
AVE_TIME:  '00:30:27'
ave_time_count:  118

top_values
[24, 6, 1]
[25, 15]
[26, 15]
[26, 5, 4, 2]
[26, 4, 3, 2]
[27, 5, 4]
[28, 5, 3]
[24, 6, 3]
[5, 2, 4, 6, 2]
[5, 2, 3, 2, 7, 2]
[4, 2, 2, 3, 7, 2]
[2, 2, 2, 3, 3, 4, 4]
[2, 2, 3, 3, 3, 4, 3]
[2, 2, 3, 4, 3, 4]
[2, 2, 3, 4, 3, 4]
[2, 2, 2, 4, 3, 4]
[2, 2, 3, 4, 3, 5]
[5, 3, 5, 3, 4]
[3, 2, 5, 3, 3, 2]
[2, 3, 5, 6, 3]
[2, 10, 7, 3]
[13, 10, 3]
[20, 3]
[2, 12, 3, 3]
[2, 13, 3, 5]
[2, 25, 3, 6]
[7, 5, 13, 3, 6]
[4, 4, 7, 3, 4, 4]
[3, 4, 6, 3, 4, 4]
[4, 3, 5, 3, 4, 2]
[5, 3, 5, 6, 2]
[5, 3, 5, 6, 2, 2]
[2, 3, 2, 6, 5, 6]
[2, 3, 2, 4, 4, 7]
[2, 3, 2, 3, 13]
[2, 3, 2, 8, 2]
[2, 2, 3, 7, 3]
[3, 2, 4, 4, 3, 2]
[2, 2, 7, 3, 5]
[21, 3, 4]
[22, 3, 1, 2]
[24, 3, 1, 2]
[19, 4, 1, 3]
[20, 4, 2, 3]
[19, 5, 3, 3]
[17, 12, 2]
[14, 14]
[13, 3, 3, 4]
[12, 3, 4, 3]
[11, 3, 3, 1]

left_values
[5, 21]
[32]
[8, 2, 2, 6, 5]
[6, 2, 2, 3, 5, 4]
[6, 3, 6, 6, 3]
[5, 3, 8, 10]
[6, 3, 9, 8]
[6, 4, 7, 2, 3]
[11, 11, 3]
[9, 9, 2, 3]
[8, 2, 8, 2, 5]
[8, 2, 8, 2, 7]
[9, 4, 10, 3, 7]
[10, 5, 2, 4, 2, 15]
[15, 3, 4, 2, 13]
[14, 2, 4, 3, 10]
[8, 2, 2, 6, 10]
[8, 2, 2, 2, 2, 10]
[8, 2, 2, 2, 2, 9]
[8, 2, 2, 2, 2, 10]
[8, 2, 2, 2, 1, 11]
[8, 3, 2, 2, 2, 11]
[8, 3, 3, 2, 3, 11]
[8, 3, 3, 2, 2, 10]
[7, 3, 3, 2, 2, 10]
[7, 3, 3, 2, 3, 9]
[7, 3, 3, 2, 2, 9]
[7, 3, 2, 2, 3, 9]
[6, 3, 1, 1, 2, 8]
[6, 2, 1, 7]
[4, 2]
[3]
[2]
[]
[]
[50]
[50]
[50]
[11, 8, 5]
[4, 7, 4, 3, 4]
[3, 6, 4, 4, 4]
[2, 5, 3, 5, 6]
[2, 4, 3, 3, 3, 4, 2]
[3, 4, 3, 2, 9, 2]
[4, 4, 3, 3, 4, 2]
[4, 3, 3, 12, 2]
[5, 2, 3, 13, 4, 3]
[2, 8, 2, 8, 3, 3, 3]
[12, 3, 6, 3, 6]
[8, 1, 2, 3, 2, 2, 2, 3]
