Puzzle number: 55913
width:  45
height:  50
solved_count:  284
AVE_TIME:  '00:44:11'
ave_time_count:  164

top_values
[2, 6]
[16]
[2, 23]
[3, 28]
[3, 32]
[2, 35, 1]
[11, 3, 17]
[7, 15]
[5, 1, 1, 5, 3, 14]
[2, 3, 2, 7, 19]
[2, 3, 2, 8, 13, 10]
[1, 2, 2, 3, 6, 9, 5]
[2, 1, 3, 5, 7, 11, 1]
[2, 2, 2, 4, 4, 16]
[7, 3, 3, 7]
[11, 7, 3, 2, 13]
[2, 8, 3, 3, 1, 3, 18]
[2, 7, 2, 2, 3, 8, 8, 2]
[9, 2, 3, 3, 17, 5]
[2, 4, 2, 4, 20, 7]
[2, 2, 1, 2, 35]
[6, 1, 35]
[1, 4, 38]
[1, 4, 39]
[6, 39]
[5, 40]
[5, 40]
[2, 41]
[1, 2, 41]
[41]
[41]
[2, 41]
[1, 41]
[41]
[1, 41]
[1, 41]
[2, 41]
[2, 7, 30]
[1, 8, 27]
[1, 1, 8, 17]
[1, 1, 11, 9]
[3, 2, 9]
[2, 2, 10]
[2, 1, 10]
[2, 2, 10]

left_values
[8, 9, 1, 8]
[8, 6, 5, 2, 4]
[3, 3, 6, 7, 1, 5]
[2, 4, 5, 9, 1, 1]
[5, 2, 13, 1]
[4, 7, 4, 1]
[5, 10, 4]
[5, 2, 5, 4]
[5, 2, 7, 1]
[6, 6, 3, 14]
[6, 1, 2, 4, 18]
[6, 2, 4, 22]
[6, 2, 4, 25]
[5, 2, 3, 3, 23]
[6, 4, 3, 23]
[6, 3, 2, 25]
[6, 3, 2, 18, 7]
[5, 2, 2, 19, 5]
[5, 3, 2, 20, 4]
[6, 2, 3, 20, 3]
[6, 2, 5, 18, 2]
[6, 2, 2, 2, 19]
[6, 2, 3, 2, 20]
[6, 2, 2, 22]
[6, 5, 22]
[5, 1, 3, 2, 20]
[5, 1, 3, 2, 21]
[5, 2, 2, 23]
[5, 1, 2, 26]
[7, 2, 2, 24]
[6, 2, 28]
[5, 2, 3, 24]
[5, 2, 3, 25]
[8, 2, 25]
[7, 2, 25]
[7, 2, 1, 23]
[6, 2, 25]
[5, 2, 26]
[4, 2, 26]
[5, 2, 25]
[5, 2, 25]
[5, 2, 4, 20]
[4, 2, 4, 20]
[5, 1, 3, 21]
[4, 1, 2, 20]
[4, 2, 21]
[4, 2, 21]
[4, 2, 21]
[2, 24]
[2, 24]
