Puzzle number: 55972
width:  30
height:  30
solved_count:  2819
AVE_TIME:  '00:35:45'
ave_time_count:  1039

top_values
[4, 5, 2, 1, 1, 1]
[6, 3, 2, 2, 3, 1]
[5, 3, 6, 1, 2]
[2, 6, 1, 6, 1, 3]
[4, 10, 7, 4]
[5, 4, 4, 5, 5]
[5, 3, 2, 2, 3, 4, 1]
[5, 2, 3, 3]
[5, 1, 2, 2, 4]
[5, 1, 11]
[4, 8]
[2, 1, 5]
[2, 2]
[2, 2, 1]
[2, 3, 3]
[2, 3, 3, 3, 10]
[1, 2, 3, 2, 1, 5, 1, 1]
[1, 4, 1, 2, 2, 1, 1, 1]
[1, 4, 1, 3, 3, 1, 1, 1]
[4, 2, 5, 1, 1, 1]
[1, 4, 3, 10]
[2, 6]
[1, 1]
[8, 2, 1]
[6, 2, 8, 1]
[8, 1, 1, 2, 1]
[10, 1, 1, 1, 2, 1, 1]
[2, 4, 1, 1, 4, 1, 1]
[2, 3, 1, 1, 2, 1]
[1, 3, 1, 1, 4, 1, 1]

left_values
[14, 2, 2]
[13, 1, 2]
[1, 7, 2]
[2, 8, 4, 1]
[2, 5, 3, 2]
[2, 4, 3, 2]
[6, 3, 4, 3]
[7, 5, 3]
[9, 6, 4]
[4, 4, 6]
[3, 2, 6]
[3, 2, 2, 7]
[2, 3, 1, 1, 1]
[9, 1, 2, 2]
[3, 2, 3, 2, 7]
[1, 1, 1, 2, 2, 4, 1]
[1, 1, 4, 1, 2, 1]
[3, 4, 1, 3, 1]
[5, 3, 6, 7]
[6, 3, 4, 1]
[1, 5, 3, 2, 1, 1, 2, 1]
[7, 2, 2, 1, 1, 1, 1]
[5, 3, 6, 1, 2, 1]
[1, 3, 1, 1, 1, 2, 1]
[1, 1, 4, 7, 1]
[3, 4, 1, 2, 3, 2]
[1, 3, 9, 4]
[1, 4, 1, 2]
[4, 1, 10]
[7, 1, 2]
