Puzzle number: 56007
width:  30
height:  30
solved_count:  3543
AVE_TIME:  '00:11:57'
ave_time_count:  1427

top_values
[]
[]
[]
[]
[]
[]
[]
[]
[2]
[2, 2]
[5, 1]
[5, 2]
[2, 3, 1, 2]
[3, 3, 1, 2]
[4, 3, 1, 1, 2, 2]
[4, 3, 1, 1, 1]
[4, 3, 1, 1, 1]
[5, 2, 1, 2]
[2, 1, 4, 3, 2, 1]
[2, 1, 4, 2, 1, 1]
[4, 2, 2, 1, 1, 2]
[4, 2, 1, 1, 8]
[3, 2, 1, 1]
[3, 3, 1]
[3, 5, 1]
[1, 3, 2, 2]
[1, 3, 2, 6, 1]
[1, 3, 6, 1]
[1, 3, 2]
[1, 4, 2]

left_values
[2]
[2]
[]
[2]
[]
[]
[]
[]
[5, 3]
[11, 2]
[16]
[20]
[2, 5, 5]
[4, 7, 2]
[18, 1]
[1, 9, 5]
[2, 4, 1, 1, 2]
[3, 5, 2, 2]
[8, 3]
[1, 2, 1]
[4, 2, 1]
[4, 1]
[5, 1, 1]
[1, 2, 1]
[1, 1, 2]
[1, 1, 1]
[1]
[1]
[1, 1]
[3, 1, 2]
