Puzzle number: 56018
width:  30
height:  30
solved_count:  4220
AVE_TIME:  '00:07:29'
ave_time_count:  1767

top_values
[3, 5, 2, 3, 6]
[1, 2, 1, 7]
[1, 4, 7, 12]
[5, 15, 7]
[2, 4, 4, 2, 1]
[3, 6]
[4, 5]
[5, 5]
[5, 2]
[4, 2]
[10]
[10]
[9]
[9]
[8]
[7]
[7]
[6]
[5]
[4]
[1]
[]
[]
[]
[]
[]
[3]
[5, 2]
[4, 3, 6]
[3, 12]

left_values
[1]
[1, 3]
[2, 2]
[1, 2]
[3]
[3]
[1, 2, 2]
[1, 2, 3]
[1, 2, 4]
[1, 2, 3]
[3, 2]
[3, 2]
[2, 2]
[3, 2]
[4, 1]
[6, 1]
[7, 1]
[1, 6, 2]
[5, 4, 2]
[4, 5, 3]
[1, 2, 5, 3]
[1, 6, 2]
[1, 5, 2]
[2, 7, 1]
[1, 4, 8]
[1, 6, 9]
[1, 2, 15]
[1, 2, 15]
[1, 2, 3, 10]
[1, 6, 10]
