Puzzle number: 56124
width:  25
height:  25
solved_count:  3292
AVE_TIME:  '00:12:35'
ave_time_count:  1477

top_values
[9, 1, 1]
[9, 7]
[9, 1, 1]
[8, 1, 1]
[8, 1, 1]
[7, 7]
[7, 1, 1]
[8, 1, 1]
[8, 1, 1]
[7, 3, 7]
[7, 1, 1, 1]
[6, 4, 1, 1]
[6, 1, 3, 7]
[4, 1, 1, 1, 1]
[3, 3, 1, 1, 1]
[4, 1, 8, 1]
[4, 1, 1, 1]
[5, 1, 1, 2]
[6, 8, 2]
[6, 1, 1, 1, 3]
[6, 1, 1, 4]
[5, 8, 5]
[3, 1, 1, 1, 6]
[2, 1, 1, 7]
[1, 7, 8]

left_values
[4]
[9, 3]
[12, 6]
[24]
[23]
[23]
[13, 1, 5]
[9, 1]
[5, 1, 1]
[4, 2, 1, 1, 2]
[3, 1, 2, 2, 1]
[2, 6, 1, 1]
[1, 1, 1, 1, 2, 2]
[1, 1, 1, 2, 2, 1]
[1, 1]
[1, 2, 3]
[1, 1, 1, 1, 2, 2, 1]
[16, 1, 1]
[1, 1, 1, 1, 1, 3, 2]
[1, 1, 1, 1, 2, 1, 3]
[16, 4]
[1, 1, 1, 1, 1, 5]
[1, 1, 1, 1, 1, 6]
[8]
[12]
