Puzzle number: 56322
width:  50
height:  50
solved_count:  462
AVE_TIME:  '02:00:53'
ave_time_count:  153

top_values
[9, 2, 10, 16]
[3, 2, 2, 1, 5]
[7, 13, 1, 20, 1]
[1, 1, 2, 1, 1, 1, 1, 1, 1, 1, 1, 1, 1]
[1, 1, 1, 1, 1, 1, 1, 1, 1, 2, 1, 1, 1]
[1, 2, 2, 1, 1, 1, 1, 1, 1, 1, 1, 1]
[1, 1, 1, 1, 1, 1, 1, 1, 1, 1, 1, 1, 1]
[1, 1, 1, 1, 3, 1, 1, 1, 1, 1, 1]
[1, 1, 1, 1, 1, 1, 1, 1, 1, 1, 1, 1, 1]
[1, 1, 1, 2, 1, 1, 1, 1, 1, 3, 1, 1]
[1, 1, 1, 1, 1, 1, 1, 1, 1, 1, 1, 1, 1]
[1, 2, 4, 1, 1, 1, 1, 1, 1, 1, 1]
[1, 1, 3, 1, 1, 1, 1, 1, 1, 1, 1, 1, 4]
[1, 1, 3, 1, 1, 1, 1, 1, 1, 1, 1, 4, 1]
[1, 1, 3, 1, 1, 3, 1, 1, 1, 2, 1, 1, 1]
[1, 3, 1, 1, 2, 1, 1, 1, 1, 1, 1, 1]
[1, 2, 2, 1, 1, 1, 1, 2, 1, 1, 1]
[1, 2, 3, 1, 1, 1, 1, 1, 1, 1, 1]
[1, 1, 6, 1, 1, 1, 1, 1, 1, 1, 1]
[1, 1, 4, 1, 1, 1, 1, 2, 1, 1]
[5, 1, 1, 1, 2, 1, 1, 1, 1]
[1, 1, 1, 1, 1, 2, 1, 1, 1, 1]
[1, 1, 2, 1, 1, 1, 1, 1]
[5, 1, 3, 1, 1, 1, 1, 1]
[1, 1, 1, 1, 5, 1, 5, 1, 1, 1, 1, 1]
[1, 24, 1, 1, 1, 1, 1]
[1, 1, 3, 1, 7, 1, 1, 1, 1, 1]
[4, 3, 1, 3, 2, 1, 1, 1, 1]
[3, 2, 1, 2, 2, 1, 1, 1]
[1, 3, 1, 2, 1, 1, 1, 1, 1, 1, 1]
[1, 2, 6, 1, 1, 1, 1, 2, 2, 1, 4]
[2, 1, 2, 2, 2, 1, 1, 2, 1, 1, 1, 2, 1, 1]
[2, 2, 1, 2, 1, 1, 1, 1, 1, 1, 1, 1, 1, 1]
[1, 1, 1, 4, 1, 2, 1, 1, 1, 1, 1, 1, 1, 1]
[1, 2, 1, 3, 1, 2, 1, 1, 1, 1, 1, 1, 2, 1]
[1, 2, 2, 3, 1, 1, 1, 1, 1, 2, 1, 1, 1, 1]
[2, 2, 2, 4, 2, 1, 1, 1, 2, 1, 1, 1, 1]
[1, 3, 2, 2, 3, 1, 2, 2, 1, 1, 1, 1]
[3, 2, 3, 2, 2, 1, 1, 1, 1, 1, 1, 1, 1]
[3, 1, 3, 2, 1, 1, 1, 2, 1, 1, 1, 1]
[1, 2, 2, 7, 1, 1, 1, 1, 1, 1, 1, 1]
[5, 3, 5, 1, 1, 2, 1, 1, 1, 1]
[7, 3, 2, 1, 2, 1, 1, 3, 1, 1]
[5, 1, 2, 1, 1, 1, 2, 1, 1, 1, 1, 1]
[3, 2, 2, 3, 1, 1, 1, 1, 1, 1, 2, 1]
[1, 1, 1, 1, 1, 1, 3, 1, 1, 1, 1, 1]
[1, 2, 2, 1, 1, 1, 1, 1, 2, 1]
[1, 1, 2, 1, 2, 4, 1, 1]
[1, 1, 3, 1, 2, 2, 6, 1]
[2, 1, 1, 1, 1, 1, 1, 1, 2]

left_values
[1, 17, 1, 4, 4, 4, 4]
[1, 1, 1, 1, 1, 2, 9]
[1, 1, 1, 2, 2, 4, 2, 4]
[1, 1, 2, 1, 1, 1, 1, 10, 1]
[1, 1, 2, 2, 1, 1, 1, 1, 1, 1, 2, 4, 1]
[1, 4, 3, 10, 1, 1, 2, 2, 2, 2]
[1, 1, 2, 2, 2, 2, 3, 3]
[1, 1, 3, 1, 1, 2, 2, 3]
[1, 1, 1, 3, 1, 1, 2, 1, 3]
[1, 12, 2, 2, 1, 2]
[1, 2, 1, 2, 2, 1]
[1, 3, 2, 4, 1, 2]
[1, 5, 2, 5, 2, 4, 2, 2]
[1, 1, 2, 2, 1, 2, 1, 3]
[16, 2, 4, 2, 2, 4]
[2, 2, 2, 9, 2]
[2, 1, 2, 1, 4]
[1, 1, 1, 2, 2, 1, 4]
[1, 1, 1, 3, 4, 2, 6]
[1, 1, 2, 1, 3, 2, 2, 1, 2]
[1, 13, 4, 2, 5, 20]
[1, 1, 1, 2, 1, 1, 1, 1]
[1, 22, 18]
[1, 1, 3, 8]
[1, 19, 7, 1]
[1, 15, 1, 10]
[1, 19, 5, 1, 1, 1, 1, 1, 2]
[1, 3, 9, 3]
[2, 2]
[1, 1]
[1, 1]
[1, 1]
[3]
[1, 1]
[1, 1]
[1, 1]
[1, 1]
[1, 1]
[1, 3, 6, 2, 8, 3, 1]
[1, 1, 7, 7, 2, 20]
[1, 1, 1, 2]
[1, 39, 4, 1]
[1, 1, 1, 1, 1, 3]
[1, 1, 2, 11, 16, 1]
[1, 1, 7, 2, 1]
[3, 1, 3, 1]
[4, 5, 4, 10, 3, 13, 2]
[2, 1, 1, 1, 4]
[1, 1, 1]
[48]
