Puzzle number: 56692
width:  40
height:  40
solved_count:  403
AVE_TIME:  '00:23:04'
ave_time_count:  141

top_values
[3]
[3]
[2]
[3, 2]
[6, 2]
[10]
[11]
[7, 2]
[6, 2]
[11]
[11]
[7, 3]
[11]
[1, 1, 6, 4]
[1, 1, 3, 5, 3]
[2, 3, 4, 3, 3]
[3, 3, 3, 1, 3]
[3, 4, 4, 1, 3]
[13, 4, 1, 4]
[16, 1, 4]
[3, 4, 17]
[1, 1, 3, 2, 3, 8]
[1, 2, 2, 2, 1, 4]
[1, 1, 2, 1, 4, 2]
[1, 1, 3, 2, 2, 2]
[4, 2, 3, 4, 2]
[3, 4, 4, 3, 3]
[5, 3, 3, 5, 4]
[15, 4, 4, 4]
[5, 24]
[1, 4, 4, 3, 3, 7]
[2, 5, 4, 4, 4]
[4, 2, 2, 2, 3]
[1, 2, 2, 2, 3, 2]
[2, 1, 4, 5, 2]
[1, 16]
[11, 3]
[14, 2]
[15, 2]
[19]

left_values
[]
[]
[]
[]
[]
[1]
[1]
[1]
[1, 3]
[1, 3]
[2, 4]
[2, 7]
[2, 10]
[2, 5, 1, 1, 1]
[5, 1, 1, 1, 1]
[5, 1, 2]
[7, 1, 5]
[3, 2, 1, 7]
[4, 11]
[6, 4, 4, 1, 1]
[8, 1, 1, 1, 1, 1]
[4, 5, 3, 3]
[1, 1, 2, 1, 7, 4]
[5, 8, 5]
[15, 3, 5]
[7, 1, 1, 1, 1, 1, 7]
[5, 1, 2, 6]
[2, 2, 5, 6]
[1, 5, 8, 6]
[9, 2, 14, 5]
[10, 1, 5, 1, 1, 1, 5]
[12, 1, 1, 1, 1, 1, 6]
[14, 3, 2, 7]
[13, 2, 2, 3, 3]
[10, 2, 2, 3, 3]
[4, 4, 2, 5, 2, 2]
[3, 2, 2, 5, 7, 2, 1]
[2, 2, 31]
[40]
[23]
