Puzzle number: 56746
width:  50
height:  50
solved_count:  273
AVE_TIME:  '00:23:24'
ave_time_count:  100

top_values
[41]
[39]
[1, 38]
[2, 36]
[6, 34]
[3, 5, 33]
[4, 7, 30]
[5, 5, 28]
[3, 4, 27]
[2, 25]
[2, 3, 25]
[2, 3, 24]
[1, 3, 22]
[3, 19]
[3, 4, 4, 18]
[4, 5, 5, 17]
[3, 7, 19, 3]
[2, 8, 17, 2]
[2, 7, 14, 3]
[2, 2, 7, 12, 2]
[3, 4, 6, 9, 3]
[3, 5, 6, 7, 3]
[3, 2, 5, 2, 14, 3]
[5, 1, 8, 10, 2]
[2, 2, 2, 15, 6, 2]
[2, 2, 4, 9, 4, 1]
[3, 2, 4, 2, 1]
[4, 3, 7]
[13, 6]
[11, 5]
[2]
[3]
[4]
[3]
[]
[]
[]
[]
[]
[]
[]
[]
[]
[]
[]
[]
[]
[]
[]
[]

left_values
[6, 2, 2, 6]
[5, 2, 3, 6]
[4, 3, 2, 4, 3]
[1, 3, 2, 2, 4, 2]
[1, 3, 2, 4, 2, 1]
[2, 3, 2, 2, 2]
[1, 2, 2, 2]
[2, 2, 2, 2]
[2, 2, 2]
[1, 2, 2, 2]
[1, 1, 2, 2]
[2, 1, 3, 2]
[3, 2, 1, 2, 5]
[3, 2, 3, 3, 3]
[4, 2, 4, 3]
[4, 2, 4, 8]
[5, 2, 1, 4, 7]
[6, 1, 2, 5, 8]
[6, 3, 4, 8]
[7, 3, 5, 2, 3]
[8, 3, 4, 3, 3]
[9, 3, 4, 4, 3]
[11, 2, 3, 3, 2]
[12, 3, 3, 3]
[13, 3, 3, 3]
[13, 3, 2, 2]
[14, 3, 2, 2]
[15, 3, 5]
[20, 5]
[20, 4]
[21, 2]
[25]
[26]
[26]
[26]
[26]
[25]
[23]
[21]
[20]
[18]
[17]
[16]
[17]
[19]
[13, 5]
[12, 4]
[9, 3]
[7, 4]
[6, 5]
