Puzzle number: 5688
width:  45
height:  47
solved_count:  532
AVE_TIME:  '00:34:03'
ave_time_count:  162

top_values
[6]
[6]
[7]
[7]
[7]
[8]
[8]
[1, 5, 9]
[13, 9]
[18, 9]
[16, 2, 9]
[25, 9]
[9, 2, 1, 4, 2, 6]
[9, 1, 5, 3, 2, 5]
[8, 1, 1, 1, 5, 4]
[7, 2, 1, 1, 3, 1, 3]
[9, 4, 1, 2, 1, 2, 2]
[8, 4, 1, 2, 1, 2, 1]
[10, 2, 1, 1, 2, 1, 1]
[10, 3, 1, 3, 1, 1, 2]
[9, 1, 5, 1, 1, 1, 1, 1]
[9, 1, 1, 1, 1, 1]
[7, 1, 1, 2, 1, 1, 1]
[9, 5, 3, 1, 1, 1]
[7, 2, 3, 1, 2, 1]
[1, 7, 1, 2, 1, 1, 1, 1, 1]
[8, 4, 1, 2, 1, 2, 1]
[10, 4, 1, 3, 2, 1]
[9, 2, 1, 1, 2, 2]
[11, 1, 1, 1, 8, 3]
[12, 5, 3, 2, 4]
[12, 1, 3, 2, 5]
[24, 9]
[17, 2, 8]
[18, 8]
[14, 8]
[4, 3, 8]
[7]
[7]
[7]
[6]
[6]
[6]
[5]
[5]

left_values
[2, 1, 1]
[7, 2]
[14]
[18]
[20]
[22]
[22]
[23]
[12, 1, 9]
[11, 2, 1, 9]
[6, 1, 1, 1, 2, 1, 7]
[6, 7]
[5, 8]
[5, 1, 7]
[5, 7]
[6, 6]
[5, 4]
[5, 8, 8, 4]
[7, 14, 7]
[5, 2, 2, 2, 2, 2, 2, 5]
[4, 1, 4, 1, 1, 4, 1, 5]
[4, 1, 1, 1, 1, 4]
[4, 6, 6, 4]
[4, 4]
[1, 1, 1, 1, 1]
[1, 1, 1, 1, 1, 1]
[1, 1, 1, 1, 3]
[2, 1, 1, 2, 1, 2]
[3, 2, 3, 1, 2]
[2, 2, 2, 1]
[1, 1, 9, 1, 2]
[2, 1, 1, 1, 1, 1]
[1, 1, 5, 1, 2]
[2, 1]
[1, 2]
[3, 3]
[1, 2, 2, 2]
[3, 3, 2, 3]
[7, 6, 1, 2]
[7, 1, 5]
[10, 8]
[13, 11]
[14, 14]
[15, 15]
[16, 16]
[17, 17]
[19, 19]
