Puzzle number: 56892
width:  35
height:  45
solved_count:  421
AVE_TIME:  '00:20:38'
ave_time_count:  175

top_values
[1]
[1]
[3]
[9]
[7, 4]
[4, 4, 5]
[5, 3, 3]
[6, 4, 4]
[7, 4, 5]
[8, 3, 4]
[10, 2, 5]
[1, 8, 4, 4]
[1, 9, 4, 4]
[1, 10, 3, 3]
[1, 9, 3, 3]
[1, 10, 4, 4]
[1, 11, 7, 3]
[1, 11, 10]
[1, 12, 10]
[2, 13, 3, 9]
[1, 14, 3, 1, 6]
[1, 13, 4, 3, 6]
[1, 17, 2, 5]
[1, 15, 3, 8]
[1, 16, 2, 2, 7]
[2, 19, 6, 7]
[1, 18, 4, 7]
[1, 20, 8]
[1, 17, 16]
[1, 18, 1, 7]
[2, 18, 2, 6]
[1, 19, 2, 6]
[1, 20, 2, 1, 5]
[1, 20, 3, 5]
[2, 21, 7]

left_values
[1]
[5]
[6]
[7]
[10]
[4]
[14]
[19]
[26]
[32]
[2, 29]
[2, 27]
[3, 26]
[1, 1, 25]
[3, 23]
[3, 22]
[1, 1, 20]
[4, 19]
[1, 1, 17]
[1, 1, 16]
[1, 2, 15]
[2, 1, 13]
[1, 1, 13]
[4, 1, 11]
[1, 1, 2, 10]
[1, 1, 1, 10]
[2, 1, 1, 2, 1, 6]
[1, 2, 2, 2, 2, 4]
[1, 1, 1, 1, 1, 1, 3]
[1, 1, 2, 2, 1, 1, 1]
[2, 2, 1, 2, 1, 1]
[1, 1, 1, 1, 1, 3]
[1, 1, 3, 1, 1, 1, 2]
[2, 2, 6, 1, 1, 2]
[1, 1, 5, 2, 1, 2]
[1, 1, 5, 2, 1, 1]
[1, 8, 1, 1, 1, 3]
[2, 1, 9, 5, 1]
[1, 1, 19]
[1, 1, 18]
[2, 20]
[1, 21]
[5, 12]
[3, 7]
[1, 3]
