Puzzle number: 56913
width:  50
height:  50
solved_count:  639
AVE_TIME:  '00:41:34'
ave_time_count:  300

top_values
[1, 3, 1, 1, 2]
[1, 3, 2, 1, 2]
[1, 3, 1, 1, 2]
[8, 6, 1, 1, 2, 2]
[1, 3, 2, 1, 1, 1, 2, 4]
[1, 3, 7, 1, 1, 2, 2, 3]
[1, 3, 2, 1, 2, 1, 2, 3, 2]
[1, 3, 6, 1, 1, 2, 4]
[8, 2, 1, 2, 2, 1]
[1, 3, 1, 1, 2, 1]
[1, 3, 2, 1, 2, 2]
[1, 3, 1, 1, 2, 2]
[1, 3, 2, 1, 2, 2, 3]
[8, 1, 1, 2, 4, 3]
[1, 3, 2, 2, 1, 2, 2, 3, 3]
[1, 3, 4, 2, 1, 2, 3, 2, 4]
[1, 3, 3, 2, 2, 1, 2, 4, 4]
[1, 3, 2, 3, 2, 1, 2, 2, 6]
[8, 4, 2, 1, 2, 6]
[1, 3, 2, 3, 2, 4]
[1, 3, 6, 23, 4]
[1, 3, 2, 1, 3, 1, 3]
[1, 3, 7, 4, 1, 3]
[8, 2, 1, 5, 1, 3]
[1, 3, 34, 2]
[1, 3, 8, 1, 2]
[1, 3, 2, 6, 1, 1]
[2, 3, 4, 6, 1, 1]
[7, 2, 6, 1]
[3, 8, 1]
[2, 28]
[2, 5, 1]
[10, 4, 1]
[2, 3, 1]
[2, 24]
[1, 1, 1, 2]
[1, 1, 1, 4]
[1, 1, 1, 3, 2]
[2, 1, 1, 2, 3]
[1, 1, 1, 4]
[1, 1, 1, 2]
[1, 1, 1]
[1, 1, 1]
[2, 1, 1, 2]
[1, 1, 1, 4]
[2, 1, 1, 3, 2]
[1, 1, 1, 2, 3]
[2, 1, 1, 4]
[2, 1, 1, 2, 1]
[2, 1, 1, 1]

left_values
[28]
[1, 1, 1, 1, 1, 2]
[1, 1, 1, 1, 1, 1]
[1, 1, 1, 1, 1, 1]
[1, 1, 1, 1, 1, 1]
[30]
[31]
[32]
[2]
[1]
[3, 3, 1]
[5, 5, 1]
[1, 1, 1, 1, 1, 1, 1, 1]
[1, 1, 1, 1, 1, 1, 1, 1]
[1, 1, 1, 1, 1, 1, 3, 1]
[1, 1, 1, 1, 1, 6, 1]
[5, 6, 1, 1]
[7, 2]
[9, 2]
[2, 2, 11, 5]
[6, 4, 13, 6]
[3, 3, 2, 14, 3]
[3, 2, 18, 3]
[3, 4, 1, 1, 1, 1, 2]
[3, 2, 1, 1, 1, 1, 2]
[2, 1, 1, 1, 1, 1]
[2, 1, 1, 1, 1]
[2, 1, 1, 1, 1]
[2, 1, 1, 1, 1]
[3, 1, 1, 1]
[2, 1, 1, 1]
[21, 1, 1, 16]
[1, 1, 1, 1]
[1, 1, 1, 1]
[1, 1, 1, 1]
[1, 1, 1, 1]
[21, 1, 1, 16]
[21, 1, 1, 1]
[1, 1, 1, 1, 2]
[2, 1, 1, 1, 1, 4, 2]
[2, 4, 1, 1, 1, 4, 2, 4]
[4, 2, 3, 1, 1, 1, 3, 3, 3, 2]
[2, 3, 3, 2, 1, 1, 1, 1, 4, 2, 3]
[3, 2, 4, 1, 1, 1, 1, 2, 4]
[4, 2, 2, 15, 2]
[2, 2]
[6]
[12]
[16]
[20, 2]
