Puzzle number: 57371
width:  50
height:  45
solved_count:  807
AVE_TIME:  '00:19:19'
ave_time_count:  545

top_values
[3]
[3]
[3]
[3]
[3]
[3]
[2]
[3, 1]
[6, 1]
[9, 1]
[12]
[14]
[12]
[13]
[13]
[1, 8, 3, 2]
[2, 7, 3, 3]
[2, 5, 3, 4]
[2, 5, 3, 3]
[1, 5, 3, 4]
[6, 3, 4]
[8, 3, 3]
[10, 4, 4, 1]
[15, 7, 6, 3]
[33, 3]
[22, 14]
[19, 5]
[16]
[6, 4]
[5]
[4]
[4]
[3]
[3]
[3]
[7]
[8]
[1, 3]
[]
[]
[2]
[4]
[7]
[10]
[13, 1]
[17, 6]
[22, 12]
[45]
[45]
[45]

left_values
[5, 5, 1, 2, 7]
[5, 3, 1, 2, 9]
[5, 1, 4, 10]
[5, 4, 6, 10]
[6, 17, 9]
[9, 13, 3, 8]
[23, 3, 8]
[22, 2, 8]
[21, 7]
[19, 7]
[18, 6]
[7, 7, 6]
[5, 6, 6]
[4, 5, 5]
[3, 6, 5]
[2, 5, 5]
[3, 5, 5]
[3, 5, 4]
[3, 4, 4]
[3, 4, 4]
[3, 4, 4]
[3, 4, 4]
[8, 3]
[6, 3]
[5, 3]
[3, 3]
[3, 3]
[3, 3]
[3, 3]
[3, 3]
[3, 3]
[4, 3]
[3, 3]
[3, 4]
[4, 4]
[4, 4]
[3, 1, 4]
[3, 1, 4]
[3, 1, 4]
[6, 2, 2, 5]
[5, 3, 2, 5]
[5, 3, 2, 5]
[4, 3, 2, 5]
[2, 3, 5]
[1, 3, 6]
