Puzzle number: 57488
width:  17
height:  21
solved_count:  4840
AVE_TIME:  '00:07:10'
ave_time_count:  1878

top_values
[2, 14]
[3, 1]
[2, 2]
[13, 2]
[13, 2]
[3, 3]
[1, 3, 3]
[1, 3, 3]
[1, 3, 3, 1]
[1, 3, 3, 1]
[1, 3, 3, 1]
[1, 3, 6, 1]
[1, 10, 2, 1]
[1, 8, 2, 1]
[1, 2, 3, 1]
[1, 7, 1]
[10, 5, 2]

left_values
[3, 11]
[5, 1]
[2, 2, 1]
[2, 1]
[1, 2, 1, 1]
[1, 2, 3, 1]
[1, 2, 4, 1]
[1, 2, 5, 1]
[1, 2, 3, 2, 1]
[1, 2, 3, 2, 1]
[1, 2, 3, 2]
[1, 5, 4]
[1, 4, 6]
[1, 2, 3, 2]
[1, 3, 2]
[1, 4, 2]
[1, 3, 1, 3]
[1, 3, 5]
[3, 3]
[6, 1]
[4, 9]
