Puzzle number: 57595
width:  30
height:  30
solved_count:  1884
AVE_TIME:  '00:27:58'
ave_time_count:  776

top_values
[30]
[1, 1, 1]
[1, 2, 2, 1, 1]
[1, 1, 2, 1, 1, 2, 6]
[1, 3, 1, 2, 1, 1, 1]
[1, 1, 2, 1, 1, 1]
[1, 5, 1, 2, 2, 2, 1, 1]
[1, 14, 2, 2, 1]
[1, 7, 7, 2, 2]
[1, 5, 7, 2, 1]
[1, 9, 5, 3]
[1, 9, 5, 2, 1]
[1, 18, 1, 1, 1]
[1, 11, 6, 2, 1]
[1, 8, 1, 1, 4, 1]
[1, 8, 1, 1, 4, 3, 1]
[1, 9, 2, 1, 3, 1, 1, 1]
[1, 12, 2, 1, 1, 1, 1]
[1, 11, 4, 1]
[1, 10, 2, 1, 3, 1]
[1, 6, 4, 2, 2, 1, 2, 1]
[1, 4, 5, 2, 1, 3]
[1, 4, 3, 1, 1, 1, 2]
[1, 3, 3, 2, 1, 2]
[1, 2, 4, 1, 1, 2]
[1, 7, 2, 1, 3]
[1, 1, 1, 2, 1]
[1, 3, 1]
[1, 1]
[30]

left_values
[30]
[1, 1]
[1, 3, 1, 1]
[1, 1, 1, 2, 6, 4, 1]
[1, 2, 3, 9, 6, 1]
[1, 1, 18, 1, 1]
[1, 17, 1, 1]
[1, 1, 15, 1, 1]
[1, 14, 1, 1]
[1, 14, 2, 1]
[1, 2, 10, 1, 1]
[1, 1, 4, 5, 2, 1]
[1, 7, 8, 1]
[1, 4, 12, 1]
[1, 4, 3, 1, 7, 1]
[3, 10, 1, 1]
[1, 9, 8, 1]
[1, 2, 8, 4, 3, 1]
[1, 2, 10, 1, 2, 1]
[1, 2, 2, 11, 1]
[1, 1, 5, 2, 1]
[1, 2, 1]
[1, 1]
[1, 3, 1, 1, 1]
[1, 1, 2, 1, 1, 1, 1, 9, 1]
[1, 1, 1, 2, 1, 1, 2, 1, 1, 1]
[1, 1, 2, 1, 1, 1, 2, 2, 1]
[1, 2, 1, 2, 2, 2, 1]
[1, 1, 1, 1, 5, 1]
[30]
