Puzzle number: 57636
width:  40
height:  40
solved_count:  548
AVE_TIME:  '00:07:37'
ave_time_count:  299

top_values
[1, 3, 2, 2, 2, 3, 2]
[1, 3, 2, 2, 2, 5]
[1, 3, 2, 2, 2, 6]
[1, 3, 2, 2, 2, 5]
[1, 3, 2, 2, 2, 3, 2]
[1, 1, 4, 2, 6, 2]
[1, 3, 2, 6, 2]
[1, 2, 2, 7, 2]
[1, 2, 2, 11]
[1, 2, 1, 9, 2]
[1, 3, 1, 10, 2]
[1, 3, 13, 2]
[1, 3, 6, 6, 1]
[1, 7, 2, 6, 1]
[1, 6, 3, 6, 1]
[1, 2, 1, 10, 1]
[1, 2, 1, 10, 1]
[1, 1, 10, 2]
[1, 2, 11]
[1, 2, 9]
[1, 1, 2, 3]
[1, 2, 3, 1]
[1, 2, 1, 1]
[1, 1]
[1]
[1]
[1]
[1]
[1]
[1]
[1]
[1]
[1]
[1]
[1]
[1]
[1]
[1]
[1]
[40]

left_values
[40]
[1]
[1]
[1]
[1]
[1]
[1]
[1]
[1]
[1]
[1]
[1]
[1]
[1]
[1]
[1]
[6, 1]
[5, 1]
[6, 1]
[10, 1]
[15, 1]
[7, 7, 1]
[2, 2, 1]
[2, 1]
[7, 1]
[14, 2, 1]
[9, 2, 3, 1]
[8, 1]
[10, 1]
[5, 9, 1]
[6, 5, 9, 1]
[20, 1]
[17, 1]
[19, 1]
[1, 20, 1]
[20, 1]
[4, 14, 1]
[3, 1, 2, 1]
[12, 2, 1]
[3, 14, 2, 1]
