Puzzle number: 5802
width:  50
height:  50
solved_count:  711
AVE_TIME:  '00:53:33'
ave_time_count:  284

top_values
[1, 1, 4, 10]
[1, 2, 3, 10]
[2, 1, 2, 4, 1, 9]
[2, 2, 2, 3, 3, 8]
[2, 3, 3, 3, 3, 3, 3]
[2, 4, 4, 3, 3, 2, 2]
[2, 3, 4, 2, 3, 1, 1]
[2, 3, 1, 3, 3, 1, 1]
[3, 4, 3, 2, 3, 1]
[3, 4, 3, 3, 3, 1]
[3, 4, 1, 3, 3, 3]
[4, 5, 2, 3, 1, 3]
[3, 6, 3, 3, 2, 4]
[3, 6, 3, 2, 1, 5]
[4, 8, 3, 2, 6]
[2, 10, 3, 2, 2, 7]
[1, 10, 4, 2, 2, 7]
[1, 5, 5, 4, 3, 2, 7]
[1, 5, 4, 3, 1, 7]
[1, 5, 5, 3, 1, 3, 7]
[1, 5, 4, 2, 1, 3, 7]
[2, 5, 4, 2, 1, 2, 6]
[2, 5, 5, 2, 2, 2, 6]
[2, 5, 4, 3, 2, 5]
[2, 4, 4, 3, 2, 1, 5]
[1, 5, 4, 3, 2, 2, 4]
[3, 3, 5, 4, 2, 2, 3]
[3, 1, 4, 4, 3, 8]
[1, 5, 2, 2, 2, 8]
[6, 3, 3, 2, 8]
[7, 3, 2, 3, 13]
[10, 1, 1, 2, 13]
[12, 2, 3, 13]
[14, 1, 1, 2, 11]
[12, 2, 3, 10]
[12, 2, 4, 10]
[12, 2, 4, 9]
[12, 3, 3, 9]
[1, 12, 2, 1, 1, 8]
[16, 3, 4, 8]
[16, 4, 3, 8]
[12, 2, 3, 2, 8]
[13, 3, 3, 12]
[13, 3, 15]
[12, 3, 10, 4]
[11, 3, 13]
[10, 4, 6, 5]
[7, 7, 1]
[6, 5]
[4, 4]

left_values
[1, 1, 1, 7]
[8, 1, 8]
[28, 8]
[13, 4, 1, 10]
[2, 9]
[1, 1, 10]
[3, 15, 10]
[26, 8]
[23, 9]
[21, 9]
[16, 9, 1]
[6, 9, 2]
[3, 9, 2]
[4, 10, 4]
[3, 9, 4]
[2, 9, 7]
[1, 16]
[1, 15, 1]
[12, 2]
[12, 4]
[12, 1, 4]
[16, 5]
[1, 18, 7]
[7, 20, 8]
[6, 15, 4, 5, 3, 1]
[1, 3, 12, 5, 4, 5]
[3, 2, 10, 8, 2, 5]
[6, 8, 2, 8]
[13, 11, 2, 9]
[33, 2, 2, 2, 2]
[13, 3, 1, 5, 4]
[1, 1, 5, 5]
[1, 1, 1, 3, 4]
[14, 5]
[15, 5]
[5]
[7]
[13]
[3, 2, 4, 15]
[1, 9, 1, 8, 14]
[2, 11, 3, 2, 17]
[3, 2, 15]
[5, 12]
[6, 30]
[38]
[4, 21, 6]
[4, 14, 6]
[5, 12, 4]
[6, 9, 3]
[9, 6, 3]
