Puzzle number: 58108
width:  40
height:  35
solved_count:  921
AVE_TIME:  '00:19:18'
ave_time_count:  320

top_values
[7]
[6]
[4]
[5]
[7, 3, 2]
[12, 3, 2]
[10, 4, 3, 1]
[11, 6, 3]
[12, 9]
[12, 8]
[12, 8]
[6, 2, 2, 5]
[10, 2, 5, 4]
[10, 2, 6, 4]
[9, 2, 5, 6]
[12, 2, 7]
[11, 13]
[25]
[1, 3, 2]
[25]
[11, 13]
[12, 12]
[6, 3, 2, 5]
[6, 3, 2, 2, 1, 1, 4]
[6, 3, 2, 2, 1, 1, 3]
[7, 3, 2, 1, 1, 3]
[12, 9]
[12, 8]
[12, 7]
[12, 6]
[11, 4]
[14]
[3, 7]
[4]
[5]
[6]
[7]
[6]
[3]
[2]

left_values
[2]
[3]
[6]
[7]
[6]
[3, 3, 5]
[8, 9, 5]
[10, 13]
[12, 14]
[27]
[13, 13]
[7, 6, 4, 8]
[7, 6, 3, 2, 7]
[7, 6, 3, 2, 7]
[7, 6, 3, 2, 7]
[7, 3, 4, 8]
[14, 14]
[29]
[1, 3, 1]
[27]
[13, 13]
[5, 3, 2, 3, 5]
[5, 3, 2, 3, 8]
[4, 3, 2, 3, 4]
[5, 1, 3, 3, 7]
[5, 4, 3, 3]
[11, 9]
[3, 7, 8]
[1, 3, 7, 7]
[2, 3, 5, 5]
[2, 3, 4, 4]
[5, 2, 2]
[4, 3]
[6, 1]
[7]
