Puzzle number: 58112
width:  30
height:  25
solved_count:  2135
AVE_TIME:  '00:16:52'
ave_time_count:  913

top_values
[2]
[2]
[3]
[4]
[1, 3]
[8]
[7]
[5]
[5]
[5, 2]
[4, 1, 4]
[2, 9, 2]
[7, 3, 2, 1]
[6, 4, 11]
[13, 2, 2]
[2, 6, 1, 2]
[2, 10]
[13]
[14, 2]
[1, 6, 4, 3]
[8, 1, 2, 3]
[18]
[7, 6]
[9, 1]
[6]
[2, 2, 2]
[7]
[6, 1]
[10]
[3]

left_values
[2, 2]
[1, 5, 1]
[4, 2, 5]
[4, 2, 9]
[7, 11]
[4, 13]
[5, 14]
[6, 14]
[8, 5, 7]
[9, 4, 4, 1]
[3, 16]
[3, 2, 4, 1, 5]
[14, 2]
[2, 2, 2, 4, 3]
[3, 2, 3]
[1, 1, 3, 2]
[2, 1, 2, 2]
[1, 2, 2, 2]
[2, 2, 1, 2]
[3, 1, 2, 2]
[3, 1, 1]
[3, 2, 1]
[2, 1, 1]
[1, 2, 1]
[2, 1, 2]
