Puzzle number: 58449
width:  50
height:  40
solved_count:  316
AVE_TIME:  '00:16:33'
ave_time_count:  102

top_values
[13, 1, 3, 4, 2, 6, 2]
[14, 3, 5, 3, 7, 1]
[14, 2, 6, 2, 7, 2]
[15, 6, 2, 9, 1, 1]
[2, 1, 1, 1, 1, 2, 9, 2, 1]
[2, 1, 1, 1, 1, 2, 10, 1, 2]
[2, 1, 1, 1, 1, 2, 10, 2, 2]
[2, 1, 1, 1, 1, 2, 11, 1, 3]
[2, 1, 1, 1, 1, 2, 10, 2, 3]
[18, 1, 9, 3, 4]
[17, 2, 6, 5, 4]
[16, 2, 5, 4, 1, 4]
[16, 5, 3, 2, 5]
[16, 8, 3, 1, 6]
[16, 2, 6, 3, 1, 6]
[2, 1, 1, 1, 2, 6, 2, 2, 6]
[2, 1, 1, 1, 1, 2, 6, 3, 7]
[3, 1, 1, 1, 1, 2, 6, 2, 7]
[2, 1, 1, 1, 1, 1, 6, 2, 6]
[17, 2, 7, 6, 1]
[17, 2, 6, 5, 2]
[17, 2, 4, 6, 2]
[17, 2, 3, 4, 3]
[4, 1, 1, 5, 2, 6, 2]
[4, 1, 1, 6, 1, 5, 2]
[16, 2, 1, 6, 1]
[12, 4, 5, 1]
[3, 6]
[3, 6]
[2, 6]
[2, 5]
[2, 5]
[2, 4]
[1, 4]
[2, 2]
[2, 2]
[1, 1]
[2, 1]
[2]
[1]
[2]
[1]
[1]
[]
[]
[1]
[2]
[3]
[4]
[5]

left_values
[14]
[18]
[4, 10]
[4, 6, 3]
[4, 6, 2]
[22]
[4, 6, 4]
[4, 6, 5]
[4, 6, 6]
[26]
[4, 6, 7]
[4, 6, 4, 3]
[4, 6, 4, 2]
[27]
[1, 6, 4, 2]
[3, 6, 4, 2]
[2, 2, 4, 2]
[2, 7, 4, 11]
[1, 2, 6, 4, 2]
[1, 2, 3, 2, 2, 4, 2]
[3, 2, 4, 2, 3, 2]
[3, 2, 7, 3, 2, 2]
[4, 2, 4, 4, 2, 5]
[3, 2, 5, 6, 2, 3]
[2, 2, 6, 7, 5]
[1, 2, 6, 1, 7, 3]
[2, 7, 2, 7, 2]
[1, 7, 4, 7, 2]
[2, 7, 1, 3, 7, 2]
[1, 8, 1, 3, 5, 2]
[8, 2, 5, 5]
[9, 1, 4, 3, 4]
[8, 2, 4, 7, 4]
[8, 4, 12, 3]
[6, 3, 17, 3]
[4, 3, 10, 9, 2, 1]
[2, 3, 13, 11, 3, 2]
[3, 13, 1, 9, 2, 3]
[3, 14, 5, 9, 3, 4]
[1, 15, 8, 10, 3, 5]
