Puzzle number: 58467
width:  35
height:  35
solved_count:  2692
AVE_TIME:  '00:23:29'
ave_time_count:  1010

top_values
[35]
[1, 1, 2, 1]
[1, 3, 7, 1]
[7, 7, 1, 9, 1]
[5, 1, 2, 1, 3]
[5, 1, 2, 1, 1]
[1, 2, 2, 1, 1]
[1, 3, 2, 1, 1]
[1, 2, 1, 1, 3, 1]
[1, 2, 1, 1, 2, 3, 1]
[1, 1, 2, 1, 2, 2, 1]
[1, 2, 1, 3, 1, 1]
[1, 1, 1, 3, 2, 1]
[1, 2, 3, 1, 3, 1, 1]
[1, 1, 2, 1, 1, 2, 2, 1]
[1, 2, 1, 1, 1, 1, 1, 1]
[1, 4, 1, 1, 2, 1, 1]
[1, 1, 2, 1, 3, 1, 1]
[1, 1, 1, 2, 1, 1]
[1, 1, 1, 3, 1, 1]
[1, 1, 3, 1, 1, 2, 1, 1]
[1, 3, 1, 1, 1, 1, 1, 1]
[1, 4, 1, 1, 2, 2, 1]
[1, 2, 1, 1, 3, 1, 1]
[1, 2, 6, 2, 1]
[1, 2, 1, 3, 2, 1]
[1, 2, 2, 4, 2, 1]
[1, 2, 2, 1, 2, 3, 1]
[1, 2, 2, 1, 3, 1]
[2, 2, 2, 1, 1]
[3, 1, 5, 1, 6]
[4, 2, 1, 4, 1, 5, 1]
[1, 3, 1, 6, 1]
[1, 1, 1, 1, 1]
[35]

left_values
[35]
[1, 3, 3, 1]
[1, 3, 2, 1]
[1, 4, 2, 1]
[6, 1, 1]
[1, 2, 4]
[1, 4, 3, 1]
[1, 2, 2, 1]
[1, 1, 2, 1]
[1, 1, 2, 2, 5]
[1, 2, 2, 2, 2, 1]
[1, 3, 3, 2, 3, 1]
[1, 1, 2, 3, 5, 2, 2, 1, 1]
[1, 1, 2, 4, 3, 2, 1, 1]
[1, 1, 4, 3, 3, 3, 1, 1]
[1, 1, 5, 2, 1, 3, 1, 1]
[1, 1, 4, 3, 1, 1, 1]
[1, 1, 2, 1, 1, 1]
[1, 1, 1, 2, 1, 1]
[35]
[3, 1, 2, 1, 1]
[1, 1, 2, 2, 1, 1]
[1, 1, 2, 3, 1, 1]
[1, 1, 2, 11, 1, 1, 1]
[1, 1, 1, 1, 3, 1, 2, 1, 1]
[1, 1, 2, 2, 2, 2, 2, 1, 1, 1]
[1, 1, 1, 3, 3, 2, 1, 1]
[1, 1, 2, 2, 1, 1]
[1, 1, 3, 2, 1, 1]
[1, 1, 3, 3, 1, 1]
[1, 1, 9, 1, 1]
[1, 1, 1, 1]
[1, 1, 1, 1]
[1, 1, 1, 1]
[35]
