Puzzle number: 58497
width:  40
height:  44
solved_count:  567
AVE_TIME:  '00:11:11'
ave_time_count:  210

top_values
[15, 2, 3, 2, 5, 3]
[17, 2, 1, 2, 8]
[17, 3, 1, 3, 5]
[15, 3, 2, 4, 3]
[15, 4, 3, 3, 3]
[15, 3, 3, 3, 3]
[16, 2, 3, 2, 3]
[16, 1, 3, 2, 3]
[18, 2, 4]
[17, 2, 4]
[16, 2, 6]
[30]
[28]
[16, 9]
[16, 4]
[16]
[17]
[19]
[20]
[22]
[10, 10]
[10, 11]
[11, 11]
[11, 11]
[12, 11]
[12, 11]
[13, 10]
[13, 11]
[13, 10]
[11, 9]
[10, 8]
[8, 6]
[5, 6]
[1, 6]
[1, 6]
[1, 6]
[1, 2, 6]
[2, 10]
[2, 2, 6]
[2, 6]

left_values
[]
[]
[]
[]
[]
[9]
[20, 3]
[30]
[31]
[32]
[33]
[33]
[33]
[40]
[33, 3]
[32]
[32]
[20, 9]
[20, 5]
[21]
[2, 16]
[3, 15]
[1, 6, 2, 7]
[5, 3, 7]
[5, 3, 8]
[5, 4, 7]
[1, 4, 7]
[8, 4, 7]
[12, 7]
[1, 10, 7]
[4, 3, 7]
[4, 3, 7]
[4, 3, 7, 1]
[1, 4, 3, 8, 3]
[1, 3, 2, 7, 3]
[2, 5, 9, 1]
[2, 3, 15]
[2, 4, 14]
[2, 4, 13]
[2, 4, 13]
[6, 12]
[6, 6]
[4]
[1]
