Puzzle number: 58511
width:  50
height:  45
solved_count:  1350
AVE_TIME:  '00:11:42'
ave_time_count:  477

top_values
[4, 3]
[11]
[13]
[8, 4]
[7, 3]
[8, 2]
[8, 2]
[8, 2]
[9, 2]
[9, 2]
[9, 2]
[10, 2]
[10, 2]
[11, 3]
[12, 5]
[19]
[20]
[16, 3]
[15, 2]
[15, 2]
[16, 2]
[17, 2]
[17, 2]
[3, 18, 2]
[2, 1, 18, 2]
[1, 1, 3, 18, 2]
[1, 1, 4, 19, 2]
[6, 4, 19, 2]
[8, 19, 2]
[34, 2]
[35, 2]
[35, 2]
[35, 2]
[35, 2]
[38, 2]
[38, 2]
[38, 2]
[38, 3]
[43]
[43]
[43]
[37, 3]
[36, 2]
[36, 2]
[20, 2]
[16, 2]
[8, 2]
[2]
[1]
[1]

left_values
[4]
[4, 9]
[2, 1, 12]
[1, 17]
[21]
[17]
[18]
[1, 16]
[1, 16]
[2, 16]
[1, 17]
[1, 1, 15]
[1, 15]
[1, 15]
[15]
[15]
[16]
[18]
[19]
[22]
[23]
[24]
[25]
[27]
[29]
[31]
[32]
[33]
[34]
[36]
[39]
[42]
[45]
[45]
[45]
[28, 12]
[25, 12]
[22, 12]
[19, 12]
[3, 3, 4]
[3, 3, 3]
[4, 3, 3]
[5, 5, 5]
[47]
[48]
