Puzzle number: 58726
width:  35
height:  30
solved_count:  2125
AVE_TIME:  '00:12:13'
ave_time_count:  602

top_values
[14, 3, 2]
[14, 1, 4, 1]
[13, 2, 3, 1]
[12, 2, 4, 1]
[12, 4, 3]
[11, 1, 4, 4]
[10, 2, 3, 5]
[8, 2, 3, 5]
[7, 2, 1, 1, 5]
[5, 1, 4]
[4, 2]
[1]
[2]
[7, 2]
[11]
[18]
[18]
[19]
[20]
[20]
[20]
[20]
[23]
[23]
[22]
[21]
[1, 21]
[25]
[24]
[26]
[24]
[23]
[20]
[18]
[13]

left_values
[11, 1]
[11, 2]
[11, 5]
[11, 6]
[10, 6]
[9, 3, 7]
[9, 12]
[8, 12]
[7, 17]
[7, 20]
[6, 20]
[5, 20]
[3, 20]
[2, 5, 20]
[2, 3, 20]
[3, 22]
[22]
[22]
[6, 22]
[9, 23]
[8, 23]
[1, 6, 21]
[1, 20]
[2, 19]
[19]
[4, 17]
[6, 13]
[8, 7]
[7]
[6]
