Puzzle number: 59040
width:  20
height:  25
solved_count:  2311
AVE_TIME:  '00:18:39'
ave_time_count:  927

top_values
[1, 4, 4]
[3, 1, 2, 1, 1]
[1, 1, 1, 3, 2, 2, 2, 1]
[1, 4, 1, 1, 1, 1, 1, 2, 1]
[1, 1, 3, 2, 1, 2, 2, 1]
[3, 1, 1, 1, 1, 1]
[10, 3, 1, 4]
[1, 2, 1]
[1, 1, 1, 1, 7]
[4, 5, 1, 1, 1]
[3, 1, 2, 1, 1, 1, 1]
[7, 7, 1, 1]
[4, 3, 1, 1, 1]
[4, 1, 1, 1, 1, 4, 1]
[1, 2, 2, 1, 1, 1, 1, 1]
[1, 2, 1, 2, 1, 2, 2, 1]
[1, 3, 1, 5, 2, 1]
[2, 7, 1, 2, 1]
[10, 5, 5]
[7, 5, 1]

left_values
[1, 1, 6]
[1, 1, 1, 3, 2]
[1, 1, 6, 2]
[2, 1, 10]
[1, 1, 2, 4]
[6, 3, 1, 1, 3]
[1, 2, 1, 1, 3]
[6, 3, 3, 3]
[1, 1, 1, 1, 1, 2, 3]
[7, 1, 1, 3]
[1, 7, 2]
[1, 4, 1]
[2, 1, 1, 1, 1]
[6, 1, 1, 1]
[3, 3, 4]
[2, 1, 1, 1]
[2, 14, 2]
[1, 1, 1]
[1, 1, 1, 5, 1, 2]
[1, 3, 1, 1, 2]
[1, 1, 1, 1, 2, 1]
[1, 3, 1, 1, 1, 1, 1]
[1, 3, 1, 1, 2, 1]
[1, 1, 1, 1]
[7, 11]
