Puzzle number: 59315
width:  50
height:  45
solved_count:  134
AVE_TIME:  '01:26:58'
ave_time_count:  100

top_values
[17, 6, 1, 1, 2]
[2, 1, 2, 6, 4, 2, 1, 3]
[5, 1, 9, 1, 2, 3, 4]
[1, 3, 2, 2, 5, 3]
[3, 3, 2, 1, 3, 3]
[1, 5, 2, 1, 1, 2, 3]
[3, 2, 5, 2, 4, 3, 2]
[6, 2, 2, 2, 3, 1]
[2, 1, 7, 2, 2, 3, 4]
[4, 1, 4, 4, 2, 2, 3, 2, 3]
[5, 1, 7, 1, 3, 5]
[1, 2, 6, 1, 3, 2]
[9, 4, 3, 4]
[2, 13, 2, 4, 5, 2]
[2, 1, 3, 5, 8, 6]
[6, 2, 8, 4, 3]
[5, 4, 1, 1, 16]
[2, 6, 2, 2, 3, 7]
[2, 8, 4, 1, 11, 7]
[2, 2, 5, 3, 1, 2, 2, 2, 7]
[1, 2, 6, 2, 1, 2, 3, 6]
[11, 3, 3, 1, 2, 2, 2, 2]
[11, 12, 2, 1, 3, 2]
[1, 5, 1, 10, 2, 12]
[7, 1, 5, 2, 3, 1, 1, 2, 6, 1]
[8, 1, 4, 4, 4, 3, 1, 2, 4, 1]
[1, 2, 3, 2, 8, 7, 2, 1, 5]
[1, 6, 1, 2, 13, 1, 2, 2, 1, 4]
[1, 2, 7, 10, 2, 2, 4, 1]
[1, 2, 3, 2, 3, 2, 3]
[1, 2, 1, 1, 4, 1, 1, 5, 1, 2]
[2, 27, 4]
[2, 2, 1, 5, 1, 4, 3, 3]
[2, 4, 2, 1, 1, 2, 1, 8]
[2, 1, 1, 1, 2, 1, 2, 1, 7]
[29, 1, 13]
[10, 1, 1, 2, 2, 1, 1, 1, 1, 1, 1]
[8, 1, 1, 1, 1, 2, 5, 3, 1, 1]
[2, 3, 1, 1, 1, 5, 3, 1, 1]
[3, 2, 1, 1, 4, 1, 2, 1]
[4, 2, 1, 2, 1]
[1, 2, 2, 3, 1]
[1, 7, 15, 2, 5]
[3, 5, 1, 2, 1, 1, 2, 1, 1]
[3, 1, 4, 1, 1, 2, 1, 1, 2, 1, 1]
[2, 3, 2, 1, 1, 3, 6, 1, 2, 4]
[3, 3, 2, 1, 6, 1, 6, 1, 1, 1]
[10, 1, 1, 1, 1, 1, 1]
[4, 4, 1, 15, 1, 5]
[4, 1, 1, 4, 1, 1, 1]

left_values
[1, 1, 2, 11, 12, 3]
[3, 1, 2, 2, 14, 6, 4]
[11, 1, 2, 2, 7, 3, 6]
[1, 1, 6, 24, 7]
[5, 2, 3, 11, 1, 3, 4, 4, 1]
[1, 7, 1, 1, 2, 8, 1, 1, 3, 1, 1, 1, 1]
[1, 3, 2, 27, 1]
[3, 1, 2, 14, 1, 13]
[2, 1, 1, 2, 7, 4, 6, 2, 5]
[1, 1, 2, 1, 1, 2, 5, 3, 3, 3, 8]
[1, 1, 1, 1, 1, 1, 9, 1, 5, 7, 2]
[3, 1, 2, 2, 3, 2, 2, 1, 1, 2, 8]
[3, 1, 1, 1, 1, 4, 2, 2, 1, 3, 1]
[3, 3, 1, 1, 5, 2, 7, 2]
[3, 2, 2, 1, 6, 1, 1, 1, 3]
[3, 1, 2, 1, 7, 1, 1, 3]
[3, 1, 2, 1, 5, 3, 5]
[1, 2, 2, 1, 7, 4, 1, 1]
[2, 1, 3, 2, 2, 4, 1, 3, 7]
[2, 1, 3, 7, 1, 1, 1, 1, 1]
[2, 3, 2, 5, 2, 1, 1, 1, 1, 1]
[2, 1, 2, 3, 2, 1, 1, 1, 2, 1]
[1, 2, 2, 3, 1, 5, 2, 1, 3, 7]
[1, 4, 1, 1, 3, 1, 6, 1, 3, 5, 1]
[1, 4, 4, 1, 8, 1, 1, 1]
[2, 3, 2, 3, 4, 2, 1, 5, 1]
[2, 1, 1, 1, 2, 2, 2, 2, 1, 1, 1]
[4, 1, 3, 1, 6, 7, 1, 2, 1]
[1, 1, 2, 2, 7, 5, 3, 4, 1, 2, 1]
[1, 2, 2, 2, 5, 3, 5, 3, 1, 2, 1]
[1, 3, 2, 3, 1, 1, 8, 1, 2, 1]
[2, 3, 3, 1, 2, 2, 1, 3, 1, 1, 1]
[5, 1, 2, 1, 1, 1, 8, 7]
[3, 1, 2, 2, 1, 1, 1, 4]
[4, 1, 1, 2, 1, 2, 1, 4, 1]
[2, 2, 1, 1, 1, 2, 6, 1, 6]
[2, 1, 1, 1, 4, 9, 3, 5]
[2, 1, 2, 2, 2, 2, 2, 8, 13]
[2, 1, 1, 1, 4, 14, 5]
[4, 2, 1, 10, 4, 1]
[3, 2, 2, 1, 1, 11, 8, 2]
[2, 2, 1, 1, 1, 5, 1, 3, 1, 1, 7]
[5, 5, 7, 1, 2, 4, 1, 1, 2]
[7, 4, 1, 4, 4, 2, 1, 1, 1, 1, 1]
[2, 7, 1, 2, 1, 9, 1, 2, 5, 1]
