Puzzle number: 59740
width:  40
height:  45
solved_count:  217
AVE_TIME:  '00:27:26'
ave_time_count:  114

top_values
[2, 3, 3, 3, 3, 3, 3, 2]
[2, 3, 2, 15, 2, 3, 3, 3, 2]
[2, 3, 2, 2, 4, 1, 3, 3, 3, 2]
[2, 4, 2, 3, 3, 3, 3, 2]
[2, 10, 3, 2, 3, 3, 3, 2]
[8, 4, 3, 2, 2, 3, 3, 2]
[2, 3, 3, 1, 3, 3, 2]
[2, 2, 3, 1, 3, 3, 2]
[5, 5, 3]
[5, 16, 16]
[13, 11]
[3, 4, 17]
[3, 4, 8]
[2, 5, 14]
[2, 2, 6, 4]
[2, 2, 7]
[4, 2, 6]
[5, 1, 6]
[5, 1, 2, 6]
[5, 2, 6, 2]
[2, 2, 6, 2]
[2, 1, 6, 3]
[2, 2, 6, 2]
[1, 2, 2, 9, 2]
[3, 2, 2, 8, 2]
[1, 2, 7, 13, 3]
[1, 6, 18, 3]
[1, 4, 16, 4]
[1, 2, 15, 2]
[1, 3, 20, 1]
[4, 4, 20, 2]
[3, 2, 2, 20, 2]
[1, 2, 2, 21, 2]
[1, 2, 2, 24]
[2, 2, 2, 23]
[2, 1, 3, 23]
[1, 1, 2, 22]
[1, 3, 3, 22]
[1, 2, 25]
[2, 2, 24]

left_values
[3, 2, 1, 1, 1, 1, 1]
[3, 2, 1, 1, 1, 1, 2]
[1, 1, 1, 1, 9]
[4, 1, 2, 3, 6, 1]
[4, 1, 2, 3, 6]
[3, 2, 1, 1, 1]
[2, 2, 1, 1]
[2, 3, 2, 4]
[2, 2, 1, 16, 3]
[1, 2, 2, 19]
[3, 3, 2, 2, 1]
[2, 1, 4, 2, 2]
[1, 1, 2, 1, 2, 2]
[1, 2, 2, 2, 2, 2]
[1, 2, 1, 2, 2, 1, 2]
[2, 1, 4, 2, 2, 2]
[3, 2, 3, 2, 4, 1]
[1, 2, 6, 8, 1, 2]
[1, 1, 5, 3, 4, 2]
[1, 2, 2, 1, 5, 1]
[1, 1, 1, 2, 7, 2]
[1, 2, 1, 1, 8, 2]
[1, 1, 1, 2, 10, 2]
[1, 1, 1, 2, 14]
[2, 2, 1, 14]
[2, 2, 1, 15]
[2, 1, 2, 15]
[1, 2, 1, 2, 15]
[2, 3, 2, 1, 15]
[3, 10, 15]
[10, 16]
[5, 34]
[6, 31]
[8, 19, 11]
[18, 11]
[8, 1, 16, 12]
[8, 1, 3, 11, 13]
[8, 1, 1, 1, 3, 1, 11]
[1, 1, 1, 1, 2, 11]
[8, 1, 1, 1, 2, 2, 9]
[8, 1, 1, 1, 2, 2, 8]
[8, 1, 1, 2, 1, 1, 7]
[1, 1, 2, 2, 2, 8]
[8, 1, 1, 1, 2, 2, 10]
[8, 1, 1, 1, 1, 1, 3, 7]
