Puzzle number: 59760
width:  45
height:  50
solved_count:  981
AVE_TIME:  '00:41:23'
ave_time_count:  411

top_values
[6, 40]
[1, 3, 1]
[1, 6, 1]
[1, 2, 26, 1]
[1, 2, 3, 27, 1]
[1, 2, 2, 5, 1]
[1, 4, 3, 1]
[1, 4, 2, 1]
[1, 1, 2, 2, 1, 2, 1]
[1, 1, 2, 2, 2, 3, 2, 2, 1]
[1, 4, 2, 3, 2, 2, 2, 2, 1]
[1, 4, 2, 2, 2, 2, 2, 2, 1]
[1, 2, 2, 2, 2, 2, 2, 2, 1]
[1, 2, 2, 2, 2, 2, 2, 2, 1]
[1, 1, 2, 3, 2, 2, 2, 2, 1]
[4, 1, 2, 2, 3, 2, 2, 1]
[5, 2, 2, 2, 3, 1, 3, 1]
[1, 2, 2, 2, 2, 2, 2, 1]
[1, 1, 2, 2, 2, 2, 2, 2, 1]
[1, 1, 2, 2, 2, 2, 2, 2, 1]
[4, 1, 3, 2, 2, 2, 2, 1]
[3, 1, 2, 2, 3, 2, 2, 1]
[1, 1, 2, 2, 2, 2, 2, 1]
[1, 1, 2, 2, 2, 2, 2]
[1, 1, 1, 2, 2, 2, 1, 2, 1]
[6, 1, 2, 1, 2, 1, 2, 3]
[1, 1, 2, 1, 2, 1, 2, 4]
[1, 1, 1, 2, 1, 1, 1, 2, 4, 1]
[2, 2, 2, 1, 1, 1, 2, 5, 1]
[1, 1, 2, 2, 1, 1, 1, 7, 1]
[1, 4, 1, 6, 1]
[1, 1, 5, 1]
[1, 2, 5, 1]
[1, 7, 5, 1]
[1, 31, 1]
[1, 18, 5, 1]
[1, 2, 6, 1]
[1, 2, 5, 1]
[1, 2, 6, 1]
[1, 2, 6, 1]
[1, 1, 5, 1]
[1, 6, 1]
[1, 6, 1]
[1, 4, 1]
[23, 2, 23]

left_values
[13, 16]
[1, 3, 3, 2, 2, 1]
[1, 3, 2, 1, 1, 3, 1]
[1, 2, 2, 2, 2, 1, 1, 1]
[1, 3, 19, 1, 1]
[1, 8, 1, 1, 1, 5, 1]
[1, 6, 1, 1, 1, 1, 2, 1]
[7, 1, 1]
[4, 1, 1, 1]
[1, 2, 1]
[1, 1, 2, 1]
[1, 1, 12, 2, 1]
[1, 2, 9, 2, 1]
[1, 1, 7, 2, 1]
[1, 1, 3, 2, 1]
[1, 2, 2, 1]
[1, 2, 10, 2, 1]
[1, 2, 16, 2, 1]
[1, 2, 11, 2, 1]
[1, 2, 6, 2, 1]
[1, 2, 3, 2, 1]
[1, 2, 2, 1]
[1, 2, 14, 2, 1]
[1, 2, 13, 2, 2]
[1, 2, 7, 2, 6]
[1, 2, 3, 2, 2, 4]
[1, 2, 1, 2, 2, 4]
[1, 2, 9, 4, 4, 1]
[1, 2, 12, 3, 5, 1]
[1, 2, 11, 2, 4, 1]
[1, 2, 8, 2, 4, 1]
[1, 2, 2, 1, 4, 1]
[1, 2, 1, 4, 1]
[1, 2, 14, 5, 1]
[1, 2, 11, 4, 1]
[1, 2, 6, 3, 1]
[1, 2, 3, 4, 1]
[1, 2, 4, 1]
[1, 2, 4, 1]
[1, 2, 15, 1]
[1, 2, 18, 1]
[1, 3, 6, 4, 1]
[1, 2, 6, 4, 1]
[1, 8, 3, 1]
[1, 4, 4, 1]
[1, 4, 1]
[1, 3, 1]
[1, 3, 1]
[1, 2, 1]
[23, 2, 18]
