Puzzle number: 59800
width:  40
height:  35
solved_count:  1058
AVE_TIME:  '00:07:31'
ave_time_count:  507

top_values
[35]
[8, 22]
[3, 3, 2, 2, 1, 1]
[3, 2, 2, 2, 1]
[3, 2, 2, 2, 1]
[3, 2, 2, 2, 1]
[3, 2, 2, 2, 1]
[3, 2, 2, 2, 1]
[2, 2, 2, 2, 1]
[2, 2, 2, 2, 1]
[2, 2, 2, 2, 1]
[2, 2, 2, 2, 1]
[2, 1, 2, 2, 1, 1]
[2, 1, 2, 2, 3]
[2, 1, 2, 2, 4]
[2, 1, 2, 2, 4]
[2, 1, 2, 5]
[2, 1, 11]
[2, 1, 12]
[2, 1, 13]
[2, 1, 13]
[2, 1, 4, 1, 4]
[2, 1, 1, 1, 4]
[2, 1, 2, 1, 2]
[2, 1, 2, 1, 1]
[2, 1, 2, 1, 1]
[2, 1, 2, 1, 1]
[2, 1, 2, 1, 2]
[2, 1, 2, 1, 2]
[2, 1, 2, 1, 1]
[1, 2, 1, 2, 1, 2]
[2, 2, 1, 2, 1, 4]
[8, 1, 2, 5]
[9, 1, 2, 3, 1]
[13, 1, 2, 4]
[13, 1, 2, 3]
[14, 1, 5]
[20, 5]
[24, 2]
[21, 3]

left_values
[3]
[3]
[3, 2]
[2, 3]
[2, 4]
[2, 6]
[2, 6]
[2, 6]
[1, 6]
[1, 7]
[1, 8]
[1, 8]
[1, 8]
[2, 9]
[2, 10]
[8, 8]
[40]
[40]
[2, 3]
[2, 3]
[40]
[12, 3]
[2, 2, 3]
[2, 4, 1]
[22, 16]
[40]
[2, 5, 2, 1]
[2, 4, 6]
[16, 4, 5]
[2, 13, 19]
[2, 5, 3]
[2, 9, 3]
[23, 2]
[2, 21]
[2, 12, 2, 2]
