Puzzle number: 6017
width:  50
height:  50
solved_count:  1235
AVE_TIME:  '00:19:05'
ave_time_count:  703

top_values
[]
[]
[]
[3]
[5]
[1, 4]
[2, 4]
[1, 5]
[2, 5]
[1, 7]
[1, 7]
[2, 7]
[1, 7]
[2, 7]
[2, 7]
[1, 9]
[1, 15]
[2, 23]
[2, 16, 7]
[1, 18, 1, 6]
[1, 18, 1, 7, 1]
[1, 21, 1, 11]
[2, 13, 9, 10]
[2, 18, 16]
[2, 35]
[2, 16, 1, 1, 4, 9]
[2, 19, 1, 1, 1, 7]
[2, 14, 1, 18]
[3, 22, 3, 2, 4]
[12, 20, 2, 6, 4]
[12, 35]
[12, 27, 1, 5]
[12, 35]
[12, 22, 4, 1, 2]
[12, 23, 1, 1, 1, 1, 2]
[12, 23, 4, 5]
[12, 26, 7]
[12, 23, 2, 3]
[12, 23, 5]
[12, 23, 4]
[12, 24, 2]
[12, 24, 2]
[12, 26]
[12, 23, 1]
[12, 15, 4]
[12, 15]
[13, 12]
[13, 13, 1]
[13, 10, 1]
[13, 10, 1]

left_values
[21]
[21]
[21]
[21]
[21]
[21]
[21]
[21]
[21]
[21]
[22]
[28]
[12, 4]
[6]
[4]
[4, 31]
[3, 35]
[3, 41]
[2, 43]
[47]
[47]
[46]
[45]
[41]
[35]
[32]
[32]
[30, 1]
[6, 23]
[11, 18]
[28]
[8, 1, 16]
[1, 26]
[2, 2, 1, 19]
[9, 18]
[2, 4, 2, 15]
[3, 22]
[9, 1, 4, 10]
[4, 3, 1, 3, 1, 3]
[4, 10, 1, 1]
[6, 6, 3, 1, 3]
[15, 1, 5]
[6, 1, 2, 9]
[14, 2, 2]
[10, 3, 4]
[7, 3, 3]
[18]
[12, 2]
[16]
[15, 3]
