Puzzle number: 60178
width:  50
height:  40
solved_count:  979
AVE_TIME:  '00:05:34'
ave_time_count:  527

top_values
[]
[]
[]
[]
[]
[]
[]
[]
[]
[]
[]
[]
[]
[]
[]
[]
[1]
[2]
[3]
[3]
[2]
[1]
[]
[]
[]
[]
[]
[2, 4]
[9]
[5, 2]
[2, 1]
[1]
[]
[4]
[5]
[6]
[2, 3, 6]
[5, 5]
[4, 5]
[3]
[3, 1]
[1, 3]
[1, 3]
[1, 3]
[1, 3]
[4, 1]
[6]
[9]
[1, 9]
[1, 9]

left_values
[]
[]
[]
[]
[]
[]
[]
[]
[]
[]
[]
[]
[]
[]
[]
[]
[]
[]
[]
[]
[]
[2]
[5, 2]
[13]
[5, 3]
[3, 3]
[1, 2]
[3]
[3]
[3]
[3]
[1, 3]
[2, 2]
[5, 2]
[4, 2, 2]
[2, 5, 2]
[4, 6, 1]
[2, 2, 6, 4]
[4, 3, 6, 4]
[6, 3, 6, 6]
