Puzzle number: 60247
width:  30
height:  30
solved_count:  4320
AVE_TIME:  '00:06:55'
ave_time_count:  2058

top_values
[30]
[4, 1, 1]
[3, 2, 1]
[2, 3, 1]
[1, 4, 1]
[6, 1]
[1, 1]
[1, 25, 1]
[1, 25, 1]
[1, 7, 14, 1]
[1, 1, 4, 3, 8, 4, 1]
[1, 2, 2, 2, 7, 3, 1]
[1, 3, 1, 7, 1, 2, 1]
[1, 4, 1, 3, 2, 1, 2, 1]
[1, 7, 3, 2, 1, 2, 1, 1]
[1, 3, 8, 3, 1, 2, 1, 1]
[1, 4, 2, 9, 2, 1, 1]
[1, 3, 2, 3, 8, 1, 2, 1]
[1, 2, 2, 2, 7, 3, 1]
[1, 1, 3, 7, 4, 1]
[1, 2, 3, 13, 1]
[1, 3, 3, 14, 1]
[1, 25, 1]
[1, 1]
[1, 6]
[1, 4, 1]
[1, 3, 2]
[1, 2, 3]
[1, 1, 4]
[30]

left_values
[30]
[4, 1, 1]
[3, 2, 1]
[2, 3, 16, 1]
[1, 4, 3, 8, 3, 1]
[6, 4, 6, 1, 2, 1]
[1, 5, 2, 1, 3, 1, 1]
[1, 6, 1, 6, 1]
[1, 4, 5, 3, 1]
[1, 3, 3, 2, 1]
[1, 2, 1, 1, 1]
[1, 2, 1, 1, 1, 1, 1]
[1, 2, 2, 1, 2, 1, 1]
[1, 2, 2, 1, 2, 1, 1]
[1, 3, 3, 2, 1]
[1, 4, 5, 3, 1]
[1, 8, 7, 1]
[1, 7, 7, 1]
[1, 6, 9, 1]
[1, 6, 9, 1]
[1, 6, 8, 1]
[1, 7, 7, 1]
[1, 16, 1]
[1, 3, 3, 1]
[1, 4, 6, 4, 6]
[1, 5, 3, 5, 4, 1]
[1, 7, 6, 3, 2]
[1, 16, 2, 3]
[1, 1, 4]
[30]
