Puzzle number: 60347
width:  50
height:  50
solved_count:  1251
AVE_TIME:  '01:54:21'
ave_time_count:  431

top_values
[2, 2, 8, 4, 5, 2, 3, 2, 4]
[6, 4, 2, 3, 1]
[2, 4, 3, 4]
[2, 3, 3, 3, 1]
[2, 4, 3, 3, 2]
[1, 5, 3, 4, 3]
[1, 1, 6, 3, 3, 2, 1]
[1, 1, 9, 3, 4, 3]
[1, 2, 4, 4, 2, 3, 2]
[1, 3, 4, 2, 1, 4, 1]
[1, 3, 4, 3, 2]
[2, 3, 3, 3, 2, 2, 3]
[2, 4, 1, 9, 4, 3]
[1, 3, 3, 3, 2, 4, 3, 1]
[2, 3, 3, 5, 7, 1]
[2, 2, 3, 3, 5, 1]
[2, 11, 3, 1, 4, 1]
[1, 15, 1, 1, 1, 4]
[8, 1, 4, 2, 4]
[8, 3, 1, 4, 2, 4]
[1, 4, 3, 2, 4, 3, 2, 3]
[1, 3, 2, 2, 3, 4, 3, 1, 2]
[3, 1, 1, 3, 2, 3, 1, 1]
[3, 1, 2, 3, 1, 2, 2]
[2, 2, 2, 1, 3, 2, 2, 1]
[2, 1, 1, 2, 3, 2, 2]
[1, 3, 3, 1, 4, 2, 2, 1]
[2, 7, 4, 2, 1, 1]
[1, 5, 2, 4, 2, 1, 3]
[11, 2, 4, 2, 2, 5]
[2, 5, 1, 5, 2, 3, 6]
[2, 4, 6, 2, 11]
[2, 7, 20, 1]
[1, 3, 7, 3, 11, 1]
[1, 3, 3, 6, 1, 8, 1]
[1, 9, 4, 1, 1]
[2, 5, 3, 3, 4, 1]
[2, 1, 2, 2, 5, 2, 3, 4, 1]
[1, 2, 2, 2, 2, 2, 2, 7, 2, 1]
[2, 2, 2, 2, 2, 2, 2, 5, 5, 1]
[2, 2, 2, 2, 2, 2, 6, 1, 1, 2, 1, 1]
[2, 2, 2, 2, 2, 2, 3, 1, 2, 2, 1]
[2, 2, 2, 2, 2, 3, 2, 2, 2, 1]
[6, 2, 2, 2, 8, 2, 2, 1, 1, 1]
[1, 5, 2, 2, 2, 2, 1, 1, 4, 1]
[4, 2, 2, 11, 4, 1]
[1, 3, 3, 2, 14, 1, 1]
[4, 4, 1, 1, 2, 3, 1]
[1, 6, 5, 19, 1]
[7, 13, 12, 7]

left_values
[3, 1, 2, 1, 2, 6, 1, 1, 2]
[2, 8, 5, 1]
[2, 3, 1, 1, 4, 1]
[3, 3, 2, 4, 1]
[4, 3, 2, 3, 1]
[2, 5, 3, 2, 4, 1]
[2, 5, 3, 2, 5, 1]
[6, 3, 2, 5]
[3, 4, 2, 2, 2]
[1, 3, 9, 2, 3]
[1, 3, 1, 4, 2, 2]
[1, 5, 3, 2, 2]
[1, 6, 2, 2, 2]
[1, 9, 2, 3, 2, 2]
[1, 8, 5, 5, 1]
[1, 11, 1, 4, 7, 1]
[1, 11, 6, 2, 5, 4, 1]
[9, 1, 2, 5, 2, 2, 2, 2, 1]
[8, 2, 4, 7, 2, 2]
[8, 2, 5, 4, 2, 2, 2]
[3, 3, 2, 1, 4, 5, 2, 2, 2]
[2, 2, 2, 4, 4, 1, 3, 2, 2, 2]
[1, 2, 6, 4, 1, 3, 2, 2, 1]
[2, 2, 2, 4, 2, 3, 2, 4]
[2, 3, 4, 2, 1, 2, 2, 4]
[1, 2, 4, 3, 1, 2, 2, 2, 3]
[1, 2, 2, 2, 3, 1, 2, 2, 2, 2]
[1, 2, 4, 3, 3, 1, 2, 2, 2, 2]
[1, 1, 4, 3, 2, 2, 2, 2, 1, 2]
[1, 2, 2, 3, 3, 1, 2, 2, 2]
[4, 3, 4, 2, 1, 2, 2, 2]
[10, 2, 5, 5, 2, 3, 2, 2]
[8, 2, 7, 4, 1, 1, 2, 2]
[4, 3, 9, 2, 1, 2, 2]
[5, 3, 1, 1, 2, 2]
[3, 2, 2, 3, 2, 1, 5]
[6, 10, 3, 2, 2, 2, 2]
[8, 3, 9, 4, 12]
[8, 2, 12, 4, 3, 2]
[4, 2, 6, 3, 3, 4]
[4, 2, 5, 3, 5, 3]
[1, 6, 3, 1, 1, 1, 1]
[1, 1, 5, 3, 3, 5, 3]
[2, 5, 4, 4, 3, 3, 1]
[2, 4, 3, 1, 2, 2, 1, 1]
[1, 6, 4, 10, 1]
[1, 2, 8, 3, 2, 2, 1]
[1, 2, 4, 4, 4, 2, 2, 1]
[1, 2, 3, 4, 3, 1]
[2, 4, 3, 4, 4, 1, 4, 9, 7]
