Puzzle number: 60491
width:  25
height:  25
solved_count:  2236
AVE_TIME:  '00:15:38'
ave_time_count:  735

top_values
[1, 1]
[2, 3]
[1, 1, 1]
[4, 3]
[2, 1, 4, 1]
[2, 4, 6, 3]
[2, 1, 1, 4, 1]
[2, 1, 2, 5, 4]
[2, 1, 1, 1, 1, 3, 2]
[1, 1, 1, 2, 1, 1, 2, 1]
[1, 1, 1, 1, 1, 1, 1, 1, 1, 1]
[2, 1, 1, 2, 7, 1, 4]
[1, 1, 1, 1, 1, 1, 2]
[2, 1, 1, 2, 5, 1, 1]
[2, 1, 1, 1, 2, 2, 1, 1]
[2, 1, 2, 1, 1, 3, 1]
[2, 1, 1, 7, 4]
[3, 2, 2]
[1, 1, 1, 2, 2, 1]
[4, 2, 2, 2, 8]
[2, 2, 4, 1]
[3, 5, 3]
[4, 1, 1, 1]
[2, 3, 3]
[3, 1, 1]

left_values
[4, 4]
[2, 1, 2, 5]
[2, 1, 1, 2, 4, 1]
[2, 1, 1, 1, 3, 1, 1]
[2, 1, 1, 1, 1, 4, 1]
[3, 1, 1, 1, 1, 1, 1, 3]
[3, 1, 1, 1, 1, 1, 1, 1, 4]
[2, 1, 1, 1, 1, 1, 1, 1, 1, 1, 1, 2]
[23]
[1, 1]
[2, 5, 3, 1]
[1, 1, 1, 2, 1, 2]
[1, 1, 1, 1, 1, 2]
[2, 1, 1, 1, 1, 1]
[1, 2, 1, 1, 1, 1]
[1, 1, 1, 2, 1, 1]
[1, 4, 3, 1]
[1, 2]
[2, 1]
[1, 7, 1]
[1, 1, 1, 1]
[2, 2, 2, 1]
[1, 1, 1, 1, 1, 1, 1, 1, 1]
[1, 1, 1, 2, 2, 2, 1, 1, 1]
[25]
