Puzzle number: 60640
width:  50
height:  50
solved_count:  355
AVE_TIME:  '00:26:31'
ave_time_count:  162

top_values
[1, 4, 2, 4, 1, 2, 1, 1, 3, 2]
[2, 4, 1, 4, 1, 4, 1, 1, 4, 1, 1]
[6, 1, 4, 2, 3, 2, 3, 2, 3]
[8, 4, 2, 4, 1, 1, 3, 1, 4]
[12, 1, 3, 2, 4, 1, 4, 1]
[17, 2, 1, 1, 3, 2, 2, 2]
[20, 1, 5, 2, 1, 4, 1]
[22, 3, 1, 3, 2, 1]
[23, 1, 4, 1, 3]
[27, 3, 1, 4]
[32, 2, 3]
[20, 18]
[20, 2, 15]
[20, 3, 13]
[2, 20, 4, 8]
[4, 19, 4, 3]
[24, 4]
[24, 4]
[24, 4]
[24, 4]
[24, 5]
[24, 7]
[24, 8]
[24, 8]
[24, 8]
[24, 8]
[33]
[33]
[33]
[33]
[33]
[32]
[29]
[24, 1]
[20, 2]
[16, 2]
[15, 2]
[14, 2]
[2, 13, 2]
[7, 12, 3]
[11, 10, 4]
[15, 9, 5]
[18, 8, 6]
[22, 6, 6]
[25, 6, 6]
[27, 5, 6]
[32, 6]
[32, 6]
[31, 6]
[31, 6]

left_values
[6, 17, 7]
[7, 18, 8]
[6, 17, 9]
[8, 17, 11]
[7, 17, 11]
[7, 22, 11]
[2, 30, 11]
[1, 30, 10]
[1, 29, 10]
[34, 10]
[31, 10]
[31, 9]
[2, 29, 9]
[1, 1, 30, 9]
[4, 30, 9]
[34, 8]
[1, 30, 8]
[2, 30, 8]
[1, 31, 7]
[1, 32, 7]
[3, 1, 31, 7]
[3, 32, 7]
[37, 6]
[1, 32, 6]
[2, 7, 15, 6]
[3, 3, 21, 5]
[4, 3, 29, 5]
[1, 7, 30, 5]
[2, 39, 4]
[1, 2, 41]
[1, 3, 30]
[3, 2, 3, 29]
[4, 3, 28]
[3, 3, 14]
[1, 7]
[2, 4, 8]
[4, 5, 9]
[4, 1, 4, 11]
[2, 4, 3, 16]
[1, 7, 17]
[2, 2, 4, 10]
[3, 1, 3]
[1, 5, 4]
[4, 5]
[1, 8]
[2, 6]
[1, 1, 1, 3]
[4, 2, 4]
[4, 1, 3]
[2, 4, 3]
