Puzzle number: 61897
width:  50
height:  45
solved_count:  419
AVE_TIME:  '00:58:52'
ave_time_count:  162

top_values
[2, 1, 1, 1, 3, 1, 1]
[2, 4, 1, 5, 10]
[3, 3, 2, 1, 8, 3]
[6, 5, 2, 3, 3, 3, 1, 1]
[7, 10, 1, 3, 3, 1]
[9, 2, 1, 3, 3, 4, 1]
[11, 2, 16, 1]
[12, 2, 1, 1, 3, 5, 1]
[11, 5, 3, 1, 1, 1, 6, 1]
[11, 1, 2, 1, 1, 1, 6]
[8, 2, 4, 2, 1, 1, 4]
[2, 6, 1, 1, 3, 1, 1, 1]
[4, 3, 2, 5, 5, 1, 1]
[6, 2, 2, 3, 1, 1, 1]
[10, 1, 3, 5, 1, 2]
[5, 3, 1, 5, 3, 1, 1]
[5, 2, 1, 9, 6, 2]
[4, 1, 1, 11, 2, 3, 1]
[5, 2, 1, 13, 1, 3, 1]
[6, 1, 1, 13, 1, 5, 1]
[3, 2, 2, 12, 1, 1, 5]
[2, 2, 1, 12, 1, 1, 2]
[2, 1, 1, 12, 1, 2]
[3, 4, 3, 9, 1, 4]
[6, 1, 2, 5, 6, 1, 1, 2]
[1, 1, 1, 2, 1, 1, 4, 4, 1, 2, 1]
[2, 1, 3, 1, 3, 2, 1, 1, 2]
[3, 1, 1, 1, 3, 2, 1, 1]
[4, 1, 1, 1, 1, 5, 1, 2]
[3, 1, 2, 3, 2, 2, 1, 1]
[6, 2, 4, 4, 2, 2, 2]
[23, 2, 2, 1]
[27, 3, 1, 2]
[28, 3, 1, 2]
[29, 3, 1]
[31, 4]
[28, 2, 1, 1]
[29, 2, 3]
[30, 2, 2]
[31, 1, 2]
[29, 2, 1, 1]
[7, 14, 1, 1, 1]
[8, 13, 3, 2]
[8, 1, 2, 11, 5]
[2, 4, 2, 3, 10, 1, 2]
[1, 6, 2, 2, 10, 1, 1]
[1, 2, 1, 1, 2, 9, 1, 2]
[1, 3, 2, 11, 2]
[1, 1, 1, 2, 10, 1]
[2, 1, 2, 11]

left_values
[9, 6, 2, 2, 14, 1, 1]
[9, 9, 2, 14, 2, 1]
[1, 9, 8, 2, 14, 3, 1]
[2, 8, 8, 6, 12, 1, 2, 1]
[1, 9, 8, 1, 2, 12, 5, 1]
[1, 9, 2, 2, 2, 1, 12, 3, 3]
[3, 9, 3, 2, 11, 5]
[2, 8, 5, 2, 10, 4]
[2, 8, 2, 3, 2, 10, 1]
[2, 6, 2, 2, 3, 11, 3]
[2, 4, 2, 3, 16, 1, 2]
[3, 1, 3, 2, 10, 1, 2]
[3, 3, 3, 11, 1, 2]
[1, 3, 8, 15, 1]
[1, 2, 2, 7, 12, 2]
[3, 1, 1, 1, 1, 6, 2, 12, 2]
[11, 11, 12, 1]
[2, 1, 2, 1, 9, 1, 12, 2]
[3, 1, 2, 8, 6, 13, 2]
[1, 2, 2, 1, 9, 1, 1, 14, 2]
[4, 4, 8, 1, 17, 2]
[1, 1, 1, 3, 1, 8, 2, 17, 2]
[3, 1, 3, 1, 1, 9, 1, 19, 1]
[1, 2, 1, 1, 9, 5, 17]
[12, 9, 1, 18]
[6, 1, 9, 2, 18]
[5, 2, 2, 9, 1, 18]
[4, 2, 1, 1, 9, 1, 17]
[3, 4, 2, 2, 2, 13]
[29, 1, 2, 5]
[8, 1, 2, 2, 2, 3]
[2, 1, 2, 2, 2, 2, 5]
[1, 2, 2, 2, 2, 3, 3]
[1, 1, 3, 1, 6, 1]
[1, 1, 3, 2, 2, 4]
[1, 1, 1, 1, 1, 5]
[1, 1, 2, 2, 3]
[1, 2, 2, 9]
[1, 1, 1, 6, 3]
[1, 1, 2, 7, 3]
[1, 1, 1, 10, 4]
[2, 8, 2, 4]
[10, 1, 3]
[1, 1, 2, 3]
[2, 1, 3]
