Puzzle number: 61901
width:  50
height:  45
solved_count:  413
AVE_TIME:  '00:59:03'
ave_time_count:  163

top_values
[18, 19]
[2, 3, 7, 2]
[2, 5, 4, 1, 1]
[1, 2, 2, 3, 3, 1, 1]
[5, 2, 3, 4, 1]
[3, 2, 4, 3, 1, 1]
[2, 2, 4, 5, 2]
[2, 8, 3]
[2, 4, 1, 3]
[2, 4, 6, 3]
[1, 2, 7, 3, 1, 2]
[5, 1, 5, 6, 2]
[3, 1, 1, 2, 2, 3, 1]
[2, 1, 1, 1, 2, 2, 2]
[2, 2, 2, 1, 4, 1, 3]
[2, 5, 1, 2, 8]
[2, 4, 1, 5, 2]
[2, 5, 2]
[2, 5, 6]
[1, 6, 1, 1, 3, 3]
[1, 1, 6, 8]
[1, 10, 5, 8]
[1, 10, 3, 1, 10]
[1, 1, 1, 4, 1, 3, 2]
[1, 1, 4, 1, 2, 1]
[2, 5, 1, 3, 1]
[1, 5, 2, 3]
[2, 4, 2, 3]
[3, 4, 1, 2]
[2, 5, 1, 1]
[4, 1, 1, 1]
[5, 1, 1, 2]
[3, 1, 2, 1, 2]
[5, 1, 1, 2]
[3, 1, 1, 1, 2]
[3, 1, 2, 2]
[4, 2, 3, 2]
[2, 2, 1, 5, 2]
[6, 1, 1, 4, 1]
[4, 1, 1, 6, 1]
[4, 2, 1, 6]
[3, 1, 1, 9]
[7, 2, 9]
[1, 3, 2, 1, 6]
[2, 4, 1, 1, 2]
[2, 6, 2, 1, 2]
[3, 3, 2, 1, 4]
[2, 5, 1, 1, 1, 3]
[1, 2, 5, 1, 2, 5, 3]
[2, 2, 3, 3, 1, 1, 9, 1]

left_values
[2, 2, 3]
[1, 1, 2, 5]
[1, 2, 8, 1]
[17, 2]
[12]
[1, 4, 4]
[1, 3, 2, 3, 5]
[1, 3, 2, 3]
[1, 2, 4, 2, 2, 2]
[1, 3, 1, 3, 2, 4]
[1, 3, 1, 2, 2, 6]
[4, 1, 2, 2, 7]
[3, 2, 3, 2, 6, 3]
[4, 6, 2, 8, 1, 1]
[1, 3, 3, 2, 7, 2, 2]
[1, 3, 3, 3, 8, 2, 3]
[1, 2, 3, 1, 6, 2, 3, 1]
[1, 2, 5, 11, 3]
[1, 2, 9, 4, 2]
[2, 9, 2, 4]
[3, 14, 4]
[21, 1, 7]
[27, 5]
[12, 1, 6, 6, 1, 1]
[8, 1, 17, 2, 1, 1, 1, 1]
[3, 1, 8, 6, 1, 6, 5, 2, 2]
[2, 1, 3, 1, 2, 2, 5, 9, 4]
[2, 1, 4, 14]
[7, 1, 6, 13]
[1, 4, 2, 8, 7, 2]
[3, 4, 4, 4, 3, 1]
[2, 11, 4, 2, 1]
[1, 1, 2, 3, 1]
[1, 1, 3, 1]
[1, 5, 4]
[1, 5, 7]
[1, 5, 2, 4]
[1, 1, 2]
[1, 2]
[1, 1, 1]
[1, 1]
[2]
[1]
[1]
[1]
