Puzzle number: 62502
width:  25
height:  16
solved_count:  6232
AVE_TIME:  '00:03:04'
ave_time_count:  2280

top_values
[10]
[10]
[10, 2]
[5, 4]
[3, 10]
[2, 12]
[2, 13]
[1, 13]
[1, 5, 2]
[1, 4, 5, 1]
[1, 4, 1, 3, 1, 1]
[1, 4, 2, 1, 2, 1]
[1, 4, 3, 3, 1]
[1, 4, 2, 1, 2, 1]
[1, 4, 1, 3, 1, 1]
[1, 4, 5, 1]
[1, 5, 2]
[1, 13]
[2, 13]
[2, 12]
[3, 10]
[5, 5]
[10, 4]
[10, 2]
[10, 1]

left_values
[25]
[7, 7]
[5, 9, 5]
[4, 13, 4]
[4, 15, 4]
[3, 15, 3]
[3, 5, 5, 3]
[3, 4, 5, 4, 3]
[3, 4, 1, 3, 1, 4, 3]
[3, 4, 2, 1, 2, 4, 3]
[4, 3, 3, 4]
[4, 2, 1, 2, 5]
[5, 1, 3, 1, 6]
[5, 5, 6]
[7, 8]
[23]
