Puzzle number: 6291
width:  20
height:  25
solved_count:  7391
AVE_TIME:  '00:03:41'
ave_time_count:  4340

top_values
[13, 2, 4]
[12, 2, 3]
[10, 2, 2]
[9, 1, 2, 1]
[7, 1, 2, 1]
[5, 1, 1, 2]
[4, 1, 1, 2]
[3, 1, 1, 2]
[2, 2]
[19]
[]
[19]
[1, 14]
[1, 5, 8]
[1, 4, 9]
[2, 5, 4, 3, 1]
[2, 4, 4, 4, 1]
[2, 6, 4, 3, 2]
[3, 10, 4, 3]
[15, 3, 4]

left_values
[10, 9]
[10, 1, 5]
[8, 1, 1, 2]
[7, 1, 1, 1]
[6, 1, 1, 3]
[5, 1, 9]
[5, 1, 9]
[4, 1, 9]
[4, 1, 9]
[3, 1, 3, 1, 3]
[2, 1, 2, 1, 1, 2]
[2, 3, 1, 9]
[1, 1, 9]
[5, 1, 9]
[1, 5, 1, 1]
[1, 4, 1, 1]
[1, 9]
[10, 9]
[10, 9]
[]
[]
[1, 1]
[2, 2]
[3, 3]
[5, 5]
