Puzzle number: 6341
width:  40
height:  25
solved_count:  1830
AVE_TIME:  '00:15:28'
ave_time_count:  753

top_values
[14]
[11, 1]
[9]
[9, 1]
[9, 2]
[4, 2, 2, 1]
[2, 2, 2, 4]
[3, 2, 2]
[2, 1]
[2, 1]
[2, 2, 3]
[2, 1, 4]
[3, 1, 4]
[2, 2, 2]
[2, 2, 2, 1, 1]
[1, 1, 1, 4]
[1, 1, 1, 1, 2]
[1, 1, 2, 2]
[1, 1, 3, 1]
[2, 7, 1, 1]
[3, 7, 1]
[3, 6, 2]
[3, 8, 2]
[13, 3]
[18]
[5, 1, 5, 4]
[9, 2, 1, 5]
[6, 5, 7]
[20]
[5, 2, 1, 2, 5]
[8, 2, 6]
[19, 1]
[18]
[17]
[18]
[8, 3, 4]
[4, 2, 3, 3]
[4, 3, 3, 1]
[6, 3]
[8]

left_values
[20]
[9, 10]
[3, 1, 10]
[2, 1, 8]
[4, 7, 10]
[4, 6, 7]
[3, 15]
[4, 8, 1, 1, 5]
[7, 1, 23]
[14, 8, 9]
[5, 10, 7]
[5, 8, 7]
[4, 3, 2, 7]
[3, 1, 1, 10]
[3, 4, 9, 2]
[2, 7, 6, 1]
[2, 7, 4, 3]
[2, 12, 3]
[1, 14]
[1, 2, 11, 2]
[1, 6, 3, 8, 2, 1]
[1, 3, 3, 1, 1, 6, 3]
[1, 5, 3, 4, 10]
[1, 2, 2, 5, 3, 2]
[1, 2, 1, 4, 1]
