Puzzle number: 63412
width:  25
height:  45
solved_count:  3601
AVE_TIME:  '00:06:39'
ave_time_count:  1531

top_values
[1]
[3]
[5]
[7]
[9, 1]
[11, 2]
[3, 1, 2, 3]
[3, 1, 29]
[3, 28]
[4, 28]
[5, 28]
[5, 3, 28]
[10, 1, 30]
[5, 3, 28]
[5, 1, 28]
[4, 1, 28]
[3, 1, 28]
[3, 1, 29]
[3, 1, 2, 3]
[11, 2]
[9, 1]
[7]
[5]
[3]
[1]

left_values
[5]
[7]
[9]
[11]
[13]
[3, 1, 3]
[3, 1, 3]
[3, 1, 3]
[4, 1, 4]
[5, 3, 5]
[8, 1, 12]
[5, 3, 5]
[4, 4]
[3, 3]
[2, 2]
[2, 1, 2]
[2, 1, 2]
[11]
[11]
[11]
[11]
[11]
[11]
[11]
[11]
[11]
[11]
[11]
[11]
[11]
[11]
[11]
[11]
[11]
[11]
[11]
[11]
[11]
[11]
[11]
[11]
[11]
[13]
[15]
[17]
