Puzzle number: 63704
width:  50
height:  50
solved_count:  399
AVE_TIME:  '00:36:45'
ave_time_count:  120

top_values
[1, 1, 6, 3, 2, 1, 1, 2, 1, 1]
[2, 1, 6, 1, 2, 8, 1, 1, 1, 1, 1, 1, 1]
[1, 1, 6, 14, 1, 1, 1, 1, 2, 1, 1, 1]
[3, 3, 1, 6, 1, 5, 5, 5]
[1, 1, 1, 1, 3, 1, 1, 1, 1, 2, 1, 1, 2, 1, 1, 1]
[2, 3, 3, 1, 14, 1, 3, 2, 2, 1]
[1, 1, 1, 1, 3, 3, 4, 1, 1, 1, 1, 1, 1, 1, 1, 1]
[8, 1, 2, 8, 6, 5, 1]
[1, 1, 1, 1, 14, 1, 1, 1, 1, 1, 1]
[13, 1, 5, 5, 1, 1, 2, 1, 1, 1, 1]
[13, 14, 2, 1, 2, 1, 3]
[1, 3, 4, 1, 1, 17, 5, 5]
[1, 3, 3, 3, 1, 1, 2, 1, 1, 1]
[1, 1, 2, 7, 1, 3, 2, 2, 1]
[1, 3, 10, 1, 1, 1, 1, 1, 1, 1]
[6, 1, 6, 1, 1, 5, 5, 1]
[6, 15, 1, 1, 2, 1, 2, 2, 1, 1]
[1, 3, 7, 1, 13]
[8, 3, 22]
[8, 1, 2, 26]
[2, 4, 3, 3, 8, 1, 1, 1, 1, 2, 2, 1, 1, 1, 1]
[1, 1, 1, 3, 1, 9, 21]
[1, 1, 3, 4, 1, 1, 1, 1, 1, 1, 1, 2, 2, 1, 1, 1, 1]
[5, 2, 1, 1, 9, 7, 6, 1, 6, 2]
[1, 1, 13, 1, 1, 1, 1, 1, 1, 1, 1, 1, 1, 1]
[1, 1, 11, 1, 1, 1, 1, 1, 1, 1, 1]
[1, 1, 1, 1, 1, 1, 1, 1, 1, 1, 1, 1, 1, 1]
[50]
[5, 44]
[1, 3, 3, 3, 3, 3, 3, 3, 3, 3, 3, 3, 3]
[1]
[]
[]
[]
[]
[]
[]
[]
[]
[]
[]
[]
[]
[]
[]
[]
[]
[]
[]
[]

left_values
[1, 1, 3, 3, 4]
[11, 11]
[1, 1, 1, 1, 3, 4, 1, 3]
[1, 6, 3, 3, 4]
[1, 3, 4, 1, 3]
[11, 10]
[1, 1, 1, 2, 4, 1, 1, 3]
[12, 11, 3]
[3, 3, 3, 3, 3]
[3, 2, 3, 3, 2, 5]
[3, 2, 3, 3, 2, 3, 3]
[3, 2, 2, 3, 2, 2, 3]
[3, 9, 3, 3]
[5]
[3, 3]
[1, 1, 1, 1, 1, 1, 1, 1, 1, 1, 1, 3, 3]
[1, 1, 1, 1, 1, 1, 1, 1, 1, 1, 1, 4, 3]
[29]
[24, 3]
[2, 1, 4, 3, 4, 3]
[2, 1, 4, 4, 2, 1, 3]
[4, 4, 4, 9]
[2, 1, 1, 2, 4, 2, 1, 3]
[2, 1, 2, 2, 2, 2, 3, 3]
[2, 1, 2, 2, 2, 2, 3, 1, 3]
[5, 5, 5, 10]
[2, 1, 5, 2, 2, 2, 1, 3]
[2, 1, 5, 2, 2, 2, 1, 3]
[2, 10, 4, 1, 3]
[29]
[2, 1, 3, 2, 1, 2, 1, 1, 3]
[3, 1, 1, 1, 5, 1, 3]
[1, 3, 1, 2, 1, 1, 3]
[16, 11]
[1, 1, 1, 2, 2, 1, 1, 3]
[1, 2, 1, 1, 6, 3]
[1, 1, 1, 2, 2, 1, 1, 3]
[17, 11]
[1, 1, 1, 1, 1, 1, 5, 3]
[3, 1, 2, 1, 2, 1, 1, 3]
[1, 1, 2, 1, 5, 3]
[17, 11]
[1, 1, 1, 1, 1, 2, 2, 1, 1, 3]
[1, 4, 1, 6, 3]
[1, 1, 1, 2, 2, 1, 1, 3]
[17, 11]
[1, 1, 2, 1, 1, 3]
[3, 1, 3, 1, 1, 5, 1, 3]
[1, 2, 2, 1, 1, 3]
[17, 11]
