Puzzle number: 63706
width:  50
height:  50
solved_count:  367
AVE_TIME:  '00:44:28'
ave_time_count:  117

top_values
[1, 1, 5, 28, 1, 2]
[1, 1, 3, 1, 1, 1, 2, 19, 1, 2]
[1, 2, 2, 4, 19, 3, 1, 2]
[6, 4, 3, 19, 7]
[1, 1, 1, 3, 2, 2, 2, 18, 1, 2]
[2, 5, 2, 20, 2, 1, 2]
[1, 1, 3, 1, 2, 1, 1, 1, 1, 1, 1, 1, 1, 2, 3, 2]
[4, 2, 6, 21, 6]
[1, 1, 1, 1, 6, 1, 3, 3, 3, 4, 2, 1, 2]
[1, 1, 2, 2, 9, 1, 1, 1, 1, 1, 2, 1, 2]
[1, 1, 1, 1, 2, 20, 3, 7]
[5, 4, 22, 1, 2]
[1, 1, 1, 1, 8, 5, 1, 2]
[2, 2, 1, 1, 5, 3, 3, 3, 9, 1, 2]
[1, 1, 1, 1, 2, 1, 2, 1, 1, 1, 1, 1, 1, 1, 1, 1, 8, 2]
[4, 11, 1, 5, 5, 3, 1, 7]
[1, 2, 2, 1, 5, 1, 1, 1, 1, 1, 1, 1, 1, 1, 13]
[3, 1, 3]
[47]
[15, 24, 1, 1, 3]
[1, 1, 1, 5, 2, 3, 3, 3, 3, 12]
[11, 5, 3, 1, 1, 2]
[1, 1, 1, 3, 6, 11]
[5, 3, 6, 3, 1, 1, 2]
[1, 1, 2, 4, 11]
[1, 2, 3, 3, 1, 1, 2]
[1, 5, 5, 4]
[12, 5, 1, 1, 1]
[10, 5, 4]
[4, 2, 5, 1, 1]
[2, 2, 4]
[2, 3, 1, 1]
[2, 6]
[2, 2, 1, 1]
[2, 4, 2]
[3, 3, 1]
[3, 1, 4]
[3, 4]
[3, 1, 3]
[1, 4]
[1, 1, 3]
[1, 3]
[2, 1, 2]
[2, 3]
[2, 2]
[3, 2]
[5]
[5]
[4]
[2]

left_values
[1, 1, 1, 2, 2, 1, 1, 3]
[2, 3, 2, 6, 3]
[1, 1, 1, 2, 2, 1, 1, 3]
[17, 12]
[1, 1, 2, 1, 1, 2]
[2, 2, 3, 1, 5, 1, 3]
[4, 1, 2, 1, 1, 3]
[17, 11]
[1, 3, 1, 1, 1, 2, 11]
[2, 2, 1, 1, 2, 5, 3]
[1, 3, 1, 5, 4, 4]
[4, 3, 2, 1, 1, 3, 5]
[1, 2, 3, 7, 2, 4]
[2, 2, 3, 2, 2, 2, 4]
[1, 1, 1, 4, 2, 2, 2, 3]
[1, 2, 1, 3, 2, 2, 1, 3]
[1, 4, 3, 5, 2, 3]
[1, 3, 1, 3, 4, 5]
[2, 3, 2, 1, 1, 3]
[6, 5, 3, 2]
[1, 6, 3, 1, 1, 3]
[4, 1, 1, 3, 1, 3]
[9, 2, 1, 3]
[6, 5, 4, 2]
[9, 2, 1, 1, 3]
[6, 1, 2, 3, 3]
[9, 2, 1, 1, 3]
[6, 5, 4, 2]
[9, 2, 1, 3]
[6, 1, 2, 1, 1, 3]
[9, 2, 1, 3]
[6, 5, 4, 2]
[9, 2, 1, 1, 3]
[6, 1, 2, 3, 3]
[9, 2, 1, 1, 3]
[6, 5, 4, 2]
[9, 1, 1, 3]
[39]
[2, 1, 1, 36]
[1, 1, 1, 20, 4, 6]
[1, 1, 1, 4, 1, 1, 1, 1, 1, 4, 4]
[1, 1, 1, 20, 1, 1, 1, 1, 1, 4]
[1, 1, 1, 2, 1, 1, 1, 1, 1, 6, 1, 1, 1, 1, 4]
[1, 1, 1, 12, 1, 18]
[19, 1, 1, 1, 1, 1, 1, 1, 12]
[1, 1, 1, 6, 1, 1, 8, 5]
[1, 1, 1, 2, 9, 1, 1, 1, 3]
[1, 1, 1, 2, 16]
[17]
[17]
