Puzzle number: 63973
width:  25
height:  25
solved_count:  5295
AVE_TIME:  '00:04:39'
ave_time_count:  2183

top_values
[12, 12]
[12, 12]
[2, 2]
[2, 2]
[2, 17, 2]
[14]
[2, 15, 2]
[2, 3, 2]
[2, 5, 2]
[2, 3, 2]
[2, 5, 3, 2]
[2, 7, 3, 2]
[2, 9, 3, 2]
[2, 3, 3, 2]
[2, 3, 3, 2]
[2, 3, 6, 2]
[2, 3, 3, 2]
[2, 2]
[2, 16, 2]
[14]
[2, 15, 2]
[2, 2]
[2, 2]
[12, 12]
[12, 12]

left_values
[5, 13, 5]
[5, 13, 5]
[2, 2]
[2, 2]
[2, 2]
[2, 3, 5, 3, 2]
[2, 3, 6, 3, 2]
[2, 3, 7, 3, 2]
[2, 3, 3, 3, 2]
[2, 3, 3, 3, 2]
[2, 3, 3, 3, 2]
[2, 3, 7, 3, 2]
[3, 6, 3]
[2, 3, 5, 3, 2]
[2, 3, 1, 3, 2]
[2, 3, 1, 3, 2]
[2, 9, 1, 3, 2]
[2, 9, 3, 2]
[2, 9, 3, 2]
[2, 1, 1, 1, 1, 1, 2]
[2, 1, 1, 1, 2]
[2, 1, 2]
[2, 2]
[5, 13, 5]
[5, 13, 5]
