Puzzle number: 64098
width:  40
height:  50
solved_count:  323
AVE_TIME:  '00:35:32'
ave_time_count:  100

top_values
[6, 3, 2, 18, 2]
[6, 1, 7, 9, 3]
[4, 6, 1, 10, 9]
[3, 2, 5, 7, 6]
[1, 14]
[2, 1, 1, 8, 5]
[4, 17]
[5, 16]
[9, 2, 14]
[4, 5, 1, 15]
[3, 5, 19]
[4, 3, 18, 3]
[3, 2, 6, 15]
[3, 3, 4, 16]
[4, 3, 5, 4, 11]
[6, 2, 5, 11, 3]
[2, 4, 2, 3, 2, 6, 1]
[2, 1, 1, 5, 1, 6]
[3, 1, 4, 1, 7]
[3, 1, 5, 1, 5, 3]
[1, 2, 4, 1, 10]
[3, 1, 3, 1, 10]
[1, 1, 7, 1, 10]
[2, 1, 3, 1, 1, 6, 3]
[2, 1, 3, 2, 1, 6, 3]
[1, 1, 3, 2, 1, 5, 2]
[2, 5, 2, 2, 5, 2]
[1, 1, 3, 3, 1, 6, 4]
[1, 1, 4, 3, 1, 6, 5]
[4, 3, 2, 5, 5]
[2, 5, 6, 5]
[3, 5, 2, 3, 5]
[2, 5, 6, 3]
[3, 7, 3, 4]
[24]
[10, 8]
[8, 7]
[7, 7]
[12]
[7]

left_values
[2]
[3]
[3]
[4]
[4]
[2, 1]
[]
[1, 1]
[2, 1]
[1, 1]
[1]
[1, 3]
[1, 9, 4]
[1, 7, 5, 4, 1]
[1, 1, 11, 2, 2, 2]
[1, 7, 3, 1, 1]
[1, 6, 2, 3, 1, 1]
[2, 3, 2, 2, 2, 3]
[4, 9, 3, 6]
[4, 8, 2, 5, 1]
[4, 1, 4, 2, 2, 7, 2]
[4, 3, 12, 1]
[4, 1, 3, 2, 8, 1]
[3, 2, 12, 1]
[1, 3, 3, 10, 3, 1]
[17, 2]
[8, 5, 3, 1]
[13, 3, 1]
[2, 10, 3, 1]
[12, 4, 1]
[12, 4, 1]
[3, 9, 6]
[14, 6]
[5, 9, 8]
[1, 14, 3, 5]
[15, 3, 5]
[17, 4, 1, 5]
[14, 5, 8]
[11, 6, 5]
[9, 8, 7]
[9, 19]
[2, 6, 16, 2]
[23, 2, 1]
[18, 7]
[14, 7]
[3, 7, 4, 7]
[2, 2, 3, 5, 7]
[3, 7, 6, 6]
[2, 15, 6]
[2, 14, 6]
