Puzzle number: 64100
width:  40
height:  50
solved_count:  465
AVE_TIME:  '00:16:27'
ave_time_count:  141

top_values
[8, 8, 5, 4]
[9, 3, 2, 5, 4]
[9, 2, 8, 4]
[9, 1, 3, 4, 2]
[12, 2, 2, 2]
[8, 3, 6, 2, 1]
[8, 3, 4, 2]
[8, 4, 3, 3]
[8, 2, 3, 3]
[9, 6]
[12, 3]
[13, 2]
[2, 8, 2]
[1, 9, 2]
[12]
[1, 3, 5]
[3, 4, 4]
[8, 3]
[7, 3]
[1, 9]
[4, 7, 4]
[7, 2, 11]
[2, 22]
[4, 18]
[5, 16]
[8, 10]
[9, 8]
[12, 5]
[4, 14]
[16]
[7, 8]
[12, 2]
[2, 11]
[2, 10]
[12]
[6, 4]
[10]
[9]
[7]
[3]

left_values
[2, 21]
[3, 2, 20]
[4, 2, 2, 9, 6]
[4, 1, 19]
[2, 9, 2, 2, 4, 10]
[2, 15, 2, 14]
[20, 3, 10, 3]
[20, 2, 5, 7]
[15, 4, 3, 12]
[15, 2, 3, 10]
[16, 3, 3, 9]
[8, 7, 2, 3, 8]
[5, 4, 13, 3, 2]
[3, 4, 13, 5]
[4, 1, 7, 5, 4]
[11, 11]
[10, 9]
[5, 8]
[1, 8]
[7]
[6]
[5]
[5]
[5]
[1, 3]
[2, 2]
[3]
[3]
[3]
[4, 1]
[3]
[2]
[1]
[1]
[1]
[9]
[9]
[2, 2]
[3]
[4]
[5]
[5]
[4]
[]
[]
[]
[3]
[6]
[5]
[3]
