Puzzle number: 64117
width:  25
height:  25
solved_count:  3192
AVE_TIME:  '00:11:54'
ave_time_count:  1506

top_values
[5]
[8]
[2, 1, 4]
[3, 8]
[9, 2]
[2, 2, 2, 2]
[6, 5]
[13]
[4, 4, 2]
[5, 1, 6]
[17]
[19]
[21]
[10, 8]
[10, 8]
[2, 6, 7]
[1, 4, 6]
[2, 3, 2, 4]
[4, 4, 3]
[2, 2, 1, 1]
[1, 1, 2]
[2, 1, 2]
[1, 2, 5]
[2, 8]
[2, 3]

left_values
[2]
[5]
[3, 2]
[5, 2]
[10]
[10, 1]
[13, 2]
[14, 3]
[3, 10, 3]
[4, 9, 2]
[2, 4, 4, 2]
[13, 2]
[2, 2, 2, 3, 5]
[2, 2, 2, 3, 2]
[13, 2]
[7, 4, 2]
[3, 2, 5, 2]
[13, 2]
[13, 2]
[8, 2]
[8, 2]
[8, 2]
[7, 2]
[8]
[3]
