Puzzle number: 64604
width:  50
height:  50
solved_count:  1718
AVE_TIME:  '00:18:05'
ave_time_count:  296

top_values
[1, 5, 4]
[2, 4, 3]
[2, 4, 2]
[1, 4, 2]
[2, 3, 2]
[2, 3, 3]
[1, 3, 3]
[2, 3, 3]
[6, 4]
[5, 4]
[4, 4]
[3, 5]
[2, 6]
[2, 7, 1]
[2, 7, 2]
[1, 6, 3]
[7, 4]
[5, 5]
[3, 8]
[1, 10]
[11]
[11, 1]
[12]
[11]
[9]
[2, 2]
[2]
[]
[]
[]
[]
[]
[]
[]
[]
[]
[]
[]
[]
[]
[10]
[22, 3]
[5, 15, 7]
[19, 5]
[5, 12, 4]
[5, 17, 3]
[3, 13, 6, 1]
[10, 13]
[7, 20]
[7, 25]

left_values
[13, 2]
[11, 3, 3]
[5, 4, 4, 3]
[3, 4, 4, 5]
[4, 5, 5, 1]
[4, 4, 4, 1, 1]
[3, 5, 7, 2]
[3, 5, 6, 2, 1]
[3, 4, 5, 2, 1]
[3, 5, 5, 1, 2]
[4, 5, 5, 1, 1]
[3, 5, 4, 1, 1, 1]
[2, 3, 5, 2, 2, 1]
[1, 3, 4, 2, 2, 2]
[1, 3, 3, 2, 1, 2]
[3, 4, 2, 1, 3]
[2, 3, 2, 2, 3]
[2, 3, 2, 1, 4]
[2, 3, 4, 3]
[2, 3, 4, 3]
[3, 2, 4, 2]
[2, 3, 4, 2]
[2, 2, 3, 2]
[1, 2, 3, 3]
[2, 3, 3]
[3, 2, 1]
[6, 1]
[6, 1]
[5, 2]
[5, 2]
[4, 2]
[4, 2]
[4, 2]
[3, 3]
[3, 3]
[2, 3]
[6]
[6]
[5]
[5]
[4]
[1, 4]
[1, 3]
[2, 3]
[2, 3]
[3, 3]
[3, 2]
[4, 2]
[3, 1]
[4, 1]
