Puzzle number: 64632
width:  50
height:  50
solved_count:  1167
AVE_TIME:  '00:55:43'
ave_time_count:  161

top_values
[7, 2, 2, 2, 1, 5]
[1, 2, 2, 2, 3, 3, 2]
[3, 2, 3, 1, 5]
[3, 1, 2, 2, 7]
[3, 2, 2, 2, 5]
[2, 2, 2, 2, 5, 4]
[1, 1, 2, 6, 6]
[2, 2, 3, 2, 2]
[2, 2, 3, 2, 4]
[2, 3, 3, 3, 4, 5]
[3, 5, 3, 3, 2, 3, 3]
[9, 7, 4, 2, 3]
[11, 5, 3, 1, 2, 1, 3]
[2, 10, 3, 2, 2, 2, 3]
[2, 4, 2, 4, 3, 2, 4]
[3, 3, 1, 2, 7, 2, 2]
[1, 2, 4, 2, 3, 3, 5, 2]
[1, 2, 4, 2, 7, 5, 3]
[1, 2, 3, 1, 6, 5, 4]
[1, 2, 4, 2, 3, 2, 2, 2, 4]
[1, 2, 3, 5, 1, 3, 2, 4]
[1, 3, 3, 6, 4, 7]
[1, 3, 3, 2, 3, 3, 1, 7]
[1, 3, 3, 3, 3, 2, 2, 7]
[5, 5, 3, 3, 2, 3, 3]
[11, 4, 3, 2, 4, 3]
[2, 8, 6, 2, 6, 3]
[4, 4, 3, 2, 3, 7, 4, 3]
[5, 2, 7, 7, 4, 2, 1]
[7, 3, 9, 12, 2, 3]
[5, 3, 2, 17, 1, 1, 1]
[3, 3, 1, 15, 2, 1, 2, 2]
[3, 4, 3, 4, 6, 2, 1, 3, 1]
[4, 3, 4, 1, 7, 2, 2, 3, 2]
[1, 2, 3, 1, 3, 14, 3, 2]
[1, 2, 2, 2, 3, 15, 3, 2]
[1, 2, 2, 2, 3, 12, 2, 2, 3]
[1, 2, 2, 2, 2, 4, 7, 1, 2, 3]
[1, 2, 1, 5, 4, 2, 2, 1, 3]
[1, 1, 2, 4, 6, 2, 3, 4]
[3, 1, 1, 7, 2, 3, 4]
[3, 3, 5, 2, 2, 3, 3]
[2, 1, 4, 2, 3, 4, 2]
[2, 4, 1, 3, 1, 2, 2]
[3, 5, 2, 1, 1, 2, 5]
[3, 8, 1, 3, 6]
[3, 2, 4, 1, 2, 7]
[3, 1, 4, 2, 2, 7]
[3, 3, 1, 10]
[3, 3, 1, 9]

left_values
[2, 3, 15, 1, 16]
[1, 3, 7, 4, 5, 6]
[1, 3, 5, 2, 2, 1, 13, 3]
[1, 2, 2, 2, 3, 7, 2, 6, 3]
[3, 3, 2, 11, 2, 3]
[2, 2, 4, 5, 2, 2, 3]
[1, 3, 5, 2, 2, 2]
[2, 7, 5, 1]
[2, 2, 4, 5]
[1, 2, 2, 2, 5]
[2, 1, 3, 6]
[2, 3, 1, 7]
[2, 4, 8, 2]
[3, 12, 5]
[4, 9, 7]
[2, 7, 3, 4]
[2, 5, 2, 6]
[2, 2, 4, 11]
[2, 5, 4, 10, 3]
[2, 5, 2, 9, 4, 1]
[8, 2, 3, 2, 1, 8]
[4, 3, 3, 2, 9]
[4, 1, 1, 6, 7, 2]
[6, 11, 7, 7]
[4, 8, 9, 6, 4]
[4, 3, 2, 4, 3, 6]
[1, 2, 2, 3, 4, 1, 6]
[3, 7, 4, 3, 6]
[2, 1, 3, 1, 2, 6, 4, 9]
[1, 7, 2, 9, 5, 3, 5]
[7, 17, 3, 6]
[3, 2, 3, 24]
[1, 1, 3, 18]
[3, 5, 18]
[5, 25]
[2, 4, 10, 9, 3]
[2, 4, 3, 3, 4, 5, 6]
[2, 2, 3, 26]
[10, 20, 7]
[23, 2, 3]
[13, 4, 5]
[10, 3, 2]
[2, 5, 2]
[2, 5, 4]
[1, 19]
[11, 6]
[1, 4, 11]
[3, 14]
[11, 6]
[8, 5]
