Puzzle number: 64800
width:  40
height:  40
solved_count:  1207
AVE_TIME:  '00:16:11'
ave_time_count:  433

top_values
[11, 6]
[9, 4]
[8, 3]
[7, 2]
[6, 1]
[5, 1]
[4, 1, 1]
[3, 2, 2, 2]
[3, 5, 1, 1]
[2, 7, 1, 1, 1]
[1, 9, 1, 2, 6]
[1, 13, 8]
[13, 9]
[13, 10]
[15, 11]
[26]
[26]
[25]
[25]
[25]
[25]
[25]
[25]
[25]
[25]
[26]
[14, 11]
[14, 9]
[1, 12, 8]
[1, 13, 6]
[2, 11, 2, 4]
[3, 10, 1, 1, 1]
[3, 8, 1, 1]
[4, 5, 1, 2]
[5, 2, 1]
[6, 1, 1]
[7, 2, 2]
[8, 1, 3]
[9, 4]
[11, 6]

left_values
[12, 12]
[10, 10]
[9, 9]
[7, 7]
[6, 6]
[5, 5]
[4, 4]
[3, 3]
[2, 2]
[1, 1]
[1, 2, 1]
[3, 3]
[6, 5]
[7, 7]
[9, 9]
[25]
[24]
[24]
[22]
[22]
[22]
[20]
[28]
[3, 19, 3]
[21, 2]
[4, 15, 4]
[2, 14, 2]
[13]
[11]
[13]
[14]
[16]
[18]
[18]
[1, 20, 1]
[1, 20, 1]
[2, 21, 2]
[3, 21, 3]
[4, 21, 4]
[5, 23, 5]
