Puzzle number: 65259
width:  30
height:  30
solved_count:  2198
AVE_TIME:  '00:10:26'
ave_time_count:  630

top_values
[11, 3, 1]
[10, 2, 2]
[9, 6]
[8, 6]
[7, 5]
[6, 4]
[4, 4]
[3, 3]
[3, 4, 1]
[3, 5, 2]
[2, 5, 3]
[2, 3, 9]
[1, 4, 10]
[2, 10]
[1, 6, 9]
[7, 9, 2]
[4, 13]
[2, 14]
[3, 9, 4]
[4, 9, 4]
[15, 4]
[11, 4, 2]
[6, 5, 4]
[2, 11]
[15]
[5, 7, 1]
[3]
[5]
[6, 1]
[7, 2]

left_values
[12, 5]
[14, 4]
[10, 2, 2]
[7, 3, 2]
[6, 2, 2]
[6, 2, 2]
[5, 2, 2]
[4, 1, 2]
[3, 1, 3]
[2, 4]
[1, 4]
[3, 1]
[1, 4, 2]
[1, 5, 2]
[2, 4, 2]
[2, 4, 2]
[1, 5, 3]
[5, 2]
[6, 2]
[7, 4, 1]
[8, 4, 1]
[10, 5, 1]
[10, 6, 2]
[12, 7, 2]
[20, 3, 2]
[21, 4, 3]
[7, 9, 2, 2]
[1, 4, 5, 3, 2, 3]
[4, 5, 3, 2, 2, 1]
[4, 5, 3, 5]
