Puzzle number: 6545
width:  25
height:  20
solved_count:  3827
AVE_TIME:  '00:11:46'
ave_time_count:  1993

top_values
[3]
[2]
[4, 1]
[2, 2, 1]
[2, 2, 1]
[4, 4, 1]
[11, 2]
[4, 7, 2]
[5, 11]
[2, 1, 10, 1]
[1, 1, 9, 1]
[1, 10]
[9]
[10]
[9, 1]
[1, 2, 10, 1]
[2, 2, 11]
[3, 2, 8, 2]
[9, 3, 2]
[7, 4, 1]
[2, 2, 1]
[4, 2, 1]
[1]
[2]
[2]

left_values
[3]
[4, 3]
[3, 1, 3]
[3, 1, 2, 2]
[4, 4]
[1, 4, 3]
[1, 2, 2, 1]
[1, 2, 1, 1, 2, 1]
[2, 2, 7, 3, 1]
[1, 2, 13, 2]
[1, 14, 2, 1]
[2, 15, 2]
[23]
[19]
[11]
[13]
[4, 9, 4]
[3, 3]
[2, 2]
[3, 3]
