Puzzle number: 6573
width:  27
height:  14
solved_count:  9011
AVE_TIME:  '00:07:09'
ave_time_count:  4512

top_values
[10]
[1, 2]
[1, 2]
[1, 2]
[4, 2]
[1, 7, 2]
[1, 1, 2]
[1, 1, 2]
[1, 1, 2]
[1, 3]
[1, 3]
[1, 3]
[1, 2]
[12]
[1, 2]
[1, 2]
[1, 1, 1, 1, 2]
[1, 1, 1, 1, 2]
[1, 1, 1, 1, 2]
[1, 1, 1, 1, 2]
[1, 1, 1, 1, 2]
[1, 1, 1, 1, 2]
[1, 1, 1, 1, 2]
[1, 1, 2]
[1, 1]
[1, 5]
[7]

left_values
[5]
[1, 3, 7]
[4, 4, 3]
[1, 1, 1, 1]
[1, 1, 1, 8, 1]
[1, 1, 1, 1]
[1, 1, 1, 7, 1]
[1, 1, 1, 2]
[1, 1, 1, 7, 2]
[1, 1, 1, 2]
[1, 4, 1, 1]
[1, 3, 1, 1]
[25]
[23]
