Puzzle number: 65853
width:  50
height:  35
solved_count:  892
AVE_TIME:  '00:03:26'
ave_time_count:  391

top_values
[]
[]
[]
[]
[]
[]
[2]
[3]
[4]
[5]
[6]
[7]
[8]
[10]
[12]
[14]
[16]
[18]
[18]
[17]
[16]
[16]
[15]
[15]
[16]
[17]
[18]
[24]
[30]
[31]
[31]
[31]
[30]
[3, 23]
[21]
[20]
[19]
[17]
[16]
[15]
[14]
[6, 8]
[5, 7]
[3, 6]
[1, 5]
[2, 4]
[2, 3]
[2, 2]
[2, 1]
[2, 2]

left_values
[]
[]
[]
[]
[3]
[5]
[6]
[6]
[6]
[5]
[5]
[6]
[7]
[7]
[8]
[9]
[10]
[2, 11]
[3, 13]
[6, 15, 2]
[24, 5]
[29, 2]
[28, 2]
[29, 2]
[28, 2]
[29, 1]
[28]
[30]
[32]
[34]
[36]
[38]
[40]
[42, 1]
[44]
