Puzzle number: 661
width:  25
height:  25
solved_count:  5001
AVE_TIME:  '00:11:46'
ave_time_count:  2396

top_values
[2]
[1, 9, 6]
[8, 2, 7]
[1, 8, 2, 3]
[2, 3, 7]
[2, 4, 6]
[12, 3]
[1, 5, 5, 3, 4]
[16, 3, 1]
[1, 5, 5, 3, 4]
[12, 3]
[2, 4, 6]
[2, 3, 7]
[1, 8, 2, 3]
[8, 2, 7]
[1, 9, 6]
[2, 2, 2]
[2, 1]
[1, 2]
[15]
[1, 5, 2, 8]
[7, 13]
[1, 5, 2, 8]
[15]
[1]

left_values
[1, 1]
[3, 3]
[1, 1]
[1, 1]
[3, 1]
[1, 5, 1, 1]
[3, 7, 3, 3]
[1, 7, 1, 1, 1]
[1, 5, 1, 1, 1]
[3, 1, 1, 1, 3, 3]
[5, 1, 1, 1, 5, 5]
[5, 5, 5, 1, 1, 1]
[3, 5, 3, 1, 1, 1]
[1, 1, 5, 1, 1, 5]
[1, 11, 1, 5]
[15, 1, 1, 1]
[6, 6, 1, 1, 1]
[1, 1, 3, 1, 1, 7]
[3, 5, 3, 5]
[16, 5]
[2, 3, 3, 4, 5]
[2, 2, 3, 2, 2, 7]
[5, 1, 1, 5, 3, 2]
[5, 1, 1, 6, 2, 2]
[5, 1, 1, 7, 2, 2]
