Puzzle number: 66206
width:  20
height:  15
solved_count:  6399
AVE_TIME:  '00:04:45'
ave_time_count:  1928

top_values
[15]
[1, 1, 1, 1, 1, 2]
[1, 1, 1, 1, 1, 1, 1]
[1, 1, 1, 3, 2]
[15]
[1, 1]
[1, 7]
[7, 2, 2]
[1, 1, 1, 1, 1]
[1, 1, 1, 2, 2, 2]
[1, 1, 1, 2, 1, 1, 1]
[1, 1, 1, 2, 2, 2]
[1, 1, 1, 2, 1, 1, 1]
[1, 1, 1, 2, 2, 2]
[1, 1, 2, 1, 1, 1]
[1, 1, 2, 5]
[1, 1, 1]
[7, 1, 3]
[5]
[3]

left_values
[5]
[1, 1, 11]
[5, 1, 1]
[1, 1, 1, 5, 1]
[1, 1, 1, 1, 1]
[1, 4, 7, 1]
[5, 1, 1]
[1, 1, 11]
[1, 3, 7]
[5, 1]
[1, 2, 13]
[2, 2, 2, 1, 1, 1, 1, 1]
[1, 1, 1, 1, 1, 1, 1, 2, 3]
[2, 2, 2, 1, 1, 1, 1, 3]
[5, 10, 3]
