Puzzle number: 66358
width:  30
height:  30
solved_count:  3206
AVE_TIME:  '00:14:02'
ave_time_count:  1265

top_values
[6, 11]
[4, 1, 2, 7]
[4, 2, 6]
[5, 2, 1, 2, 7]
[5, 3, 10]
[16, 1, 2, 1]
[4, 3, 7, 3, 3]
[4, 2, 11, 4, 1]
[4, 3, 7, 3, 3]
[16, 1, 2, 1]
[5, 14]
[5, 17]
[7, 12]
[17, 6]
[2, 1, 1, 1, 8, 1, 4]
[2, 1, 1, 1, 8, 1, 4, 1]
[17, 6]
[7, 12]
[5, 17]
[5, 14]
[16, 1, 2, 1]
[4, 3, 7, 3, 3]
[4, 2, 11, 4, 1]
[4, 3, 7, 3, 3]
[16, 1, 2, 1]
[5, 3, 10]
[5, 2, 1, 2, 7]
[4, 2, 6]
[4, 1, 2, 7]
[6, 11]

left_values
[2]
[4]
[1, 1]
[1, 1, 1, 4, 1, 1, 1]
[2, 3, 2, 1, 1, 2, 3, 2]
[9, 4, 9]
[9, 1, 1, 9]
[4, 4, 4, 4, 4]
[2, 2, 1, 1, 2, 2]
[5, 4, 5]
[5, 6, 5]
[2, 2, 6, 2, 2]
[1, 1, 1, 1, 6, 1, 1, 1, 1]
[2, 1, 1, 1, 8, 1, 1, 1, 2]
[3, 5, 8, 5, 3]
[30]
[30]
[1, 1, 8, 1, 1, 8, 1, 1]
[1, 1, 8, 2, 8, 1, 1]
[1, 1, 10, 10, 1, 1]
[30]
[2, 2, 1, 10, 1, 2, 2]
[1, 1, 3, 10, 3, 1, 1]
[2, 4, 14, 4, 2]
[5, 3, 4, 4, 3, 5]
[5, 1, 3, 3, 1, 5]
[13, 13]
[13, 1, 13]
[5, 1, 1, 3, 3, 1, 1, 5]
[4, 1, 1, 1, 2, 2, 1, 1, 1, 4]
