Puzzle number: 66468
width:  35
height:  35
solved_count:  2504
AVE_TIME:  '00:14:58'
ave_time_count:  915

top_values
[3]
[6]
[20, 6]
[2, 2, 6]
[1, 1, 3]
[1, 16, 6]
[1, 1, 1, 6]
[1, 1, 1, 1, 3]
[1, 1, 1, 1, 3]
[1, 1, 1, 1, 3]
[1, 1, 1, 1, 1, 3]
[2, 1, 1, 2, 1, 3]
[1, 3, 1, 3, 2, 3, 1, 3]
[2, 3, 1, 1, 1, 1, 2, 1, 1, 3]
[5, 1, 1, 6, 1, 1, 3]
[3, 1, 1, 1, 1, 1, 1, 1, 3]
[5, 1, 3, 2, 1, 2, 1, 3]
[2, 3, 1, 1, 3, 1, 3]
[1, 3, 1, 1, 1, 1, 3]
[2, 1, 1, 1, 3]
[1, 1, 1, 1, 3]
[1, 1, 1, 1, 3]
[1, 1, 1, 1, 3]
[1, 1, 1, 1, 3]
[1, 1, 1, 1, 3]
[1, 1, 1, 1, 3]
[1, 16, 1, 3]
[1, 6]
[1, 1, 1, 1, 1, 1, 1, 1, 6]
[1, 1, 3]
[2, 2, 3]
[20, 6]
[6]
[6]
[3]

left_values
[2, 2]
[2, 2]
[1, 1]
[7]
[9]
[28]
[2, 2]
[1, 1]
[1, 22, 1]
[1, 1, 1, 1]
[1, 1, 3, 1, 1, 1]
[1, 1, 1, 1, 1, 1]
[1, 1, 1, 1, 1, 1, 1]
[1, 1, 1, 1, 1, 1]
[1, 1, 1, 3, 1, 1, 1, 1]
[1, 1, 2, 1, 2, 1, 1]
[1, 1, 5, 1, 1, 1]
[1, 1, 1, 1, 1]
[1, 1, 1, 1, 1, 1]
[1, 1, 3, 1, 1]
[1, 1, 1, 1, 1, 1, 1]
[1, 1, 1, 1, 1, 1]
[1, 1, 2, 2, 1, 1, 1]
[1, 22, 1]
[1, 1]
[2, 2]
[28]
[2, 2]
[2, 2]
[35]
[35]
[35]
[3, 3]
[3, 3]
[3, 3]
