Puzzle number: 66759
width:  50
height:  50
solved_count:  1436
AVE_TIME:  '00:02:52'
ave_time_count:  425

top_values
[42]
[43]
[45]
[47]
[50]
[50]
[50]
[50]
[50]
[50]
[50]
[50]
[50]
[50]
[50]
[50]
[50]
[50]
[50]
[50]
[48]
[46]
[44]
[43]
[42]
[31]
[30]
[1, 29]
[1, 28]
[1, 27]
[28]
[28]
[28]
[28]
[28]
[29]
[30]
[29]
[29]
[30]
[31]
[31]
[31]
[32]
[32]
[31]
[33]
[33]
[16, 18]
[16, 17]

left_values
[16, 3]
[16]
[17]
[18]
[19]
[20]
[21]
[23]
[25]
[25]
[25]
[25]
[25]
[25]
[25]
[25, 2]
[25, 2]
[25, 4]
[25, 2, 4]
[26, 10]
[27, 1, 11]
[28, 15]
[29, 20]
[50]
[50]
[50]
[50]
[50]
[50]
[50]
[50]
[48]
[49]
[50]
[50]
[50]
[50]
[50]
[50]
[50]
[50]
[50]
[50]
[50]
[50]
[50]
[50]
[50]
[50]
[50]
