Puzzle number: 67085
width:  40
height:  40
solved_count:  833
AVE_TIME:  '00:20:33'
ave_time_count:  191

top_values
[]
[]
[]
[]
[]
[]
[]
[]
[2]
[1]
[3]
[1, 2]
[1, 14]
[2, 8, 1]
[1, 9, 1]
[2, 5, 2]
[1, 12]
[15, 1]
[1, 2, 1, 5, 1]
[2, 1, 2]
[3]
[]
[]
[1]
[3]
[1, 2, 1]
[2, 1, 2]
[5, 3]
[3, 3]
[3, 3]
[4, 2]
[2, 3]
[4, 3, 12]
[6, 3, 4, 6]
[3, 3, 3, 3, 1, 1, 1]
[2, 2, 3, 2, 2, 5, 6]
[7, 3, 3, 2, 1, 5]
[2, 4, 3, 6, 3, 1, 5]
[1, 3, 4, 3, 2, 1, 2, 5]
[4, 3, 2, 1, 3, 4]

left_values
[1, 4, 4, 5, 8]
[1, 1, 1, 1, 1, 1, 1, 2, 7]
[3, 1, 1, 2, 2, 2, 3, 1]
[2, 2, 1, 4, 2, 2]
[1, 2, 1, 3, 4]
[1, 1, 1, 1, 2, 2]
[7, 2, 4]
[6, 1, 1, 2]
[6, 1, 4]
[6, 2, 1, 2]
[6, 1, 2, 1]
[3, 3, 2, 3]
[3, 3, 1, 3]
[3, 3, 2, 1]
[1, 1, 3, 1, 2]
[1, 2, 1, 2, 1]
[5, 1, 1, 1]
[4, 2]
[2]
[1]
[2]
[1]
[2, 1]
[7]
[8]
[2, 3]
[1]
[1, 2, 1]
[1, 1, 3]
[1, 1, 1]
[1, 1, 3]
[1, 3, 1]
[1, 3]
[1, 1]
[4]
[1, 4]
[1, 5]
[3, 1, 5]
[5, 1, 5]
[6, 1, 5]
