Puzzle number: 67107
width:  40
height:  40
solved_count:  795
AVE_TIME:  '00:23:35'
ave_time_count:  193

top_values
[9, 27, 2]
[7, 26, 1]
[4, 28]
[2, 4, 1, 1]
[1, 32, 4]
[4, 3, 1, 1]
[5, 2, 1, 2]
[4, 1, 1, 2]
[4, 2, 3, 1]
[5, 4, 5]
[4]
[4]
[5]
[4]
[4]
[5]
[5]
[4]
[6]
[5]
[4, 2]
[5, 15, 4]
[5, 3, 1, 5, 2, 2, 3]
[5, 2, 3, 9, 2]
[5, 4, 1, 1, 3, 2]
[5, 1, 1, 5, 2]
[5, 7, 2]
[5, 9, 1]
[5, 11, 1]
[5, 3, 9, 1]
[6, 4, 8, 1]
[3, 5, 3, 11, 1]
[1, 3, 7, 4, 1]
[1, 1, 8, 6, 1]
[1, 8, 8, 1]
[1, 2, 4, 10]
[1, 1, 3, 2, 7]
[1, 2, 2, 3, 7]
[4, 6, 3, 7]
[6, 4, 7]

left_values
[5, 1, 1]
[4, 1, 1]
[3, 3, 1, 1]
[3, 6, 7]
[2, 9, 1]
[2, 13, 1]
[2, 1, 14, 2]
[1, 1, 1, 15, 2]
[1, 1, 1, 15, 3]
[2, 1, 16, 4]
[3, 1, 16, 1, 1]
[3, 1, 1, 12, 2, 1]
[3, 1, 9, 1, 1]
[3, 1, 5, 2, 2]
[3, 1, 2, 4]
[3, 1, 4]
[3, 1, 4]
[3, 1, 3, 4]
[3, 1, 5, 5, 1]
[3, 1, 2, 1, 4, 2]
[3, 1, 1, 1, 5, 2]
[3, 1, 3, 2, 1, 3]
[3, 1, 1, 1, 2, 1, 1]
[3, 1, 1, 2, 1, 1, 2]
[3, 1, 2, 1, 2, 1, 2]
[3, 1, 4, 3, 1, 1]
[3, 1, 3, 6, 2]
[3, 1, 3, 7, 6]
[3, 5, 3, 7, 7]
[3, 3, 2, 1, 9, 7]
[6, 1, 1, 1, 17]
[5, 1, 19]
[5, 2, 3, 14]
[9, 1, 11]
[3, 2, 1]
[1, 1, 1]
[1, 2, 1, 1]
[1, 1, 2]
[1, 4, 2, 7]
[2, 1, 1, 1, 15]
