Puzzle number: 67110
width:  40
height:  40
solved_count:  835
AVE_TIME:  '00:32:13'
ave_time_count:  206

top_values
[13, 1, 1, 4, 4]
[14, 1, 1, 4, 4]
[15, 1, 1, 4, 4]
[15, 1, 1, 4, 4]
[15, 1, 1, 4, 4]
[15, 3, 4, 4]
[15, 2, 4, 4]
[14, 2, 4, 4]
[14, 2, 4, 4]
[14, 1, 1, 4]
[15, 5, 3]
[14, 1, 3, 4]
[13, 1, 2, 5]
[12, 1, 3, 4]
[12, 2, 4]
[12, 4]
[11, 6, 4]
[9, 8, 4]
[6, 5, 2, 3]
[1, 4, 5, 1, 3]
[1, 3, 4, 1, 3]
[3, 1, 5, 2, 3]
[3, 1, 5, 5, 5, 3]
[4, 1, 4, 1, 14]
[5, 1, 2, 2, 3, 4, 3]
[5, 1, 1, 1, 7, 2]
[6, 1, 1, 2, 1, 6, 2]
[7, 1, 4, 4, 2, 4, 2]
[7, 1, 6, 3, 4, 2]
[7, 1, 3, 5, 5, 2]
[8, 2, 2, 1, 1, 13, 1]
[9, 3, 2, 9, 1]
[9, 4, 2, 1, 8, 3, 1]
[10, 6, 9, 2, 5, 1]
[11, 7, 2, 6, 1]
[10, 6, 3, 7, 1]
[9, 6, 2, 9]
[8, 5, 2, 11]
[7, 8, 2, 1, 6, 3]
[6, 2, 1, 2, 7, 2]

left_values
[3, 21]
[4, 19]
[5, 19]
[6, 17]
[7, 16]
[8, 14]
[9, 12]
[11, 8]
[12, 6, 1]
[13, 3, 2]
[14, 1, 2]
[15, 1]
[17, 2, 1]
[17, 4, 1]
[17, 6, 1]
[18, 9]
[19, 9]
[16, 6, 5]
[14, 4, 6]
[3, 11, 4, 6, 3]
[3, 9, 4, 3, 1, 1]
[4, 8, 3, 2, 1, 2, 1]
[10, 3, 4, 2, 1, 1]
[3, 1, 4, 2, 1, 1, 1]
[1, 4, 4, 1, 3, 2]
[2, 3, 1, 1, 1, 5, 2, 1]
[1, 3, 2, 2, 5, 1, 1]
[2, 3, 3, 2, 7, 2]
[1, 3, 3, 1, 4, 1, 3]
[1, 2, 3, 1, 6, 4]
[12, 2, 1, 1, 2, 4, 4]
[9, 2, 2, 7, 3, 5]
[9, 1, 2, 5, 3, 5]
[9, 2, 3, 9, 5]
[2, 2, 10, 5]
[2, 4, 6, 6]
[10, 7, 1, 6, 7]
[11, 13, 1, 8]
[11, 18, 3]
[11, 24]
