Puzzle number: 67147
width:  40
height:  40
solved_count:  892
AVE_TIME:  '00:30:43'
ave_time_count:  246

top_values
[6, 5, 5, 1, 5, 2]
[7, 5, 4, 3, 1, 1, 2]
[7, 5, 5, 4, 1, 3]
[7, 5, 5, 2, 2, 2]
[7, 6, 5, 1, 1, 3]
[8, 6, 5, 1, 2, 2]
[8, 5, 5, 2, 1, 2]
[8, 6, 5, 1, 2, 2, 1]
[8, 6, 5, 2, 1, 2, 1]
[8, 6, 6, 1, 1, 1, 3]
[9, 7, 5, 1, 1, 1, 3]
[9, 6, 5, 1, 8]
[9, 6, 6, 1, 11]
[9, 7, 5, 1, 1, 1, 7]
[10, 6, 5, 5, 6]
[10, 6, 6, 1, 4]
[10, 7, 5, 2, 3]
[11, 7, 6, 1, 2, 2]
[8, 1, 6, 6, 2, 5]
[7, 3, 7, 6, 1, 4]
[6, 1, 1, 7, 6, 2, 4]
[5, 1, 1, 6, 7, 1, 3]
[5, 1, 2, 7, 6, 2, 3]
[4, 1, 2, 6, 7, 1, 1]
[4, 1, 4, 6, 7, 2, 4]
[4, 1, 1, 1, 7, 7, 1, 1, 3]
[3, 1, 1, 1, 6, 8, 4, 1]
[1, 1, 2, 7, 7, 1, 1]
[1, 1, 1, 6, 7, 2]
[4, 1, 1, 1, 7, 7, 2]
[4, 1, 1, 1, 8, 7, 1]
[4, 1, 2, 1, 7, 7, 2]
[5, 1, 1, 2, 8, 7, 2]
[5, 1, 2, 1, 1, 7, 8, 1]
[6, 1, 2, 2, 8, 7, 2]
[7, 4, 4, 8, 7, 1]
[8, 5, 8, 7, 1]
[16, 1, 8, 7]
[15, 1, 8, 8]
[8, 3, 2, 8, 7]

left_values
[26, 11]
[27, 11]
[27, 11]
[26, 11]
[23, 3, 8]
[21, 3, 3, 6]
[20, 2, 2, 5]
[14, 1, 1, 4]
[8, 1, 1, 2]
[4, 1, 8, 1, 2]
[1, 8, 3, 1, 3]
[6, 3, 3, 3]
[11, 4, 1, 4]
[14, 3, 1, 4]
[18, 3, 5]
[20, 6]
[1, 19, 2]
[4, 19, 3]
[7, 18, 1]
[10, 18]
[13, 17]
[14, 16]
[2, 15, 15]
[3, 15, 14]
[7, 16, 13]
[1, 1, 3, 15, 11]
[3, 4, 14, 10]
[1, 3, 13, 8]
[4, 3, 13, 6]
[3, 3, 3, 13, 5]
[3, 3, 1, 1, 3, 12, 3]
[5, 2, 3, 3, 12, 1]
[5, 4, 3, 13]
[5, 4, 2, 11]
[10, 3, 10]
[8, 3, 2, 8]
[10, 1, 1, 3, 7]
[7, 5, 3, 2, 5]
[6, 9, 3, 3]
[7, 6, 3, 3, 2]
