Puzzle number: 67447
width:  40
height:  50
solved_count:  559
AVE_TIME:  '00:13:29'
ave_time_count:  127

top_values
[44]
[44]
[45]
[45]
[45]
[45]
[46]
[46]
[46]
[46]
[46]
[46]
[46]
[6, 39]
[5, 37]
[2, 3, 30]
[4, 27]
[10, 4, 23]
[15, 3, 15]
[11, 2, 7]
[9, 1, 2]
[7, 2, 2]
[7, 2, 1]
[7, 2, 2]
[7, 2, 6, 7]
[14, 10]
[3, 17, 3]
[6, 15, 2]
[6, 15, 1]
[6, 13, 9]
[6, 13, 10]
[7, 14, 5]
[8, 10, 7, 3]
[8, 10, 6]
[8, 8, 8]
[10, 8, 10]
[11, 7, 12]
[9, 3, 6, 14]
[9, 3, 6, 16]
[9, 3, 6, 18]

left_values
[2, 2, 13]
[2, 2, 13]
[2, 2, 14]
[2, 2, 14]
[9, 2, 14]
[12, 2, 13]
[14, 3, 9]
[14, 3, 8]
[13, 3, 5]
[13, 3, 2]
[13, 3, 2]
[14, 3, 3]
[14, 3, 3]
[15, 4, 2]
[16, 5]
[16, 5]
[17, 6]
[15, 1, 6]
[15, 2, 7]
[15, 2, 6]
[16, 1, 9]
[16, 2, 11]
[16, 1, 12]
[17, 2, 15]
[17, 1, 15]
[17, 2, 15]
[17, 2, 15]
[18, 2, 15]
[18, 17]
[18, 13]
[18, 9]
[18, 6]
[18, 6, 1]
[18, 3, 2, 1]
[18, 4, 2, 2]
[19, 1, 1, 2]
[19, 2, 1, 3]
[19, 2, 2, 3]
[19, 2, 2, 4]
[19, 2, 2, 4]
[19, 2, 2, 5]
[19, 3, 3, 5]
[19, 6, 6]
[20, 4, 2, 6]
[20, 1, 2, 7]
[20, 1, 2, 7]
[20, 1, 2, 7]
[20, 1, 2, 8]
[22, 2, 2, 8]
[25, 2, 8]
