Puzzle number: 68233
width:  25
height:  25
solved_count:  2607
AVE_TIME:  '00:14:15'
ave_time_count:  965

top_values
[11]
[13]
[19]
[10, 2]
[8, 2]
[5, 1, 1, 1]
[4, 1, 1, 5]
[3, 2, 3, 2]
[4, 2, 1, 2, 1]
[4, 2, 1, 1, 2]
[2, 2, 1, 1, 2, 2]
[1, 1, 3, 1, 4]
[2, 1, 2, 5, 4]
[1, 2, 4, 1, 6]
[1, 3, 1, 2, 5]
[1, 3, 2, 4]
[1, 2, 4]
[1, 2, 3]
[2, 2, 3]
[1, 3, 2]
[3, 4, 2]
[11, 2]
[5, 1]
[5]
[5]

left_values
[]
[7]
[3, 3]
[3, 2]
[7, 2]
[8, 3, 1]
[9, 6]
[5, 3, 2, 3]
[4, 3, 2]
[4, 2, 2, 2]
[5, 2, 2, 4]
[5, 2, 1, 2, 4]
[4, 2, 1, 2, 4]
[4, 1, 1, 4]
[3, 1, 1, 3]
[3, 4, 2, 1]
[3, 1, 1, 2]
[4, 2, 3]
[5, 3, 1]
[3, 1, 4]
[3, 2, 2]
[3, 2, 6, 2]
[1, 16]
[1, 1, 12]
[1, 1, 8]
