Puzzle number: 68913
width:  40
height:  45
solved_count:  564
AVE_TIME:  '00:11:52'
ave_time_count:  176

top_values
[2, 3]
[8]
[6]
[6]
[6]
[6]
[6]
[6]
[1, 6]
[3, 6]
[5, 12, 6]
[7, 21]
[7, 23]
[7, 24]
[32]
[32]
[33]
[28, 1]
[28, 1, 1]
[23, 5, 2, 1]
[5, 14, 5, 2, 2]
[3, 9, 6, 2]
[5, 12, 8, 1, 2]
[17, 10, 1, 1]
[15, 10, 1, 2]
[13, 11, 2]
[12, 13, 1, 2]
[12, 14, 1]
[4, 6, 15, 1]
[4, 7, 15, 1]
[4, 6, 21]
[6, 6, 21]
[6, 6, 22]
[6, 6, 23]
[18]
[6, 5, 24]
[18]
[6, 31]
[17]
[6, 31]

left_values
[12, 3, 1, 1, 1]
[13, 3, 1, 1, 1]
[14, 4, 1, 1, 1]
[12, 3, 5, 1, 1, 1]
[13, 12, 1, 1, 1]
[11, 11, 1, 1, 1]
[9, 7]
[6, 6, 3, 1, 1, 1]
[8, 6, 5, 1, 1, 1]
[9, 12, 1, 1, 1]
[9, 12, 1, 1, 1]
[10, 12, 1, 1, 1]
[23, 1, 1]
[21, 1, 1, 1]
[20, 2, 1, 1, 1]
[18, 4, 1, 1, 1]
[16, 6, 1, 1, 1]
[15, 8, 1, 1, 1]
[14, 8, 1, 1, 1]
[13, 11, 1, 1]
[12, 15, 1]
[1, 11, 18]
[2, 10, 18]
[2, 9, 19]
[3, 30]
[7, 29]
[40]
[40]
[16, 21]
[15, 17]
[13, 3, 13]
[10, 2, 3, 10]
[3, 1, 10]
[4, 10]
[7, 10]
[16]
[7]
[4]
[]
[]
[]
[]
[]
[]
[]
