Puzzle number: 69094
width:  35
height:  50
solved_count:  382
AVE_TIME:  '01:02:13'
ave_time_count:  100

top_values
[17, 26]
[13, 22]
[10, 3, 21]
[6, 1, 6, 20]
[5, 2, 3, 8, 19]
[4, 2, 2, 5, 6, 16]
[2, 2, 2, 5, 7, 14]
[1, 1, 2, 5, 2, 1, 2]
[2, 2, 5, 2, 4]
[1, 2, 6, 1, 2]
[1, 2, 6, 2, 3]
[2, 5, 1, 1, 2]
[1, 1, 6, 2, 2, 2]
[2, 7, 2, 1, 1, 3]
[2, 10, 2, 2, 1]
[2, 3, 8, 3, 2, 2, 2]
[4, 9, 3, 1, 2, 1]
[4, 13, 4, 1, 5, 2]
[5, 10, 2, 1, 4, 1]
[2, 9, 1, 1, 2, 1, 1]
[2, 1, 8, 1, 1, 2, 1, 2]
[1, 2, 8, 2, 2, 1, 2, 1, 1]
[1, 10, 1, 1, 4, 1]
[1, 2, 1, 7, 2, 4, 2]
[2, 1, 3, 6, 1, 1, 2, 2]
[2, 2, 3, 5, 2, 1, 2]
[2, 1, 3, 4, 2, 3]
[3, 2, 4, 2, 12]
[4, 2, 4, 14]
[5, 3, 7, 16]
[7, 16, 18]
[10, 13, 19]
[11, 2, 22]
[16, 3, 24]
[21, 26]

left_values
[8, 3, 12]
[7, 3, 11]
[6, 3, 8]
[6, 3, 7]
[5, 4, 6]
[4, 9, 5]
[3, 2, 1, 3, 3, 5]
[3, 1, 1, 2, 2, 4]
[3, 4, 1, 2, 2, 4]
[3, 3, 2, 5, 1, 4]
[2, 1, 3, 6, 2, 1, 3]
[2, 5, 9, 2, 2, 2]
[2, 5, 11, 3, 1, 2]
[1, 2, 14, 2, 2, 2]
[1, 2, 17, 2, 2, 2]
[1, 19, 1, 2, 2]
[1, 21, 3, 1]
[10, 11, 3, 1]
[8, 17, 1]
[4, 6, 10, 1]
[4, 9, 10, 1]
[3, 2, 1, 1, 1, 4, 1]
[6, 5, 1, 3, 3, 1]
[4, 1, 2, 1, 1, 1, 3, 4]
[1, 3, 3, 1, 2, 1, 3, 1]
[1, 3, 2, 1]
[1, 2, 2, 2]
[1, 2, 1, 2]
[2, 1, 1, 3]
[3, 2, 2, 3]
[4, 4, 3]
[5, 4]
[7, 5]
[8, 7, 5]
[9, 3, 2, 6]
[7, 1, 4, 4, 6]
[7, 1, 7, 7]
[7, 2, 6, 7]
[7, 2, 1, 1, 8]
[7, 1, 3, 8]
[7, 2, 9]
[7, 2, 9]
[7, 2, 10]
[7, 1, 2, 8]
[7, 3, 2, 8]
[7, 3, 4, 8]
[6, 4, 8]
[6, 8]
[5, 8]
[5, 8]
