Puzzle number: 6913
width:  38
height:  28
solved_count:  726
AVE_TIME:  '00:23:56'
ave_time_count:  288

top_values
[3]
[5]
[7]
[7]
[3, 3]
[1, 3, 3]
[9, 3, 3]
[4, 1, 1, 2, 3, 3]
[4, 1, 1, 1, 3, 3, 3]
[2, 1, 9, 2, 2, 3]
[15, 1, 1, 3, 1, 1]
[5, 1, 1, 1, 1, 4, 9]
[3, 2, 1, 1, 4, 3, 1, 1, 2]
[1, 9, 8]
[1, 1, 5]
[1, 1, 2]
[1, 1, 2]
[1, 2, 3]
[2, 1, 2]
[2, 2]
[2, 3]
[1, 2]
[2, 2]
[5, 5]
[3, 2, 5]
[3, 3, 1, 3]
[3, 3, 3]
[3, 2, 2, 1]
[5, 2, 3]
[1, 4, 1, 3, 1]
[1, 5, 1, 4]
[4, 4, 2, 2]
[5, 6, 2, 9]
[6, 7, 1, 2, 1, 1, 1, 1]
[1, 1, 4, 1, 2, 1, 1, 1, 1, 1, 1, 1]
[1, 1, 4, 1, 2, 1, 1, 1, 1, 1, 1, 1]
[6, 7, 1, 2, 1, 1, 1, 1]
[5, 6, 2, 9]

left_values
[6, 1, 1, 1, 3, 2]
[4, 3, 3, 8]
[5, 5, 3, 2]
[2, 2, 1, 2, 10]
[8, 2, 3, 2, 2]
[3, 1, 2, 2, 4, 4]
[2, 3, 2, 2, 2, 2, 2]
[2, 3, 2, 1, 1, 9]
[2, 3, 1, 1, 2, 1, 7]
[1, 3, 2, 1, 1, 1, 3, 2]
[2, 3, 1, 2, 1, 1, 6]
[1, 3, 2, 1, 2, 1, 2, 2]
[2, 4, 2, 1, 6]
[4, 1, 1, 2, 1, 4]
[5, 2, 2]
[1, 1, 1, 1, 4]
[3, 2, 1, 1]
[1, 2, 1, 6]
[1, 2, 1, 1, 1, 1]
[3, 2, 2, 2, 1]
[5, 1, 2, 4, 2, 2]
[13, 4, 1, 2, 1]
[11, 2, 3, 2, 2]
[4, 8, 3, 1, 2, 1]
[4, 1, 8, 3, 2, 2]
[14, 9, 1, 2, 1]
[9, 2, 5, 2, 2]
[10, 1, 2, 1]
