Puzzle number: 69463
width:  48
height:  42
solved_count:  668
AVE_TIME:  '00:24:45'
ave_time_count:  107

top_values
[4]
[5]
[5]
[5]
[7]
[8, 7]
[17]
[19]
[21]
[25]
[27, 4]
[29, 5]
[30, 6]
[32, 7]
[41]
[42]
[5, 9, 25]
[4, 10, 25]
[4, 11, 12, 4]
[4, 11, 10]
[5, 9, 9]
[6, 10, 8]
[18, 8]
[17, 8]
[15, 10]
[13, 11]
[27]
[29]
[29]
[21, 7]
[10, 10, 6]
[10, 7, 6]
[9, 3, 7]
[9, 6]
[10, 4]
[10]
[10]
[10]
[11]
[11]
[12]
[12]
[11]
[11]
[9]
[8]
[6]
[2]

left_values
[5]
[9, 3]
[13, 6]
[15, 8]
[8, 5, 9]
[7, 8, 11]
[8, 3, 5, 13]
[13, 5, 13]
[13, 5, 17]
[14, 24]
[39]
[38]
[37]
[36]
[34]
[32]
[11, 15]
[13, 12]
[13, 4, 4]
[13, 2, 5]
[12, 6]
[13, 6]
[18, 8]
[19, 8]
[20, 9]
[21, 8]
[6, 24]
[2, 22]
[1, 22]
[20]
[18, 2]
[18, 4]
[22]
[11, 9]
[4, 8]
[8, 7]
[8, 6]
[9, 4]
[9]
[8]
[7]
[5]
