Puzzle number: 69462
width:  25
height:  25
solved_count:  2977
AVE_TIME:  '00:11:18'
ave_time_count:  605

top_values
[9, 8]
[8, 2]
[1, 1, 5]
[10, 5]
[2, 1, 1, 2, 2]
[6, 10]
[2, 2, 2]
[3, 2, 2]
[1, 1, 1, 2, 7]
[2, 1, 10]
[1, 1, 1, 2, 2]
[3, 2, 8]
[2, 2, 2]
[6, 2]
[2, 1, 1, 11]
[10, 2]
[1, 1, 3]
[1, 1, 10]
[9, 8]
[8, 2]
[1, 1, 6]
[1, 1, 7]
[9, 2]
[8, 8]
[1, 1, 8]

left_values
[]
[1, 1, 1]
[1, 5, 1]
[3, 3]
[2, 2]
[3, 1, 1, 3]
[3, 3]
[4, 2, 3, 2, 10]
[2, 1, 2, 2, 1, 2, 2]
[2, 2, 2, 2, 2, 2, 2]
[2, 1, 3, 1, 2, 2]
[2, 2, 1, 2, 2, 2]
[2, 1, 1, 1, 2, 2]
[4, 1, 10]
[2, 2, 1, 2, 2, 2]
[1, 2, 1, 2, 2, 2]
[2, 1, 3, 2, 2]
[8, 1, 2, 11]
[6, 5, 11]
[1, 2, 1, 4, 1, 2, 2, 2]
[1, 2, 1, 1, 1, 1, 2, 2, 2]
[1, 2, 1, 1, 1, 1, 2, 2, 2]
[1, 1, 1, 1, 1, 2, 2]
[1, 1, 1, 1, 1, 2, 2]
[1, 1, 1, 1, 1, 2, 2]
