Puzzle number: 69647
width:  30
height:  40
solved_count:  2513
AVE_TIME:  '00:16:21'
ave_time_count:  129

top_values
[1]
[7]
[2, 1]
[10]
[6, 1]
[1, 12]
[5, 1, 2, 1]
[9, 1, 1, 11]
[6, 1, 1, 1, 1, 3]
[1, 2, 1, 1, 1, 1, 1, 1, 3]
[9, 1, 1, 1, 1, 10]
[1, 2, 1, 1, 1, 1, 1, 1, 3]
[6, 1, 1, 1, 1, 3]
[9, 1, 1, 10]
[5, 1, 1]
[1, 1, 12]
[1, 6, 1]
[1, 10]
[1, 2, 1]
[1, 2, 5]
[1, 1, 5]
[1, 1, 1]
[2, 1, 1]
[2, 1, 5]
[2, 1, 5]
[2, 1, 1]
[2, 1, 1]
[11]
[2]
[1]

left_values
[1]
[1]
[3]
[1]
[1]
[1]
[1]
[3]
[5]
[1, 1]
[1, 1]
[1, 1]
[2, 2]
[7]
[1, 1]
[1, 1]
[1, 1]
[1, 1]
[1, 1]
[1, 1]
[9]
[1, 9]
[1, 1, 2]
[1, 1, 2]
[13, 2]
[1, 1, 2]
[13, 2]
[3, 3, 2]
[5, 15]
[8, 5, 1]
[1, 1, 1, 7, 1, 1, 1]
[1, 1, 1, 1, 1, 1, 1, 1, 1]
[1, 1, 1, 1, 1, 1, 1, 1, 2, 2, 1]
[1, 1, 1, 1, 1, 1, 1, 1, 2, 2, 1]
[1, 1, 1, 1, 3, 1, 1, 1, 2, 2, 1]
[3, 1, 1, 1, 1, 1, 1, 2, 2, 1]
[3, 1, 1, 1, 13]
[11]
[7]
[7]
