Puzzle number: 70028
width:  50
height:  50
solved_count:  272
AVE_TIME:  '00:19:17'
ave_time_count:  100

top_values
[17, 3, 10]
[13, 3, 9]
[9, 3, 9]
[3, 8]
[3]
[3, 7]
[3, 6]
[4, 5]
[8, 4]
[8, 2]
[7, 5, 1]
[6, 9]
[5, 10, 1]
[4, 10, 3]
[3, 9, 5]
[3, 9, 8]
[3, 6, 9]
[4, 4, 9, 1]
[3, 3, 10, 3]
[3, 1, 11, 4]
[3, 11, 5]
[3, 13, 7]
[3, 13, 8]
[3, 9, 9]
[3, 9, 10]
[3, 9, 10, 1]
[3, 8, 11, 1]
[3, 4, 12, 2]
[3, 3, 12, 3]
[8, 12, 4]
[6, 12, 5]
[4, 12, 5]
[3, 12, 6]
[4, 12, 7]
[3, 11, 1, 7]
[3, 11, 2, 8]
[3, 2, 6, 2, 9]
[3, 5, 4, 9]
[3, 4, 5, 10]
[3, 2, 7, 9]
[3, 8, 9, 1]
[11, 9, 2]
[5, 3, 8, 3]
[2, 3, 8, 4]
[3, 3, 3, 5]
[3, 2, 3, 3, 1]
[3, 1, 2, 3, 1]
[4, 2, 3]
[4, 3]
[7]

left_values
[]
[]
[]
[]
[]
[]
[]
[]
[]
[]
[]
[]
[]
[]
[]
[1]
[1]
[1]
[2]
[2]
[2]
[3]
[3, 1]
[3, 3, 2]
[3, 1, 5, 7]
[3, 6, 3, 8]
[3, 1, 6, 1, 6, 5]
[3, 7, 2, 2, 5, 2, 3]
[3, 7, 1, 3, 4, 3, 2, 3]
[3, 3, 3, 2, 4, 3, 3, 3, 3]
[2, 3, 1, 6, 3, 7, 3]
[1, 3, 1, 2, 6, 2, 8, 3]
[3, 4, 7, 1, 8, 3, 1]
[3, 5, 7, 9, 3, 4]
[3, 4, 8, 9, 10]
[1, 3, 5, 7, 10, 7, 3]
[2, 3, 4, 8, 9, 6, 1, 3]
[3, 3, 5, 7, 10, 4, 3, 3]
[3, 3, 4, 7, 10, 4, 4, 1, 2]
[4, 3, 4, 6, 10, 3, 5, 1, 1]
[2, 7, 4, 7, 10, 1, 6, 3, 1]
[3, 6, 4, 6, 10, 1, 11, 2]
[4, 4, 3, 6, 10, 11, 3]
[4, 1, 2, 4, 5, 10, 12, 3]
[4, 2, 1, 4, 5, 9, 12, 3]
[4, 3, 3, 5, 9, 13, 3]
[4, 4, 3, 4, 9, 13, 3]
[4, 4, 2, 4, 9, 13, 3]
[4, 5, 1, 4, 7, 13, 4]
[1, 2, 6, 4, 7, 14, 7]
