Puzzle number: 70033
width:  45
height:  35
solved_count:  836
AVE_TIME:  '00:11:33'
ave_time_count:  123

top_values
[]
[]
[]
[]
[]
[1]
[1]
[1]
[2]
[2]
[1, 2]
[1, 3]
[1, 3]
[1, 4]
[1, 4]
[2, 4]
[2, 4]
[2, 5]
[2, 5]
[3, 5]
[3, 5]
[2, 6]
[2, 1]
[2]
[2, 5]
[2, 7]
[2, 7]
[2, 2]
[2, 1]
[2, 2, 2]
[2, 6, 1]
[2, 7, 2]
[2, 7, 7, 2]
[2, 17, 3]
[2, 20, 2]
[2, 22, 2]
[1, 22, 2]
[1, 15, 3]
[13, 5]
[12, 7]
[12, 4]
[1, 11, 3]
[1, 10, 2]
[1, 9, 1]
[1, 9]

left_values
[1, 11, 4]
[3, 21]
[7, 19]
[10]
[11, 3, 7]
[9, 3, 17]
[7, 3, 16]
[5, 3, 15]
[3, 3, 16]
[2, 3, 16]
[3, 15]
[14]
[12]
[11]
[10]
[9]
[7]
[6]
[6]
[6]
[4]
[4]
[3]
[3]
[3]
[2]
[2]
[]
[4, 3]
[11]
[11]
[5]
[3]
[1]
[1]
