Puzzle number: 70352
width:  18
height:  34
solved_count:  3621
AVE_TIME:  '00:06:37'
ave_time_count:  236

top_values
[2, 3]
[10, 4]
[11, 2, 1]
[2, 3, 4, 1]
[16, 3, 2, 1, 1]
[9, 2, 3, 2, 1, 1]
[9, 2, 2, 1, 1, 1]
[9, 1, 7, 1, 1]
[9, 1, 2, 1, 1]
[9, 1, 2, 1, 1]
[9, 2, 7, 1, 1]
[9, 2, 3, 1, 1, 1]
[16, 3, 2, 1, 1]
[2, 3, 2, 1, 1]
[11, 4, 1]
[10, 2, 1]
[2, 4]
[3]

left_values
[7]
[9]
[9]
[9]
[9]
[9]
[9]
[9]
[2, 9, 2]
[2, 1, 1, 2]
[5, 5]
[5, 5]
[2, 1, 1, 2]
[2, 1, 1, 2]
[2, 1, 1, 2]
[2, 1, 1, 2]
[2, 2, 2, 2]
[3, 2, 2, 3]
[3, 5, 3]
[3, 3]
[9]
[7]
[1, 1]
[1, 1]
[1, 1]
[1, 1]
[3, 3]
[2, 2]
[2, 2]
[2, 2]
[3, 3]
[2, 12, 2]
[2, 2]
[18]
