Puzzle number: 70753
width:  18
height:  37
solved_count:  4488
AVE_TIME:  '00:04:09'
ave_time_count:  539

top_values
[2]
[34]
[35]
[10, 3, 3, 3, 3]
[5, 2, 25]
[6, 1, 2, 2, 1, 1, 1, 1, 4]
[6, 1, 2, 2, 1, 1, 1, 1, 4]
[6, 1, 2, 25]
[6, 1, 2, 2, 1, 1, 1, 1, 4]
[6, 1, 2, 2, 1, 1, 1, 1, 4]
[6, 1, 2, 25]
[6, 1, 2, 2, 1, 1, 1, 1, 4]
[6, 1, 2, 2, 1, 1, 1, 1, 4]
[6, 2, 25]
[10]
[35]
[34]
[2]

left_values
[9]
[12]
[14]
[16]
[18]
[18]
[3, 3]
[3, 8, 3]
[3, 3]
[16]
[16]
[2, 2]
[2, 10, 2]
[2, 10, 2]
[2, 1, 1, 1, 1, 2]
[2, 1, 1, 1, 1, 2]
[4, 1, 1, 1, 2]
[13, 2]
[4, 1, 1, 1, 2]
[2, 1, 1, 1, 1, 2]
[4, 1, 1, 1, 2]
[13, 2]
[4, 1, 1, 1, 2]
[2, 1, 1, 1, 1, 2]
[4, 1, 1, 1, 2]
[13, 2]
[4, 1, 1, 1, 2]
[2, 1, 1, 1, 1, 2]
[4, 1, 1, 1, 2]
[13, 2]
[4, 1, 1, 1, 2]
[2, 1, 1, 1, 1, 2]
[2, 1, 1, 1, 1, 2]
[2, 10, 2]
[2, 10, 2]
[2, 10, 2]
[2, 10, 2]
