Puzzle number: 71001
width:  30
height:  35
solved_count:  2121
AVE_TIME:  '00:29:50'
ave_time_count:  251

top_values
[2, 1, 7, 2]
[5, 2, 20, 2]
[1, 2, 21, 2]
[1, 3, 13]
[2, 1, 13]
[2, 1, 13]
[4, 2, 20]
[7, 1, 1, 13]
[2, 4, 1, 13]
[2, 4, 1, 9, 2]
[2, 4, 5, 8, 2]
[5, 1, 1, 1, 4, 3]
[1, 3, 9, 2, 6, 3]
[1, 5, 8, 1, 13]
[1, 15, 14]
[14, 1, 5, 5]
[2, 3, 9, 5, 2, 2]
[2, 15, 2, 2]
[2, 15, 2, 2]
[3, 4, 9, 2]
[9, 2, 6, 2]
[7, 1, 1, 9, 2]
[3, 2, 2, 11]
[1, 1, 3, 9]
[2, 2, 4]
[2, 1, 1, 1, 1, 1, 3]
[5, 1, 1, 5, 2]
[1, 24]
[1, 2, 1, 1, 2]
[5, 1, 1, 2]

left_values
[2, 1, 3, 1]
[1, 1, 2, 2, 2]
[1, 2, 2, 2, 1]
[2, 2, 2, 1, 1]
[2, 2, 2, 1, 2]
[2, 3, 3, 2, 2]
[2, 5, 2, 2]
[2, 3, 5, 3]
[2, 3, 5, 3]
[2, 4, 3, 3]
[2, 4, 2, 3]
[4, 13, 5]
[2, 2, 11, 1]
[2, 2, 9, 5]
[2, 8, 1]
[2, 6, 7, 1]
[2, 1, 7, 1]
[2, 1, 7, 1]
[2, 1, 9, 8]
[2, 1, 1, 1, 1, 5, 1, 1, 2]
[2, 1, 2, 1, 1, 3, 1, 1, 3]
[2, 1, 1, 1, 1, 5, 1, 1, 2]
[8, 18]
[9, 9, 1, 1]
[11, 11, 1]
[11, 11, 1]
[16, 5, 1]
[15, 2, 3, 1]
[15, 2, 3, 1]
[15, 2, 3, 1]
[11, 5, 3, 1]
[10, 3, 3, 1]
[1, 6, 5, 4, 1, 1]
[30]
[28]
