Puzzle number: 71159
width:  45
height:  40
solved_count:  200
AVE_TIME:  '00:21:15'
ave_time_count:  100

top_values
[6, 8, 9, 1]
[8, 3, 10, 1]
[10, 12, 1]
[12, 14, 1]
[33, 1]
[32, 1]
[32, 1]
[32, 2]
[32, 2]
[31, 2]
[30, 3]
[29, 4]
[29, 5]
[5, 17, 6]
[3, 12, 6]
[3, 9, 7]
[2, 5, 5, 8]
[1, 9, 3, 11, 1]
[12, 2, 12, 2]
[13, 1, 12, 3]
[15, 11, 4]
[15, 8, 5]
[17, 8, 6]
[17, 8, 9]
[18, 8, 10]
[18, 6, 10]
[19, 5, 11]
[20, 11]
[21, 12]
[22, 9]
[34]
[33, 2]
[33, 4]
[33, 5]
[33, 5]
[33, 4]
[38]
[37]
[22, 5, 1]
[19, 2]
[18, 17]
[16, 19]
[15, 21]
[13, 20]
[13, 10]

left_values
[19]
[3, 23]
[5, 26]
[9, 27]
[14, 27]
[14, 28]
[14, 28]
[13, 29]
[13, 29]
[13, 29]
[13, 29]
[12, 29]
[12, 28]
[12, 28]
[12, 27]
[13, 23]
[1, 12, 20]
[1, 13, 17, 1]
[2, 16, 14, 2]
[2, 15, 12, 3]
[2, 14, 4, 11, 3]
[1, 13, 6, 10, 4]
[1, 12, 8, 8, 4]
[1, 13, 9, 8, 5]
[12, 9, 8, 5]
[13, 10, 8, 5]
[12, 10, 9, 5]
[13, 8, 9, 4]
[14, 4, 11, 4]
[13, 5, 13, 4]
[13, 5, 15, 4]
[12, 6, 16, 4]
[11, 5, 16, 4]
[10, 6, 8, 2, 4]
[9, 6, 8, 2, 2, 4]
[7, 6, 8, 6, 4]
[5, 6, 9, 7, 4]
[6, 10, 6, 4]
[8, 11, 4, 4]
[14, 12, 5]
