Puzzle number: 71193
width:  45
height:  45
solved_count:  176
AVE_TIME:  '00:28:30'
ave_time_count:  100

top_values
[4, 2, 5, 12]
[4, 2, 5, 9]
[5, 2, 5, 8]
[4, 2, 5, 8, 6]
[4, 1, 5, 10, 4]
[5, 6, 10, 3]
[5, 6, 12, 3]
[6, 3, 5, 13, 2]
[5, 4, 3, 15, 1]
[5, 5, 16, 1]
[5, 7, 18]
[5, 30]
[5, 31]
[5, 31]
[5, 32]
[6, 32]
[6, 26]
[5, 25]
[5, 24, 3]
[6, 24, 6]
[6, 23, 8]
[6, 24, 8]
[6, 24, 8]
[6, 24, 8]
[6, 25, 7]
[6, 25, 5]
[6, 26]
[6, 28, 1]
[6, 30, 3]
[7, 36]
[7, 36]
[7, 36]
[6, 36]
[6, 36]
[6, 24, 9]
[6, 22, 7]
[6, 21, 6]
[6, 20, 3, 4]
[6, 20, 6, 3]
[6, 4, 12, 8, 2]
[6, 2, 9, 8, 1]
[6, 1, 6, 8, 1]
[6, 5, 5, 5, 2]
[6, 9, 5, 4, 3]
[7, 12, 5, 8]

left_values
[16]
[22]
[26]
[30]
[34]
[38]
[27, 1]
[21]
[17]
[11, 15]
[8, 20, 1]
[3, 26, 2]
[30, 2]
[32, 3]
[5, 32, 3]
[4, 32, 3]
[31, 3]
[31, 3]
[6, 30, 2]
[8, 29, 2]
[9, 30, 1]
[9, 30, 1]
[9, 30]
[1, 3, 31]
[32]
[1, 34]
[2, 36]
[41]
[42]
[34, 3]
[33, 2]
[32, 2, 1]
[1, 32, 4, 1]
[1, 30, 5]
[1, 16, 10, 5]
[1, 14, 8, 6]
[2, 12, 8, 7]
[3, 10, 5, 7, 7]
[3, 10, 7, 8, 6]
[4, 9, 8, 8, 4]
[4, 8, 8, 9, 1]
[5, 6, 8, 12, 1]
[7, 4, 7, 12, 2]
[8, 6, 11, 3]
[9, 4, 10, 3]
