Puzzle number: 71197
width:  45
height:  40
solved_count:  160
AVE_TIME:  '00:29:08'
ave_time_count:  101

top_values
[2, 5, 9, 3, 2]
[3, 5, 8, 5, 3]
[2, 6, 8, 5, 5]
[2, 6, 7, 5, 5, 3]
[1, 7, 6, 6, 4, 3]
[8, 4, 3, 3, 4]
[8, 1, 3, 6]
[10, 2, 7]
[10, 7]
[10, 8]
[10, 7]
[11, 6]
[11, 6]
[10, 5]
[1, 8, 4]
[3, 8, 4]
[4, 7, 3]
[6, 6, 2]
[7, 6, 1]
[8, 6, 1]
[9, 5]
[10, 5]
[11, 4]
[11, 5]
[11, 4]
[12, 5]
[12, 5]
[12, 4]
[11, 4, 1]
[10, 4, 2]
[1, 8, 4, 2]
[2, 6, 3, 2]
[3, 4, 4, 3]
[5, 4]
[5, 5, 4]
[2, 6, 3, 5]
[3, 5, 7]
[4, 16]
[1, 15]
[15]
[10]
[7]
[6]
[5]
[4]

left_values
[4, 6, 14, 3, 3]
[4, 6, 13, 2, 3]
[2, 9, 14, 1, 2]
[10, 14, 1, 2]
[15, 14, 2]
[16, 15, 2]
[16, 15, 3]
[17, 14, 4]
[18, 13, 3]
[17, 12, 4]
[9, 10, 4]
[1, 8, 6, 1, 3]
[5, 7, 2, 3, 3]
[6, 8, 3, 3]
[6, 9, 4, 3]
[6, 16, 4]
[6, 13, 5]
[5, 10, 5]
[4, 6, 9]
[3, 12]
[1, 17]
[5, 16]
[6, 13]
[6, 5]
[6, 3]
[4]
[2]
[6]
[5]
[4, 1]
[4, 3]
[4, 6]
[2, 8]
[10]
[15]
[17]
[14]
[3]
[]
[]
