Puzzle number: 71416
width:  50
height:  40
solved_count:  344
AVE_TIME:  '00:22:34'
ave_time_count:  114

top_values
[]
[]
[]
[]
[]
[]
[]
[]
[]
[]
[]
[]
[4, 9]
[8, 12]
[11, 15]
[14, 18]
[37]
[12, 26]
[5, 1, 1, 27]
[5, 28]
[29]
[9, 16, 1]
[7, 1, 14]
[5, 2, 12]
[6, 1, 11]
[6, 1, 3, 12]
[4, 1, 1, 2, 11]
[1, 2, 2, 2, 12]
[1, 1, 15]
[1, 1, 15]
[2, 2, 15]
[2, 1, 14]
[1, 2, 13]
[2, 1, 12]
[2, 1, 11]
[1, 2, 3, 1]
[1, 1, 2]
[2, 2]
[2, 2]
[2, 1]
[2, 2]
[2, 2]
[8, 5, 2]
[16, 1]
[16, 3]
[16, 4]
[17, 6]
[19, 8]
[1, 19, 10]
[2, 19, 11]

left_values
[2, 2, 3, 2]
[3, 2, 2, 1]
[3, 2, 3]
[4, 3, 2, 1]
[4, 2, 4, 1, 1]
[3, 4, 1, 3]
[4, 3, 2, 3]
[4, 3, 3, 4]
[5, 3, 9]
[4, 3, 11]
[5, 3, 3, 8]
[5, 3, 2, 7]
[5, 4, 3, 7]
[5, 5, 4, 7]
[10, 3, 7]
[10, 4, 7]
[10, 5, 8]
[11, 8]
[6, 8]
[5, 1, 8]
[7, 1, 8]
[9, 2, 7]
[10, 2, 6]
[12, 2, 4]
[14, 2]
[19]
[20]
[21]
[22, 1]
[23, 1]
[25, 2]
[26, 2]
[23, 2, 3]
[22, 1, 3]
[21, 2, 4]
[8, 10, 2, 4]
[6, 8, 2, 5]
[6, 7, 8]
[5, 6, 6]
[6, 6, 5]
