Puzzle number: 71489
width:  30
height:  30
solved_count:  4112
AVE_TIME:  '00:06:59'
ave_time_count:  161

top_values
[5, 9, 10]
[5, 9, 10]
[14, 10]
[14, 6]
[13, 8]
[12, 2, 7, 1]
[16, 6, 2]
[15, 6, 4]
[14, 5, 5]
[13, 4, 1, 4]
[13, 3, 2, 5]
[12, 4, 6]
[12, 4, 7]
[11, 4, 8]
[17, 8]
[11, 4, 7]
[4, 4, 4, 1]
[4, 10]
[3, 10]
[2, 12]
[2, 14]
[1, 19]
[20]
[20]
[18]
[17]
[15]
[12]
[]
[]

left_values
[9, 8]
[21]
[19]
[18]
[16]
[14]
[18]
[20]
[22]
[23]
[16, 7]
[15, 8]
[5, 7, 11]
[4, 5, 12]
[2, 3, 13]
[1, 2, 4, 10]
[4, 8]
[3, 8]
[3, 9]
[5, 8]
[3, 5, 8]
[3, 5, 8]
[3, 7, 3, 7]
[3, 5, 1, 5, 7]
[8, 1, 5, 7]
[7, 1, 6, 7]
[6, 9, 7]
[6, 9, 6]
[5, 10, 6]
[15, 5]
