Puzzle number: 71497
width:  30
height:  30
solved_count:  3424
AVE_TIME:  '00:10:07'
ave_time_count:  136

top_values
[3, 5]
[2, 4]
[2, 6]
[3, 5]
[4, 5]
[3, 4]
[4, 4]
[4, 3, 1]
[5, 2, 1]
[1, 6, 2, 1]
[2, 2, 3, 2, 1]
[2, 2, 8]
[3, 5, 7]
[3, 7, 7]
[4, 3, 7]
[1, 3, 2, 3]
[2, 5, 3]
[2, 2, 2]
[2, 3, 2]
[2, 2, 1]
[2, 2, 1]
[2, 2, 1]
[2, 2, 2]
[1, 2, 2]
[2, 3, 2]
[1, 4, 2]
[1, 5, 2]
[9]
[7]
[6]

left_values
[]
[]
[]
[]
[]
[1, 3]
[1, 3]
[2, 2]
[2, 2]
[1, 2]
[2, 2]
[1, 2]
[2, 2]
[3]
[2, 3]
[1, 2, 6]
[2, 2, 9]
[5, 2, 12]
[19, 5]
[16, 4]
[6, 5, 2]
[6, 1, 1]
[9, 2]
[1, 7, 2]
[1, 3, 4, 2]
[8, 4, 2]
[17, 2]
[19, 2]
[7, 10]
[4]
