Puzzle number: 71490
width:  30
height:  30
solved_count:  3321
AVE_TIME:  '00:12:57'
ave_time_count:  120

top_values
[30]
[30]
[30]
[24]
[19]
[19]
[13]
[11]
[8]
[4]
[5]
[12, 7]
[1, 4, 3, 4]
[1, 4, 3, 1]
[2, 9]
[2, 3, 3]
[2, 2, 3, 5]
[2, 2, 2, 2]
[15, 2, 2]
[1, 16, 2, 3]
[2, 3, 2, 2]
[4, 2, 6]
[1, 2, 2, 2, 2]
[1, 2, 2, 2, 2]
[1, 3, 3, 2, 1]
[1, 2, 2, 5]
[1, 1, 3, 2, 2]
[1, 1, 12, 2, 1]
[3, 1, 14, 2]
[1, 1, 2, 7]

left_values
[3, 5, 2, 5]
[3, 1, 3, 1, 2, 2]
[3, 1, 4, 1, 2]
[3, 1, 5, 2]
[4, 1, 5, 2]
[4, 1, 2, 4, 2]
[4, 1, 1, 2, 5]
[4, 1, 4, 5]
[5, 1, 3, 4]
[5, 1, 2, 2]
[5, 1, 2, 2]
[6, 2, 2, 2]
[7, 1, 2, 2]
[8, 1, 2, 2]
[8, 2, 2, 2]
[8, 1, 1, 2]
[9, 1, 1, 2]
[9, 3, 2, 2]
[9, 3, 1, 1]
[10, 3, 2, 2]
[10, 1, 2, 2, 2]
[11, 1, 1, 2, 2, 1]
[11, 3, 3, 2, 1]
[9, 5, 3, 3, 1]
[7, 2, 3, 2, 6]
[6, 2, 3, 3, 1, 3]
[6, 2, 5, 1, 3]
[4, 1, 2, 6, 3]
[3, 1, 2, 1, 5, 1]
[3, 1, 3, 1, 3, 1]
