Puzzle number: 71495
width:  30
height:  30
solved_count:  2557
AVE_TIME:  '00:24:23'
ave_time_count:  114

top_values
[3, 5, 2, 5, 7]
[9, 1, 2, 9]
[4, 4, 1, 1, 3, 3]
[1, 3, 2, 2, 5, 2]
[3, 5, 9, 3]
[7, 2, 3]
[11, 3]
[3, 1, 2, 4]
[2, 2, 2, 6]
[2, 1, 1, 7]
[8, 1, 10]
[1, 11, 12]
[1, 1, 21]
[1, 16]
[1, 1, 1, 7]
[1, 2, 1, 1, 1, 1, 1]
[6, 2, 2, 1, 1, 1]
[13, 1, 1, 1]
[6, 8, 2, 2, 1]
[7, 1, 2, 15]
[7, 1, 2, 3, 11]
[1, 2, 1, 2, 2, 8, 1]
[1, 1, 1, 2, 7, 2]
[5, 1, 3, 6, 4]
[1, 2, 2, 2, 4, 6]
[3, 2, 4, 8]
[4, 3, 14]
[2, 2, 8, 11]
[2, 5, 10]
[4, 2, 3, 8]

left_values
[5, 2, 2, 4, 2, 2]
[3, 2, 3, 5, 1, 3]
[6, 1, 1, 5, 1, 2]
[3, 2, 2, 7, 1, 3]
[2, 4, 2, 6, 2, 3]
[3, 3, 2, 6, 3, 2]
[3, 5, 3, 1, 4, 3, 1]
[3, 8, 1, 1, 2, 1]
[3, 1, 2, 1, 8, 1]
[1, 1, 2, 3, 2, 1]
[4, 4, 2, 6, 1, 2]
[1, 3, 2, 4, 5, 3]
[1, 1, 3, 4, 1, 3]
[1, 2, 2, 2, 3, 5, 2]
[5, 2, 2, 7, 2]
[2, 1, 1, 2, 3, 1, 1]
[1, 1, 2, 1, 1, 3, 1]
[1, 2, 2, 4, 5]
[2, 3, 2, 6]
[2, 3, 6, 2]
[2, 4, 5, 4]
[3, 4, 1, 5, 4]
[2, 6, 7, 5]
[2, 7, 5, 5]
[2, 10, 3, 6]
[16, 3, 6]
[15, 1, 2, 7]
[3, 1, 8, 4, 7]
[2, 6, 2, 7]
[2, 6, 9]
