Puzzle number: 71501
width:  30
height:  30
solved_count:  3204
AVE_TIME:  '00:11:30'
ave_time_count:  100

top_values
[9, 3]
[1, 2, 3, 1, 2]
[2, 1, 3, 3]
[2, 2, 1, 2, 3]
[1, 1, 1, 2, 3]
[4, 1, 1, 2, 2, 2]
[8, 2, 2, 1, 2, 2]
[1, 22]
[1, 18, 1]
[1, 2, 4]
[1, 1, 1]
[1, 1, 1]
[2]
[2]
[2]
[1]
[1]
[4, 1]
[5, 1]
[1]
[2]
[2]
[2]
[1]
[1, 3]
[1, 1, 4]
[1, 2, 1, 1, 2]
[1, 20]
[29]
[12, 2, 2]

left_values
[2, 2]
[1, 3]
[4, 2]
[2, 2]
[1, 2]
[2, 2]
[1, 2, 2]
[3, 2, 3]
[1, 2, 2, 3]
[1, 6, 3]
[1, 2, 4]
[2, 2, 3]
[9, 1, 3]
[1, 1, 3, 1, 5]
[1, 5, 2, 2]
[2, 2, 2, 2]
[8, 2, 4]
[5, 1, 2]
[1, 2, 2]
[2, 2, 2]
[2, 3, 2]
[2, 2, 3]
[2, 2, 2]
[8, 2]
[5, 3]
[2, 2, 4]
[2, 4, 4]
[3, 2, 4, 4, 1]
[2, 1, 1, 3, 3, 2, 2]
[2, 9, 2, 1]
