Puzzle number: 71521
width:  30
height:  30
solved_count:  3953
AVE_TIME:  '00:05:14'
ave_time_count:  152

top_values
[6]
[6, 3]
[4, 4]
[3]
[3]
[9, 2]
[3, 3, 2]
[1, 3]
[1, 2]
[2, 2]
[4, 1]
[3, 6]
[3, 8]
[23]
[18]
[1]
[1]
[1]
[1]
[2, 1]
[9, 2]
[6]
[4]
[3]
[1]
[2]
[2]
[2]
[1]
[3, 2]

left_values
[1, 2, 2, 2, 1]
[2, 2, 2, 2, 1]
[2, 2, 2, 1, 1]
[2, 1, 2, 1]
[1, 1, 2, 1]
[1, 1, 2, 1]
[2, 1, 2, 1]
[1, 3, 2, 2, 1]
[1, 2, 2, 2, 2, 5]
[3, 1, 2, 2, 7]
[5, 1, 2, 2, 3]
[15, 3]
[13, 3]
[9]
[2]
[2]
[2]
[2]
[1]
[2]
[2]
[2]
[2]
[1]
[2]
[2]
[2]
[1]
[1]
[2]
