Puzzle number: 71685
width:  30
height:  35
solved_count:  1036
AVE_TIME:  '00:14:43'
ave_time_count:  109

top_values
[4, 7, 6, 1]
[3, 4, 2]
[4, 5, 2]
[7, 8, 2]
[7, 9, 3]
[1, 4, 5, 1, 2, 1]
[2, 2, 2, 2, 1]
[4, 2, 2, 1]
[5, 3]
[4, 2, 3]
[6, 2, 1, 2]
[6, 3]
[8, 3]
[11, 1]
[13]
[14]
[15]
[16]
[8, 5]
[9, 3]
[10, 2]
[11, 1]
[11, 1]
[11, 3]
[13, 4]
[8, 6, 6]
[8, 4, 6]
[8, 3, 5, 1]
[9, 2, 1, 3, 1]
[9, 2, 5]

left_values
[1, 2, 12]
[1, 2, 15]
[1, 2, 18]
[1, 3, 22]
[28]
[28]
[1, 4, 2, 1, 18]
[1, 2, 2, 18]
[2, 2, 5, 11]
[2, 1, 5, 10]
[2, 5, 4, 3]
[1, 5, 3, 2]
[1, 5, 3, 1]
[4, 3]
[4, 3]
[3, 5]
[2, 3, 2]
[1, 3, 2]
[1, 2, 1]
[1, 2]
[3, 2]
[4, 2]
[5, 3]
[4, 1, 3]
[5, 3]
[3, 1, 1]
[5, 2]
[5, 2]
[2, 2]
[2, 1, 3, 1]
[1, 4, 3, 3]
[1, 2, 5, 1]
[1, 4, 4]
[4]
[2, 3]
