Puzzle number: 71696
width:  30
height:  35
solved_count:  759
AVE_TIME:  '00:21:17'
ave_time_count:  104

top_values
[1, 17, 4]
[18, 1, 2]
[10, 2, 3]
[8, 2, 2]
[6, 2, 3, 2, 3, 2]
[5, 1, 4, 1, 2]
[4, 3, 2, 5, 3]
[3, 2, 1, 1, 1, 3, 1]
[2, 2, 2, 1]
[2, 3]
[1, 3, 1]
[4]
[2, 2]
[]
[2]
[2]
[1, 1, 2, 2]
[1, 2, 8]
[1, 3, 1]
[1, 1, 2, 2]
[1, 1, 1]
[1, 1, 1]
[1, 1, 1]
[1, 1, 1, 1, 1]
[1, 1, 1, 1, 1]
[1, 1, 1, 1, 1]
[1, 1]
[2, 2]
[2, 1, 1, 2]
[1, 1, 6]

left_values
[1, 5, 10]
[5]
[4, 6]
[3]
[3, 5]
[3]
[3, 4]
[4]
[3, 1, 2]
[4, 2, 5]
[6]
[3, 3]
[3, 2]
[3, 5, 1, 2]
[3, 1, 1, 3, 1]
[3, 4]
[2, 2, 1]
[2, 1, 3]
[2, 2]
[2]
[2]
[2]
[2]
[2, 1]
[2, 1, 1, 1, 1]
[2, 1, 2]
[1, 1, 1, 3]
[4, 3, 4, 1, 1]
[1, 1, 1, 1, 1, 3]
[1, 3, 2, 2]
[1, 2, 2, 2, 1]
[2, 1, 1, 1, 1, 1]
[1, 1, 2, 1, 1, 1]
[1, 1, 1, 1, 4]
[1, 1, 1, 2, 1, 3, 3]
