Puzzle number: 71796
width:  50
height:  45
solved_count:  630
AVE_TIME:  '00:32:08'
ave_time_count:  139

top_values
[4]
[11]
[4, 14]
[7, 16]
[9, 13]
[10, 11]
[11, 10]
[12, 8]
[13, 7]
[14, 5, 1]
[14, 4, 2]
[13, 2, 2, 2]
[13, 3, 1, 3]
[17, 3]
[13, 3, 3]
[12, 4, 2]
[20]
[23]
[24]
[24]
[25]
[26, 1]
[29, 3]
[35]
[39]
[37]
[36]
[39]
[41]
[38]
[39]
[40]
[42]
[43]
[44]
[45]
[29, 9]
[29, 7]
[27, 3]
[29, 2]
[2, 27]
[1, 28]
[29]
[5, 13, 6]
[6, 6, 4, 1]
[6, 6, 4]
[2, 4, 5, 3]
[1, 3, 4]
[1, 2, 3]
[1, 1, 1]

left_values
[9]
[16]
[21]
[24]
[30]
[33]
[33]
[37]
[42]
[45]
[42, 1]
[44]
[45]
[41, 5]
[42, 4]
[13, 29]
[12, 30]
[8, 1, 32]
[40]
[4, 38]
[7, 37]
[9, 28, 5]
[12, 28]
[11, 2, 28]
[10, 4, 29]
[9, 5, 28]
[9, 3, 27]
[8, 2, 22, 2]
[7, 21, 1]
[6, 21]
[4, 13, 5]
[4, 14, 5]
[3, 14, 5]
[2, 14, 4]
[1, 16, 3]
[16, 2]
[1, 14, 2]
[1, 2, 11]
[1, 2, 8]
[1, 1, 8]
[1, 4, 2]
[4, 2]
[3, 1]
[2]
[1]
