Puzzle number: 71891
width:  45
height:  34
solved_count:  1350
AVE_TIME:  '00:29:48'
ave_time_count:  115

top_values
[34]
[1, 3, 2, 5, 1]
[1, 2, 3, 1, 3, 1]
[1, 2, 2, 1, 3, 1]
[1, 2, 1, 3, 1]
[1, 2, 1, 2, 1]
[1, 2, 1, 2, 1]
[1, 2, 2, 1, 1]
[1, 1, 1, 3, 2]
[1, 2, 1, 3, 2, 2]
[1, 1, 2, 2, 2, 2]
[1, 1, 3, 2, 2, 2]
[1, 2, 4, 1, 2, 2]
[1, 1, 7, 3, 5]
[1, 2, 2, 5, 2, 1]
[1, 1, 1, 4, 2, 1]
[3, 2, 2, 3]
[2, 1, 2, 2]
[2, 2, 2, 2]
[1, 1, 1, 4, 2]
[1, 1, 1, 3, 3, 2]
[1, 1, 5, 3, 1]
[1, 1, 1, 1, 1, 2, 1]
[1, 1, 1, 1, 1, 2, 1]
[1, 1, 1, 6, 2, 1]
[1, 1, 1, 1, 2, 1, 1]
[1, 1, 1, 2, 2, 1, 1]
[1, 1, 2, 2, 4, 6, 1]
[1, 1, 1, 1, 1, 1, 1, 1, 1, 1]
[1, 2, 1, 1, 1, 1, 1, 1, 1, 1, 1]
[1, 5, 1, 2, 1, 1, 1, 1]
[1, 5, 1, 2, 1, 1, 1]
[1, 3, 2, 3, 1, 1, 2]
[1, 3, 2, 1, 1, 5, 2]
[1, 3, 4, 1, 1, 3]
[1, 5, 2, 2, 1, 1]
[1, 2, 8, 2, 2, 1]
[1, 2, 2, 1, 2, 1, 1]
[2, 2, 2, 1, 3, 1, 1]
[3, 3, 7, 2, 1]
[1, 1, 3, 1, 1, 1]
[1, 1, 4, 1, 2, 1]
[1, 2, 2, 1, 2, 2, 1]
[1, 2, 2, 3, 2, 1]
[34]

left_values
[45]
[1, 3, 2, 1]
[1, 3, 2, 1]
[1, 3, 2, 1]
[1, 4, 12, 3]
[1, 3, 3, 2, 2]
[1, 2, 3, 1, 1, 1]
[1, 2, 2, 4, 2, 4]
[1, 2, 1, 2, 1, 5, 3, 2]
[1, 2, 1, 2, 7, 13, 1]
[1, 2, 1, 2, 1, 11, 1]
[3, 1, 1, 1, 9, 1]
[2, 2, 1, 1, 2, 2, 1]
[2, 2, 1, 1, 2, 4, 3, 1]
[1, 1, 1, 2, 3, 1, 1, 2, 3, 1]
[2, 2, 1, 1, 1, 1, 1, 2, 1, 2, 1]
[3, 1, 1, 1, 1, 2, 1, 1, 2, 1]
[1, 1, 2, 2, 1, 1, 1, 2, 1, 1, 2, 1]
[1, 2, 2, 2, 1, 1, 1, 1, 1, 1, 1, 1, 3]
[1, 1, 2, 3, 1, 4, 1, 3, 4, 2]
[1, 4, 2, 2, 2, 4, 1, 1, 2]
[4, 2, 1, 2, 2, 2, 1]
[2, 1, 2, 7, 1, 1]
[2, 2, 2, 1, 1, 2, 1]
[3, 1, 2, 1, 1, 2, 1]
[3, 2, 4, 1, 2, 1]
[1, 2, 2, 9, 2]
[1, 2, 2, 3]
[1, 2, 2, 2, 1]
[1, 2, 2, 3, 1]
[1, 2, 3, 4, 1]
[1, 2, 4, 3, 1]
[1, 6, 5, 3, 1]
[45]
