Puzzle number: 71953
width:  35
height:  50
solved_count:  463
AVE_TIME:  '00:43:01'
ave_time_count:  103

top_values
[5]
[12, 2]
[14, 2, 3]
[15, 8]
[19, 4]
[22, 6]
[23, 7]
[23, 1, 4]
[23, 2, 4]
[24, 5, 4]
[17, 4, 2, 3, 3]
[13, 2, 3, 2, 2]
[12, 1, 1, 2, 4, 5]
[12, 1, 2, 2, 7, 3]
[12, 2, 3, 3, 5, 2]
[12, 1, 2, 2, 4, 2]
[13, 2, 4, 2]
[14, 1, 1, 4, 7]
[14, 4, 4, 4, 1]
[14, 1, 2, 11, 3]
[13, 1, 2, 2, 8, 5]
[13, 2, 3, 2, 2, 5, 2]
[13, 1, 2, 2, 5, 2]
[13, 1, 2, 2, 3]
[16, 3, 2, 4]
[28, 7]
[24, 3]
[23, 2]
[25, 2]
[3, 22, 3]
[2, 22, 2]
[2, 2, 19, 3]
[2, 2, 18, 3]
[2, 1, 15, 5]
[1, 1, 12, 4]

left_values
[6, 3]
[12, 3]
[15, 3]
[17, 3]
[17, 2]
[21, 4]
[27]
[26]
[28]
[29]
[29]
[32]
[32]
[12, 3, 12]
[11, 11]
[10, 1, 1, 11]
[10, 4, 4, 11]
[10, 10]
[10, 10]
[10, 3, 3, 10]
[9, 3, 3, 10]
[9, 2, 2, 10]
[9, 2, 10]
[9, 1, 10]
[9, 1, 10]
[7, 2, 10]
[6, 8]
[5, 1, 2, 1, 1, 4]
[3, 2, 6, 1]
[1, 4, 2]
[1, 2, 1]
[2, 2]
[2, 2]
[2, 2]
[2, 3]
[1, 2]
[2, 2]
[4, 3]
[5, 6]
[2, 4, 2, 4]
[4, 3, 2, 1, 3]
[2, 1, 3, 2, 1, 5]
[4, 2, 4, 1, 2, 2, 3]
[5, 1, 6, 1, 1, 3]
[7, 2, 5, 1, 1, 2]
[2, 6, 2, 3, 2, 2, 3]
[1, 1, 5, 1, 2, 2, 1, 3]
[1, 2, 4, 2, 1, 2, 2, 2]
[1, 2, 10, 6, 2]
[1, 2, 15, 2]
