Puzzle number: 72022
width:  45
height:  30
solved_count:  2042
AVE_TIME:  '00:02:29'
ave_time_count:  159

top_values
[]
[]
[]
[]
[]
[]
[]
[]
[]
[]
[]
[]
[]
[7]
[5]
[3]
[2]
[2]
[2]
[1]
[1]
[]
[]
[1]
[1]
[2, 2]
[2, 3]
[3, 4]
[17, 6]
[27]
[26]
[26]
[1, 3]
[2]
[2]
[3]
[3]
[4]
[5]
[6]
[8]
[2, 11]
[2, 10]
[2, 8]
[2, 6]

left_values
[8, 22]
[6, 7, 12]
[3, 5, 6]
[2, 4, 4]
[2, 4, 4]
[1, 4, 6]
[1, 4, 5]
[4, 5]
[4, 4]
[4, 4]
[4, 4]
[4, 3]
[4, 3]
[4, 2]
[4, 2]
[4]
[4]
[3]
[3]
[3]
[3]
[3]
[4]
[5]
[5]
[5]
[3]
[3]
[4]
[2]
