Puzzle number: 72325
width:  45
height:  45
solved_count:  378
AVE_TIME:  '00:20:29'
ave_time_count:  105

top_values
[6]
[6]
[2, 5]
[1, 5]
[2, 2, 3]
[1, 2, 3]
[2, 1, 4]
[2, 2, 4]
[1, 2, 4]
[1, 2, 2, 5]
[1, 2, 2, 5]
[1, 2, 2, 4]
[1, 2, 1, 4]
[1, 2, 2, 4]
[3, 3, 4]
[3, 4, 4]
[3, 5, 4]
[3, 3, 2, 5]
[3, 2, 2, 5]
[2, 2, 2, 5]
[2, 3, 3, 4]
[2, 6, 4]
[2, 5, 4]
[2, 4, 4]
[1, 1, 3, 4]
[1, 1, 3, 4]
[8, 6]
[6, 12]
[5, 7]
[]
[]
[2]
[22, 6]
[45]
[45]
[15, 13]
[9, 9]
[4, 7, 6]
[4, 10]
[2, 7]
[6, 6]
[5, 10]
[3, 8]
[2, 6, 5]
[5, 10]

left_values
[5, 2, 5]
[5]
[5]
[5]
[4]
[5]
[5]
[5]
[1, 5]
[2, 4]
[2, 4]
[3, 4]
[11, 4]
[7, 2, 4]
[3, 2, 4]
[3, 1, 3]
[3, 2, 3]
[3, 8, 3]
[3, 9, 3]
[3, 8, 2, 3]
[3, 3, 3, 2, 3]
[3, 3, 3, 2, 3]
[2, 3, 3, 2, 3]
[3, 8, 2, 3]
[3, 9, 3, 3, 1]
[3, 5, 3, 3, 1, 2]
[2, 6, 2, 3, 2, 2]
[6, 3, 2, 2, 2, 1]
[4, 4, 2, 2, 2, 1]
[4, 4, 2, 3, 2, 2]
[11, 9, 5, 2, 2]
[23, 5, 2, 2]
[20, 5, 2, 2]
[17, 5, 2, 2]
[11, 4, 2, 2]
[4, 2, 2, 1]
[4, 2, 2, 1]
[4, 2, 2, 1]
[3, 2, 2, 1]
[4, 2, 3, 1]
[4, 2, 2, 2]
[4, 2, 2, 2]
[4, 2, 2, 2]
[4, 2, 2, 2]
[4, 2, 2]
