Puzzle number: 73042
width:  30
height:  30
solved_count:  1897
AVE_TIME:  '00:07:33'
ave_time_count:  100

top_values
[3, 3, 1]
[3, 6]
[3, 4]
[5]
[]
[]
[]
[]
[]
[3]
[3]
[3]
[3, 2]
[3, 5]
[2, 6]
[2, 8]
[3, 9]
[3, 11]
[3, 8, 3]
[4, 8, 2]
[4, 7, 2, 2]
[5, 6, 2, 4]
[5, 6, 9]
[4, 6, 10]
[3, 5, 11]
[2, 5, 10]
[2, 2, 3, 10]
[2, 7, 8]
[2, 16, 2]
[1, 15, 4]

left_values
[]
[2]
[2]
[2]
[2]
[2]
[2]
[3, 2]
[3, 3]
[3, 4]
[3, 4]
[4, 3]
[3, 1, 3]
[3, 7]
[3, 8]
[3, 6, 2]
[1, 2, 6, 3]
[1, 2, 6, 4]
[2, 2, 6, 5]
[1, 2, 6, 6]
[2, 1, 5, 7]
[1, 2, 5, 8]
[2, 1, 6, 7]
[1, 1, 2, 5, 7]
[2, 1, 1, 13]
[4, 2, 6, 1, 5]
[3, 1, 5, 1, 6, 1]
[2, 2, 7, 5, 1]
[2, 1, 7, 5, 2]
[2, 1, 7, 5, 2]
