Puzzle number: 73053
width:  30
height:  30
solved_count:  1756
AVE_TIME:  '00:09:21'
ave_time_count:  125

top_values
[30]
[4, 1, 2, 20]
[8, 21]
[2, 2, 1, 22]
[1, 1, 2, 1, 20]
[4, 1, 2, 4, 15]
[1, 1, 2, 1, 21]
[1, 1, 1, 2, 1, 2, 16]
[1, 1, 1, 1, 19]
[1, 3, 4, 1, 4, 10]
[1, 1, 1, 1, 4, 13]
[1, 1, 4, 1, 4, 11]
[1, 1, 1, 1, 4, 1, 2, 9]
[1, 1, 1, 1, 6, 2, 9]
[1, 3, 1, 1, 4, 2, 7]
[10, 1, 1, 2, 10]
[3, 10, 1, 2, 8]
[1, 15, 1, 5, 1, 1]
[24, 2, 1]
[5, 18, 1, 2]
[4, 6, 2, 9, 2, 1]
[3, 1, 2, 2, 2, 3, 2, 1, 3]
[2, 1, 1, 2, 2, 1, 3, 2, 1, 1]
[1, 1, 2, 6, 4]
[2, 2, 9, 1]
[4, 1, 3, 1]
[2, 6, 3]
[1, 4, 3]
[1, 1, 2, 1, 7]
[9, 5, 5, 1]

left_values
[4, 3, 2, 3]
[6, 2, 1, 5]
[3, 3, 1, 2, 5, 1]
[6, 4, 1, 4, 2]
[1, 2, 4, 3, 3, 1, 1]
[3, 3, 4, 1, 2, 2, 1]
[1, 3, 2, 6, 1]
[3, 3, 10, 1]
[2, 3, 3, 9, 1]
[1, 2, 4, 11, 1]
[7, 3, 6, 2, 1]
[10, 8, 2]
[9, 4, 6, 1, 1]
[7, 3, 9, 3, 1]
[5, 3, 4, 4, 2, 2]
[12, 9, 1, 1]
[10, 4, 4, 2, 2]
[12, 10, 3]
[11, 4, 4, 3]
[9, 4, 6, 3]
[12, 3, 3, 5]
[16, 12]
[14, 10, 2]
[21, 7]
[19, 3, 4]
[18, 3, 3, 2]
[17, 3, 3, 3]
[19, 3, 5]
[17, 3, 2, 3]
[20, 3, 2, 2]
