Puzzle number: 73072
width:  30
height:  30
solved_count:  1872
AVE_TIME:  '00:09:17'
ave_time_count:  129

top_values
[]
[9]
[15]
[7]
[7]
[22]
[8, 5, 7]
[5, 3, 13]
[19, 6]
[15, 4, 6]
[21, 6]
[14, 7, 3]
[22]
[23, 2]
[26, 1, 1]
[28, 1]
[22, 2, 1]
[11, 1, 1]
[2, 1]
[6]
[2, 3, 11]
[2, 17]
[2, 15]
[8]
[1, 3, 4, 2]
[1, 3, 4, 3]
[9, 6]
[12, 8]
[13, 3]
[17, 6]

left_values
[1, 11, 3, 1, 1]
[2, 11, 3, 4]
[2, 11, 1, 4]
[2, 12, 5]
[2, 12, 4]
[2, 2, 9, 5]
[2, 2, 10, 5]
[2, 2, 10, 5]
[2, 1, 11, 4]
[2, 14, 4]
[1, 14, 3]
[2, 2, 10, 3]
[2, 13, 2, 2]
[16, 2, 2]
[4, 4, 6, 3, 1]
[3, 2, 8, 2, 1]
[3, 11, 3, 1, 1]
[14, 3, 1]
[13, 5]
[4, 8, 5, 1]
[4, 7, 5, 1]
[4, 6, 7]
[4, 4, 7, 1]
[4, 3, 6, 1]
[4, 4, 6, 2, 1]
[3, 3, 4, 2, 1]
[2, 3, 3, 2, 1]
[3, 3, 2, 5]
[2, 2, 6]
[2, 5, 6]
