Puzzle number: 73090
width:  30
height:  30
solved_count:  2095
AVE_TIME:  '00:06:41'
ave_time_count:  131

top_values
[2, 1, 13]
[3, 1, 4, 8]
[3, 5, 8]
[3, 8, 3]
[2, 4, 1, 2, 2]
[1, 1, 3, 9]
[1, 2, 8, 3]
[1, 1, 2, 12]
[2, 2, 8, 2]
[3, 13, 2]
[2, 2, 9, 2]
[17, 2]
[4, 11, 1]
[4, 14]
[4, 11, 1]
[3, 9, 2, 1]
[3, 14]
[3, 11, 2]
[2, 12, 3]
[2, 11, 5]
[2, 13, 5]
[2, 13, 7]
[15, 8]
[15, 9]
[13, 1, 11]
[16, 11]
[13, 1, 12]
[12, 2, 2, 11]
[14, 15]
[13, 4, 10]

left_values
[3, 1, 1, 1, 1, 5]
[5, 22]
[30]
[7, 8]
[5, 12]
[4, 15]
[4, 19]
[8, 21]
[4, 22]
[30]
[5, 24]
[4, 25]
[2, 24, 2]
[1, 2, 21, 2]
[15, 8, 3]
[3, 15, 3, 2, 2]
[3, 3, 1, 6, 2, 3]
[4, 1, 1, 1, 1, 1, 4, 7]
[8, 14, 2]
[14, 11]
[3, 6, 11]
[2, 11]
[10]
[9]
[9]
[8]
[6]
[6]
[4]
[3]
