Puzzle number: 73407
width:  25
height:  30
solved_count:  2286
AVE_TIME:  '00:15:46'
ave_time_count:  328

top_values
[1]
[1]
[1]
[1]
[1, 2]
[1, 1, 1]
[9, 4]
[1, 1, 1, 2, 2]
[1, 2, 3, 4]
[1, 3, 6]
[1, 1, 3, 3, 4, 1]
[1, 4, 1, 2, 3, 5]
[1, 2, 5, 5, 1]
[1, 5, 2, 5]
[1, 4, 2, 7]
[1, 4, 3, 5]
[1, 1, 3, 5]
[1, 2, 3, 3]
[1, 1, 1, 2, 2]
[9, 5, 2]
[1, 1, 1, 2]
[1, 2, 2]
[1]
[1]
[1]

left_values
[25]
[1, 1]
[1, 1]
[1, 1]
[1, 1]
[1, 1]
[1, 1]
[1, 1]
[3, 3]
[1, 1, 4, 1, 1]
[1, 1, 1, 5, 1, 1, 1]
[3, 1, 3, 3]
[1, 7, 1]
[3, 3, 3]
[4, 1, 6]
[10]
[2, 2, 2]
[1, 1]
[4]
[3]
[7]
[9]
[10]
[3, 3]
[3, 3, 1]
[3, 6]
[2, 3, 1]
[2]
[2]
[2]
