Puzzle number: 73817
width:  50
height:  45
solved_count:  339
AVE_TIME:  '00:35:57'
ave_time_count:  105

top_values
[1]
[1]
[1]
[1]
[1]
[1]
[2]
[1]
[2]
[2]
[4]
[3, 2]
[5]
[2, 6, 2]
[7, 3, 2, 2, 4]
[1, 3, 3, 5, 7]
[1, 2, 3, 3, 3]
[1, 2, 3, 4]
[1, 8, 3, 4]
[1, 4, 1, 3, 2]
[1, 4, 2, 3, 4]
[3, 2, 2, 2, 2, 2]
[6, 1, 4, 1]
[3, 1, 4, 3]
[1, 2, 4, 1, 3]
[7, 6]
[6, 2, 2]
[4, 2]
[6, 2]
[2, 2, 2]
[1, 4, 2]
[2, 4, 1]
[2, 4, 1]
[3, 1, 4]
[3, 1, 1, 2]
[3, 4, 3, 1]
[4, 2, 1, 1, 3]
[3, 1, 3, 1, 2]
[1, 2, 3, 3, 1]
[1, 3, 5, 1]
[1, 6]
[1, 1, 2, 1]
[4, 3]
[4, 3, 3]
[3, 2, 4, 9]
[9, 14]
[4, 3, 1, 4, 1, 11]
[4, 5, 4, 2, 2, 1, 5, 2, 3]
[17, 4, 1, 2, 5, 2, 2]
[3, 2, 4, 4, 2, 2, 3, 2, 2]

left_values
[2]
[2]
[8, 3]
[6, 5, 3, 3]
[2, 2, 9, 4, 2]
[1, 2, 7, 3, 3, 1]
[7, 2, 3, 1]
[12, 1, 4, 1]
[3, 6, 2, 3, 3, 1]
[1, 3, 1, 10, 2]
[3, 1, 1, 3, 3, 2]
[2, 1, 4, 1, 1]
[3, 1, 2, 1, 2, 2]
[1, 2, 3, 4, 2, 3]
[5, 2, 5, 2, 4]
[4, 1, 14, 1, 4]
[1, 2, 6, 5, 1, 4, 2, 4]
[30, 2]
[7, 32, 1]
[2, 2]
[6]
[6]
[6]
[1, 1, 1]
[3, 1]
[7]
[1, 1]
[5]
[5]
[3]
[4]
[2, 1]
[6]
[1, 2]
[5]
[5]
[5]
[1, 2]
[2, 5]
[1, 2, 5]
[1, 1, 2, 1, 2]
[2, 4, 2, 1, 2]
[5, 1, 3, 1, 1, 4]
[6, 2, 4, 3, 1, 4]
[6, 7, 1, 3, 2, 1]
