Puzzle number: 73956
width:  30
height:  25
solved_count:  1911
AVE_TIME:  '00:16:12'
ave_time_count:  156

top_values
[9]
[3, 3, 4]
[2, 2, 2, 4]
[2, 2, 2, 4]
[1, 1, 1, 2]
[2, 1, 1, 1]
[1, 2, 2, 2]
[1, 1, 1, 1, 1, 2]
[1, 1, 1, 1, 1, 1, 1, 1]
[1, 1, 1, 1, 1, 1, 1, 2]
[1, 1, 2, 1, 7]
[1, 1, 1, 10]
[1, 2, 13]
[2, 1, 12]
[1, 1, 12]
[2, 2, 12]
[2, 2, 10]
[3, 9]
[9, 3, 1]
[8]
[9]
[9]
[2, 3]
[6]
[4, 2]
[2, 5, 3]
[3, 4, 5]
[2, 4, 5]
[5, 3, 1]
[2, 1]

left_values
[9]
[3, 3]
[2, 2]
[2, 2]
[1, 1, 2]
[2, 7, 2, 4]
[1, 4, 4, 1, 4]
[1, 2, 2, 1, 2]
[3, 3, 2]
[2, 2, 2]
[3, 3, 2]
[1, 2, 4, 2]
[1, 4, 7, 2]
[2, 13, 1, 2]
[1, 1, 6, 3, 2]
[1, 1, 7, 6]
[2, 1, 8, 3, 4]
[1, 1, 6, 3, 2, 3]
[1, 1, 7, 6, 4]
[2, 1, 8, 11]
[1, 1, 6, 10]
[1, 1, 7, 3, 2]
[2, 1, 6, 2, 1]
[4, 6, 2]
[7]
