Puzzle number: 74047
width:  36
height:  33
solved_count:  3017
AVE_TIME:  '00:03:35'
ave_time_count:  213

top_values
[19, 1, 2, 3, 3]
[19, 1, 2, 3, 3]
[19, 1, 2, 3, 3]
[19, 2, 4, 3]
[19, 1, 3, 3]
[20, 3, 3]
[18, 2, 3]
[18, 1, 3]
[18, 1, 3]
[17, 4]
[16, 3]
[16, 3]
[15, 3]
[15, 3]
[14, 3]
[13, 3]
[13, 3]
[13, 1]
[12]
[12]
[11]
[10]
[10]
[9]
[8]
[8]
[7]
[7]
[6]
[5]
[5]
[4]
[3]
[3]
[2]
[1]

left_values
[19]
[35]
[34]
[32]
[31]
[29]
[28]
[26]
[24]
[23]
[21]
[20]
[18]
[17]
[15]
[14]
[12]
[10]
[9]
[6]
[1]
[5]
[1]
[3]
[3]
[1]
[6]
[7]
[9]
[1]
[17]
[17]
[18]
