Puzzle number: 74830
width:  50
height:  50
solved_count:  344
AVE_TIME:  '00:59:16'
ave_time_count:  104

top_values
[]
[3, 3]
[5, 3]
[4, 4, 4]
[3, 4]
[3, 15]
[4, 14]
[17]
[7, 4, 4]
[5, 6, 2]
[3, 7]
[3, 9]
[2, 4]
[1, 4, 3]
[2, 3, 4]
[4, 2, 3]
[3, 4, 2, 2]
[2, 3, 3, 1]
[4, 2, 3, 4, 2]
[5, 3, 3, 2, 6]
[3, 2, 9]
[14, 1, 7]
[16, 7]
[6, 3, 5, 2]
[4, 8, 5, 4]
[4, 2, 4, 5]
[14, 5, 6]
[11, 13]
[7, 14]
[4, 13, 16]
[3, 17, 14]
[3, 20, 13]
[2, 7, 13, 11]
[1, 12, 10, 9]
[18, 8, 5]
[21, 8, 1]
[5, 5, 9]
[1, 2, 2, 13]
[1, 12, 13]
[1, 22, 12]
[2, 3, 14, 10]
[1, 3, 13, 8]
[1, 9, 11, 8]
[1, 7, 2, 10, 7]
[2, 5, 18, 15]
[2, 3, 24, 13]
[2, 1, 5, 12, 12]
[2, 3, 20]
[2, 2, 12, 18]
[2, 20, 11]

left_values
[2]
[6]
[8]
[4]
[3]
[2, 2, 3, 1]
[2, 3, 1, 3, 2]
[2, 3, 1, 2, 1]
[4, 3, 2, 3, 2]
[4, 4, 1, 2, 1]
[4, 4, 1, 2, 1, 1]
[5, 4, 1, 2, 2, 1]
[5, 5, 2, 1, 2, 1]
[5, 5, 2, 2, 1, 1]
[6, 6, 2, 2, 2, 2]
[3, 2, 6, 2, 2, 2, 2]
[2, 2, 6, 2, 1, 2, 2]
[3, 2, 3, 3, 2, 2, 2]
[3, 2, 3, 3, 2, 2, 2]
[4, 2, 3, 3, 2, 2, 2]
[2, 1, 1, 3, 3, 3, 2, 2]
[2, 1, 1, 4, 2, 3, 3, 2]
[1, 2, 1, 1, 4, 2, 3, 3, 2]
[2, 2, 1, 1, 4, 2, 3, 2, 2]
[2, 2, 2, 4, 3, 3, 2, 2]
[2, 2, 2, 4, 2, 3, 3, 2]
[3, 2, 4, 5, 2, 3, 3, 1]
[4, 1, 3, 5, 1, 3, 3, 1]
[5, 7, 5, 2, 3, 3, 1]
[5, 1, 5, 6, 1, 4, 3, 1]
[5, 2, 4, 5, 3, 4]
[6, 3, 4, 3, 4]
[6, 3, 4, 4, 4]
[3, 2, 1, 4, 1, 4, 4, 4]
[2, 3, 3, 2, 2, 4, 3, 4]
[2, 3, 5, 4, 4, 4, 4]
[2, 3, 5, 4, 4, 4, 4]
[2, 4, 1, 4, 6, 4, 4, 3]
[1, 5, 3, 1, 7, 5, 8]
[5, 6, 10, 5, 8]
[15, 12, 5, 7]
[2, 8, 14, 6, 7]
[1, 7, 3, 15, 7, 6]
[2, 7, 4, 5, 8, 13]
[1, 1, 3, 3, 3, 5, 9, 13]
[1, 1, 2, 3, 2, 4, 10, 13]
[1, 2, 1, 2, 4, 12, 12]
[1, 2, 1, 1, 3, 10, 12]
[1, 2, 3, 7, 12]
[1, 2, 3, 5, 3, 7]
