Puzzle number: 74922
width:  30
height:  30
solved_count:  2982
AVE_TIME:  '00:13:11'
ave_time_count:  433

top_values
[8, 1]
[10, 1]
[13, 1]
[6, 7, 1]
[2, 7, 5, 1]
[2, 1, 6]
[7, 4]
[8, 4]
[3, 2, 3]
[3, 1, 3]
[2, 1, 3]
[2, 1, 1, 2, 2, 2, 2, 3]
[3, 1, 2, 2, 2, 2, 3]
[1, 1, 1, 3]
[3, 1, 2, 3]
[3, 3, 3, 3]
[3, 2, 2, 1, 2]
[8, 2, 2, 5]
[5, 2, 3, 3, 3]
[4, 8, 1]
[4, 3, 8, 4, 1]
[13, 7, 1]
[8, 14, 1]
[10, 9, 1]
[5, 1, 5]
[5, 1, 1]
[1, 1, 1]
[2, 1, 1]
[1, 1, 1]
[1]

left_values
[7, 1, 1, 1]
[5, 3, 1, 1, 1]
[3, 1, 4, 2, 5]
[3, 3, 4]
[2, 2, 2, 2, 1, 7]
[2, 2, 1, 3]
[2, 2, 1, 6]
[2, 3, 2, 5]
[2, 3, 3]
[4, 5, 5]
[2, 2, 2, 4]
[2, 2, 3]
[1, 2, 5]
[2, 3, 2]
[3, 3, 3]
[4, 2, 2, 4]
[6, 2, 1, 5]
[3, 1, 1, 5]
[3, 1, 5]
[3, 1, 2, 5]
[5, 2, 2, 3]
[4, 5]
[4, 1, 5]
[5, 2, 3, 2]
[5, 2, 5]
[4, 6]
[5, 2, 3]
[12, 5]
[14]
[24]
