Puzzle number: 75229
width:  40
height:  50
solved_count:  311
AVE_TIME:  '00:17:32'
ave_time_count:  100

top_values
[3, 3, 3, 9, 5]
[8, 3, 8, 2, 1]
[2, 3, 6, 3]
[9, 4, 4]
[4, 6]
[12]
[8]
[6]
[5]
[1, 4]
[2, 4]
[1, 3]
[6]
[4, 5]
[6, 2, 2]
[7, 4, 2]
[3, 4, 2, 2]
[5, 1, 2]
[5, 5, 1, 1]
[5, 17]
[5, 18]
[4, 12, 2]
[4, 11, 1]
[6, 10, 3]
[5, 6, 1]
[3, 4, 1]
[3, 2, 2, 5, 2]
[3, 1, 5, 1]
[3, 4, 2]
[3, 2]
[3, 2]
[3, 8]
[3, 10]
[3, 2]
[3, 8]
[3, 3, 2]
[3, 7]
[3, 7]
[3, 4]
[7]

left_values
[3, 3]
[4, 4]
[2, 1, 4]
[1, 1, 4]
[1, 1, 2]
[1, 1, 3]
[2, 1, 3]
[2, 1, 2]
[1, 2, 3]
[3, 2]
[3, 3]
[2, 2]
[1, 3]
[2]
[3]
[2]
[3]
[3]
[2]
[3]
[2]
[2]
[3]
[3]
[3]
[3]
[3]
[3]
[3]
[2, 3]
[5, 3]
[1, 7, 3]
[2, 6, 3]
[2, 7, 1, 3]
[3, 7, 2, 3]
[3, 6, 2, 2]
[4, 6, 3, 2]
[5, 6, 2, 2, 2]
[6, 6, 1, 2, 2]
[6, 4, 1, 1, 1]
[2, 4, 1, 2, 1]
[1, 3, 1, 2, 2, 2]
[2, 3, 1, 2, 2, 2]
[1, 2, 2, 1, 2, 1, 2, 6]
[1, 4, 3, 1, 2, 2, 1, 3]
[9, 5, 2, 2, 1, 2]
[11, 9, 3, 1, 2]
[1, 12, 2, 1, 4, 1, 2]
[15, 3, 1, 4, 4]
[1, 23, 3]
