Puzzle number: 75264
width:  50
height:  50
solved_count:  330
AVE_TIME:  '00:34:44'
ave_time_count:  100

top_values
[16, 2, 2, 2, 8]
[15, 3, 1, 17]
[14, 7, 4, 10, 2]
[12, 22, 3]
[10, 2, 19, 1]
[9, 23]
[7, 17, 2]
[6, 11, 5]
[5, 11, 6]
[4, 11, 4]
[3, 11, 4]
[2, 12, 3, 5]
[2, 11, 2, 9]
[3, 5, 3, 11]
[3, 5, 1, 15]
[3, 4, 18]
[3, 3, 18]
[3, 2, 1, 1, 13]
[4, 2, 2, 15]
[2, 1, 2, 11]
[3, 1, 2, 9]
[2, 12]
[1, 3, 2, 3]
[5, 2, 2, 1]
[2, 4, 2, 8]
[2, 2, 10]
[2, 4]
[2, 2]
[2, 1]
[2, 1]
[2]
[2]
[2]
[2, 3]
[3, 2, 3]
[3, 4, 4]
[3, 5, 5]
[3, 6, 6]
[3, 8, 10]
[3, 7, 3, 7]
[8, 2, 3, 2, 4]
[7, 1, 1, 2, 2, 3]
[5, 1, 1, 4, 3]
[3, 1, 1, 2, 2, 2, 3]
[3, 2, 1, 2, 2, 3]
[2, 2, 2, 1, 3, 3]
[1, 3, 2, 2, 4]
[1, 3, 2, 4]
[1, 3, 3, 2, 4]
[1, 3, 4, 2, 4]

left_values
[3, 9, 14]
[13, 12]
[11, 3, 12]
[10, 4, 3, 3]
[9, 4, 5, 3]
[8, 3, 4, 4]
[7, 4, 5, 6]
[6, 3, 5, 4]
[6, 3, 4]
[5, 4, 6]
[4, 5, 6]
[4, 6, 4]
[4, 6, 2]
[3, 11, 1]
[2, 17]
[1, 17]
[3, 12]
[15]
[13]
[11]
[12]
[1, 7, 2]
[4, 5]
[4, 6]
[9]
[9]
[7]
[7, 7]
[7, 11]
[4, 2, 3]
[3, 2, 2]
[4, 6, 3, 2]
[5, 10, 1, 1]
[5, 2, 1, 2, 2]
[5, 2, 6, 2]
[6, 11, 14]
[4, 3, 4, 5, 5]
[2, 10, 2, 9, 2]
[4, 10, 2, 2, 3, 1]
[3, 10, 3, 2, 3, 1]
[3, 9, 3, 2, 4, 2]
[2, 10, 1, 1, 2, 2, 1]
[2, 10, 2, 2, 2, 2]
[2, 8, 2, 2, 1, 2]
[2, 9, 2, 2, 2]
[3, 9, 2, 1, 1]
[3, 8, 2, 2, 4]
[2, 8, 1, 11]
[2, 8, 1, 11]
[2, 7, 2, 10]
