Puzzle number: 75273
width:  50
height:  50
solved_count:  354
AVE_TIME:  '00:30:01'
ave_time_count:  102

top_values
[1, 47]
[1, 47]
[1, 3]
[1, 3]
[1, 3]
[6, 1]
[5, 2]
[5, 3]
[5, 4]
[5, 4]
[4, 4]
[4, 4, 3]
[4, 4, 4]
[3, 2, 5, 4]
[3, 4, 13]
[3, 1, 5, 16]
[3, 3, 6, 17]
[2, 4, 26]
[2, 6, 26]
[2, 7, 28]
[2, 8, 28]
[2, 2, 9, 29]
[6, 9, 28]
[6, 37]
[43]
[41, 2]
[40, 5]
[33, 3, 2, 4]
[32, 1, 2, 4]
[2, 27, 5, 2, 3]
[2, 26, 6, 2, 2]
[1, 24, 6, 2, 3]
[2, 23, 6, 2, 3]
[2, 23, 10, 3]
[2, 20, 1, 10, 2]
[1, 19, 2, 6, 2]
[1, 18, 2, 7, 2]
[1, 18, 3, 8, 2]
[1, 17, 3, 2, 6, 2, 2]
[1, 14, 2, 3, 6, 2, 2]
[13, 3, 4, 6, 1, 2, 3]
[12, 5, 4, 8, 1, 2]
[16, 5, 5, 2, 2]
[13, 6, 5, 1, 2]
[9, 7, 6, 1, 2]
[5, 8, 6, 2]
[4, 7, 8, 2]
[3, 4, 3, 10, 2]
[3, 10, 2, 13, 2]
[14, 3, 17]

left_values
[35, 2]
[31, 3, 2]
[12, 7, 3]
[13, 7, 2, 1]
[10, 8, 13, 1]
[6, 26, 1]
[2, 23, 1]
[2, 23, 1]
[2, 24, 1]
[2, 24, 1]
[2, 25, 2]
[2, 26, 2]
[2, 27, 2]
[2, 27, 2]
[2, 28, 1]
[2, 28, 2]
[2, 26, 2, 3]
[2, 4, 17, 2, 3]
[2, 17, 2, 4]
[2, 17, 2, 4]
[2, 17, 2, 3]
[2, 17, 2, 5]
[2, 17, 2, 6]
[2, 16, 2, 6]
[2, 18, 2, 5]
[2, 17, 2, 5, 1]
[2, 19, 2, 5, 2]
[2, 19, 2, 5, 2]
[2, 18, 2, 4, 2]
[2, 17, 2, 4, 3]
[2, 18, 2, 2, 4]
[2, 17, 10, 4]
[2, 11, 20]
[2, 11, 21]
[2, 35]
[2, 13, 21]
[2, 13, 21]
[2, 13, 3, 2, 1, 6]
[2, 14, 2, 2, 3]
[2, 15, 2, 3, 1]
[2, 16, 2, 3, 4]
[2, 16, 2, 2, 6]
[2, 17, 3, 2, 3]
[2, 5, 10, 3, 1, 2]
[2, 4, 9, 2, 3]
[2, 4, 9, 3, 3]
[2, 10, 3, 4]
[2, 11, 4, 8]
[2, 11, 10]
[2, 11, 6]
