Puzzle number: 75378
width:  50
height:  15
solved_count:  1454
AVE_TIME:  '00:31:01'
ave_time_count:  180

top_values
[3]
[2, 1]
[2, 1]
[2, 2]
[2, 2]
[2, 4]
[2, 1]
[1, 2, 1]
[3, 1, 2, 1]
[1, 1, 1, 5]
[1, 2, 1, 4, 1]
[1, 1, 1, 3, 1]
[1, 2, 4, 2]
[1, 1, 3, 2]
[1, 2, 2, 1]
[3, 1, 2]
[1, 1, 1, 2]
[3, 1, 1, 2]
[1, 1, 1, 1, 1]
[1, 2, 1, 1, 2, 1]
[1, 1, 8, 1]
[1, 2, 5, 4]
[1, 1, 3, 1]
[1, 3, 2, 1]
[4, 1, 2]
[2, 1, 1]
[4, 1, 1]
[1, 1, 1, 1, 1]
[1, 1, 3]
[1, 1, 1, 1, 3, 3]
[1, 1, 1, 3, 1]
[1, 1, 1, 1, 2, 1]
[1, 1, 3, 1]
[6, 1, 2]
[2, 1, 1]
[1, 2, 3]
[3, 3, 1]
[1, 2, 1, 2, 1]
[1, 1, 5, 1]
[1, 2, 1, 3]
[1, 1, 1, 3]
[1, 2, 1, 1]
[1, 1, 1, 1, 1]
[3, 2, 1]
[3, 1, 1]
[2, 3]
[2, 2]
[2, 1]
[2, 1]
[3]

left_values
[6, 6]
[1, 1, 1, 1]
[6, 1, 1, 1, 2, 2, 1, 1, 1]
[1, 12, 1, 6]
[1, 1, 1, 2, 11, 1, 1]
[16, 2, 2, 1, 1, 1]
[1, 25]
[2, 16, 1, 1, 1]
[2, 3, 2, 6, 11, 2]
[2, 4, 5, 1, 2, 1, 2]
[2, 4, 2, 2, 3, 2]
[2, 1, 5, 1, 3, 2, 2, 2, 2]
[2, 2, 4, 4, 2, 3, 2, 3, 3, 2]
[1, 3, 1, 2, 2, 1, 1, 1, 1, 2, 2, 1]
[4, 8, 5, 5, 15]
