Puzzle number: 75516
width:  45
height:  45
solved_count:  418
AVE_TIME:  '00:17:39'
ave_time_count:  100

top_values
[3, 12]
[2, 10]
[9, 4]
[1, 6, 2, 4]
[1, 4, 7]
[2, 6, 2, 2, 1]
[1, 9, 2, 3]
[2, 2, 2, 9]
[3, 2, 2, 3, 4]
[4, 5, 7]
[11, 6]
[11, 1, 2]
[11, 5, 1]
[11, 5, 2]
[5, 1, 2, 10]
[8, 2, 2, 6]
[1, 9, 2, 2, 1]
[1, 8, 4, 2]
[1, 4, 2, 4, 2]
[1, 2, 2, 4, 3]
[1, 4, 2, 7]
[2, 4, 1, 6]
[2, 4, 4, 3]
[3, 2, 1, 7, 1]
[9, 4, 2]
[4, 3, 5, 3]
[3, 3, 5, 4]
[6, 11]
[2, 3, 2, 11]
[2, 5, 2, 6]
[2, 5, 7]
[2, 2, 2, 5]
[9, 5]
[1, 5, 8]
[2, 4, 8]
[2, 10, 2]
[2, 2, 6, 11]
[2, 2, 18]
[2, 20]
[1, 2, 9, 2]
[5, 2, 5, 2]
[7, 4, 3]
[6, 5, 3]
[1, 3, 2, 2, 2, 3]
[1, 2, 2, 12]

left_values
[3, 14, 2, 5, 2]
[1, 11, 3, 3, 5]
[2, 10, 3, 3, 3]
[4, 9, 3, 3, 4]
[3, 9, 3, 4, 5]
[4, 4, 4, 5, 13]
[12, 5, 20]
[25, 9, 1, 4]
[4, 2, 5, 2, 3, 4, 2, 1, 10]
[3, 18, 18]
[40, 3]
[5, 1, 12]
[2, 20, 1, 15, 1]
[11, 9, 2, 20]
[5, 5, 3, 3, 2, 4, 5, 8]
[6, 1, 32, 1]
[17, 2, 17, 1]
[1, 5, 2, 6, 4, 3, 1]
[1, 3, 2, 5, 4, 3, 1]
[3, 2, 3, 3, 3, 2]
[2, 2, 3, 4, 3, 3]
[2, 2, 3, 3, 3, 4]
[2, 3, 4, 3, 3]
[2, 4, 6]
[3, 4]
[2]
[]
[]
[]
[]
[]
[]
[]
[]
[]
[]
[]
[]
[]
[]
[]
[]
[]
[]
[]
