Puzzle number: 75547
width:  50
height:  45
solved_count:  555
AVE_TIME:  '00:13:27'
ave_time_count:  116

top_values
[24]
[27]
[29]
[30]
[9, 18]
[7, 18]
[5, 18]
[4, 19]
[3, 22]
[3, 24]
[3, 25]
[3, 26]
[3, 27]
[2, 27]
[2, 11, 15]
[2, 10, 15]
[2, 8, 16]
[1, 7, 16]
[2, 7, 3, 18]
[1, 6, 5, 18]
[1, 5, 6, 19]
[5, 7, 19]
[5, 8, 19]
[6, 8, 19]
[5, 8, 14, 4]
[4, 8, 14, 4]
[5, 9, 14, 3]
[4, 10, 13, 2]
[5, 10, 13, 1]
[4, 12, 12]
[3, 13, 13]
[3, 13, 13]
[3, 14, 13]
[3, 15, 14]
[3, 15, 14]
[2, 16, 14]
[2, 5, 9, 14]
[3, 3, 9, 13]
[3, 3, 9, 13]
[2, 2, 10, 12]
[2, 1, 12, 12]
[2, 14, 13]
[2, 15, 13]
[1, 18, 14]
[1, 18, 13]
[1, 19, 14]
[1, 21, 14]
[1, 21, 13]
[1, 21, 12]
[22, 14]

left_values
[12]
[3, 11]
[3, 11]
[2, 9]
[2, 9]
[3, 8]
[3, 8]
[3, 7, 4]
[3, 7, 6, 5]
[3, 7, 7, 7]
[3, 6, 7, 7]
[4, 6, 7, 8]
[3, 6, 8, 9]
[4, 6, 7, 9]
[3, 7, 9, 10]
[4, 6, 11, 11]
[4, 6, 26]
[4, 6, 28]
[4, 6, 29]
[4, 6, 30]
[4, 7, 31]
[5, 6, 32]
[4, 7, 32]
[4, 6, 32]
[4, 6, 5, 13]
[4, 7, 10]
[4, 8, 17, 7]
[41, 4]
[44, 1]
[47]
[48]
[50]
[50]
[50]
[50]
[50]
[50]
[50]
[29, 20]
[27, 6, 9]
[24, 9]
[12, 11, 7]
[11, 11, 5]
[10, 10, 1]
[7, 11, 1]
