Puzzle number: 75782
width:  35
height:  15
solved_count:  1961
AVE_TIME:  '00:18:02'
ave_time_count:  219

top_values
[4]
[2, 1, 3]
[5, 1, 3, 1]
[1, 1, 3, 1]
[1, 1, 2, 4]
[1, 2, 1]
[1, 1, 3]
[1, 2]
[1, 1, 8, 1]
[4, 1, 1, 2, 1]
[4, 3]
[1, 1, 1]
[3]
[1]
[1, 1]
[1, 1]
[1, 1]
[1, 1]
[1, 1]
[1]
[3]
[1, 1, 1]
[4]
[1, 1]
[1, 1]
[3, 1, 1, 2, 2]
[1, 1, 2, 1, 2, 1, 1]
[1, 1, 3, 1]
[1, 1, 1, 1, 4]
[1, 1, 1, 1]
[1, 1, 1, 1, 1]
[1, 1, 2]
[10, 2]
[1, 1, 2, 1]
[2, 4]

left_values
[6, 6]
[1, 1, 1, 1]
[1, 1, 1, 2, 2, 1, 1, 1]
[1, 1, 1, 1]
[2, 2, 1, 1, 1]
[2, 1, 1, 1, 9, 1]
[2, 2, 1, 1, 9, 2]
[1, 2, 3, 1, 1, 11, 1]
[1, 2, 1, 9, 2, 1, 3]
[2, 1, 3, 1, 2, 1]
[1, 1, 2, 2, 2]
[1, 3, 2, 1, 3, 2]
[2, 1, 1, 2, 1, 1, 1, 1]
[1, 1, 2, 1, 1, 1, 2, 1]
[4, 4, 4, 3]
