Puzzle number: 75844
width:  30
height:  30
solved_count:  3819
AVE_TIME:  '00:02:59'
ave_time_count:  183

top_values
[14]
[16]
[7]
[5]
[5]
[8]
[9]
[5]
[2]
[3]
[5]
[6]
[5, 2]
[17, 3]
[17, 4]
[17, 3, 4]
[20, 4]
[23]
[27]
[30]
[30]
[30]
[30]
[30]
[30]
[30]
[30]
[30]
[30]
[30]

left_values
[2, 3, 17]
[2, 3, 17]
[2, 3, 17]
[2, 2, 17]
[2, 20]
[2, 19]
[2, 18]
[2, 18]
[2, 18]
[2, 17]
[2, 18]
[3, 18]
[3, 17]
[3, 17]
[2, 17]
[3, 17]
[2, 17]
[3, 14]
[3, 15]
[3, 1, 15]
[2, 3, 13]
[3, 2, 13]
[2, 1, 13]
[2, 2, 12]
[2, 1, 12]
[3, 1, 12]
[2, 2, 12]
[2, 1, 11]
[3, 1, 11]
[3, 1, 11]
