Puzzle number: 75858
width:  45
height:  50
solved_count:  368
AVE_TIME:  '00:44:16'
ave_time_count:  100

top_values
[2, 2, 1, 3, 3, 3]
[2, 2, 2, 4, 3, 3]
[3, 2, 2, 1, 6, 3]
[3, 2, 2, 1, 4, 4]
[2, 2, 1, 2, 3, 4]
[3, 3, 2, 3, 4]
[4, 2, 1, 3]
[2, 4, 3]
[2, 8]
[2, 2, 6]
[2, 2, 5]
[4, 5]
[1, 2, 5]
[3, 4, 5, 1, 3, 1]
[3, 2, 6, 17]
[4, 6, 17]
[5, 6, 2, 3, 2]
[3, 2, 2, 3, 2, 3, 2]
[1, 3, 3, 2, 2, 2, 1]
[3, 3, 2, 2, 2, 2]
[1, 3, 3, 2, 2, 5]
[2, 2, 2, 3, 3, 3, 4]
[5, 5, 2, 12]
[3, 5, 2, 2, 2]
[3, 3, 3, 2, 2]
[3, 3, 2, 1, 2]
[5, 4, 2, 3, 4, 2]
[2, 2, 2, 2, 2, 4, 2, 6]
[1, 3, 2, 2, 1, 2, 4, 3]
[3, 3, 2, 1, 2, 1]
[1, 3, 3, 2, 2, 11]
[3, 2, 2, 3, 2, 6, 1]
[5, 5, 2, 2, 3, 2]
[4, 5, 1, 1, 1, 6]
[6, 6, 2, 2, 2, 4, 2]
[3, 9, 2, 2, 3, 2]
[2, 2, 4, 2, 2, 2]
[3, 4, 1, 2, 3]
[2, 1, 4, 1, 7, 2]
[2, 2, 5, 1, 10]
[3, 7, 2, 2, 4]
[3, 3, 3, 2, 1, 1, 4]
[3, 2, 4, 2, 2, 2, 2]
[4, 2, 6, 2, 1, 2, 1]
[50]

left_values
[3, 2, 2, 2, 2, 2, 2, 2]
[5, 2, 2, 2, 1, 2, 2, 3, 2]
[3, 2, 5, 5, 5, 3]
[3, 2, 3, 5, 3, 4]
[1, 3, 2, 2, 2, 3, 3, 1]
[2, 4, 2, 2, 4, 3, 1]
[1, 3, 2, 5, 5, 2, 3, 1]
[2, 4, 3, 3, 4, 1]
[2, 3, 5, 5, 3, 1]
[3, 3, 5, 3, 2, 5, 3, 1]
[3, 3, 3, 5, 4, 3, 2]
[4, 25, 5]
[42, 1]
[4, 17, 12, 2]
[13, 11]
[6, 6, 8]
[2, 5, 6]
[3, 5, 3]
[7, 2]
[5, 1]
[3, 1]
[3, 1]
[3, 1]
[2, 1]
[1, 1]
[1]
[1]
[1]
[1]
[1]
[1]
[9, 1]
[16, 5]
[11, 11]
[9, 1]
[2, 2, 1]
[3, 10, 3]
[12, 2, 13, 1]
[10, 2, 2, 7, 1]
[4, 2, 4, 2, 1]
[3, 1, 1, 3, 1, 2, 1]
[2, 1, 3, 2, 3, 2, 1]
[4, 1, 1, 1, 1, 1, 1, 2, 2]
[6, 1, 1, 1, 1, 1, 2, 2, 3]
[2, 5, 3, 1, 3, 4, 1]
[2, 3, 1, 1, 2, 2, 1]
[6, 2, 3, 1, 1, 2, 4, 1]
[6, 2, 4, 2, 1, 1, 2, 2, 1]
[6, 2, 2, 6, 1, 6, 2, 1]
[3, 2, 2, 14, 4]
