Puzzle number: 75854
width:  45
height:  50
solved_count:  437
AVE_TIME:  '00:37:21'
ave_time_count:  113

top_values
[10, 3, 8, 8]
[12, 2, 3, 4, 3, 6]
[4, 11, 2, 3, 9, 4]
[16, 3, 3, 7, 3]
[14, 1, 2, 3, 5, 1]
[2, 2, 7, 7, 3, 3, 1]
[4, 7, 7, 1, 2, 2]
[4, 6, 6, 3, 5, 2]
[3, 6, 3, 16, 3]
[3, 6, 11, 2, 7]
[3, 5, 10, 2, 4]
[3, 6, 7, 6, 6]
[4, 6, 7, 2, 2]
[4, 7, 6, 1]
[5, 6, 7, 2]
[13, 2, 3, 2, 4, 2]
[16, 3, 2, 13]
[16, 3, 2, 6, 5]
[13, 3, 6, 8]
[8, 4, 4, 2, 4]
[6, 4, 5, 8]
[4, 2, 3, 4, 1]
[3, 2, 15]
[14, 9, 2]
[2, 15, 2]
[5, 14, 9, 2]
[16, 2, 14]
[14, 2, 3, 4, 1]
[3, 5, 8]
[4, 4, 2, 4]
[3, 6, 8]
[3, 2, 7, 5, 1]
[3, 2, 13]
[3, 2, 4, 2]
[6, 2]
[7, 2]
[3, 2, 2, 1]
[3, 2, 5, 2, 3]
[3, 2, 3, 3, 4]
[4, 4, 2, 5]
[4, 16, 2]
[5, 10, 2]
[4, 2, 1, 3]
[3, 2, 2, 2]
[50]

left_values
[3, 10, 2, 3, 1]
[14, 2, 3, 1]
[5, 13, 2, 1]
[8, 7, 3, 1]
[2, 3, 6, 3, 1]
[5, 6, 2, 1]
[5, 6, 2, 1]
[5, 6, 2, 1]
[5, 6, 2, 1]
[5, 6, 2, 1]
[5, 6, 2, 1]
[6, 5, 1, 2, 1]
[5, 6, 5, 1]
[9, 8, 7, 1]
[18, 8, 1]
[2, 10, 2, 11, 1]
[11, 4, 3, 4, 1]
[12, 4, 3, 4, 1]
[8, 4, 3, 4, 1]
[3, 3, 3, 1]
[3, 3, 4, 1]
[1, 4, 3, 4, 1]
[2, 4, 3, 4, 1]
[4, 5, 3, 6, 1]
[6, 6, 5, 2, 4, 1]
[14, 9, 5, 4, 1]
[17, 7, 3, 4, 1]
[8, 4, 4, 2, 5]
[4, 3, 3, 3, 2, 4]
[11, 4, 5, 6]
[11, 2, 2, 1, 2, 2, 1]
[4, 3, 2, 2, 2, 2, 3, 1]
[2, 5, 2, 1, 1, 2, 2, 3, 1]
[1, 5, 1, 2, 2, 2, 2, 2, 5]
[2, 2, 3, 1, 2, 2, 2, 2, 1, 2, 2]
[3, 2, 1, 1, 2, 2, 2, 2, 1, 2, 1]
[5, 2, 1, 1, 2, 2, 1, 2, 2, 1]
[4, 2, 2, 2, 2, 2, 2, 1, 2, 1]
[4, 4, 2, 2, 2, 2, 4, 2]
[1, 2, 5, 2, 2, 2, 2, 6]
[1, 2, 3, 2, 2, 2, 2, 2, 1]
[1, 2, 2, 2, 2, 2, 2, 2, 1]
[4, 2, 7, 7, 2, 1]
[3, 2, 10, 11, 2, 1]
[2, 11, 9, 8, 2, 1]
[2, 4, 2, 2, 1, 2, 2, 4, 1]
[3, 4, 3, 3, 3, 1]
[3, 5, 3, 3, 2, 3, 1]
[2, 3, 2, 3, 3, 2, 4]
[5, 2, 4, 5, 2, 3]
