Puzzle number: 75857
width:  45
height:  50
solved_count:  472
AVE_TIME:  '00:22:48'
ave_time_count:  110

top_values
[50]
[50]
[50]
[50]
[4, 4]
[4, 4]
[4, 4]
[50]
[50]
[50]
[4]
[4]
[4]
[50]
[50]
[1, 6, 24]
[4, 5, 3]
[4, 3, 4, 19]
[7, 3, 4, 22]
[5, 3, 3, 5, 3]
[3, 4, 2, 3, 4, 5, 3]
[5, 2, 3, 2, 2, 7, 3]
[3, 2, 2, 2, 3, 3, 3, 3]
[2, 2, 2, 3, 2, 2, 2, 3]
[2, 2, 2, 2, 3, 2, 3, 2, 3, 3]
[1, 1, 1, 2, 2, 2, 2, 2, 1, 2, 3, 3]
[2, 2, 2, 2, 3, 3, 2, 3, 3]
[1, 3, 2, 2, 2, 2, 2, 3, 3, 3]
[5, 2, 2, 2, 2, 7, 3, 3]
[4, 2, 2, 2, 3, 5, 2, 3]
[4, 11, 4, 3, 3]
[8, 5, 4, 3]
[6, 9, 3]
[2, 4, 3]
[3]
[10]
[13]
[9, 3]
[37, 3]
[35, 3]
[7, 4, 5, 3]
[5, 4, 5, 3]
[4, 3, 4, 3]
[4, 4, 4, 3]
[5, 5, 3, 3]

left_values
[4, 3, 3, 2, 2, 2, 3, 2, 3]
[4, 3, 2, 2, 2, 1, 2, 3, 4]
[4, 3, 2, 2, 2, 1, 2, 3, 5]
[4, 3, 3, 3, 2, 3, 2, 7]
[4, 3, 3, 2, 4, 3, 2, 7]
[4, 3, 3, 3, 6, 3, 7]
[4, 3, 4, 3, 2, 3, 2]
[4, 3, 4, 4, 3, 2, 1]
[4, 3, 5, 11, 2]
[4, 3, 2, 3, 6, 2]
[4, 3, 2, 3, 3]
[4, 3, 2, 4, 1, 4]
[10, 2, 12, 4]
[10, 2, 10, 7]
[10, 2, 1, 2, 4]
[10, 2, 1, 2, 3]
[4, 3, 2, 1, 2, 2]
[4, 3, 2, 1, 2, 1]
[4, 3, 2, 1, 2]
[4, 3, 2, 5, 1, 2]
[4, 3, 2, 11, 2]
[4, 3, 2, 7, 3, 2]
[4, 3, 2, 4, 2]
[4, 3, 2, 4, 1, 2, 1]
[4, 3, 2, 3, 8, 2, 2]
[4, 3, 5, 11, 2, 3]
[4, 3, 4, 4, 3, 2, 3]
[4, 10, 3, 3, 3, 2, 3]
[4, 9, 3, 7, 3, 5]
[4, 9, 2, 3, 4, 2, 4]
[4, 9, 3, 2, 2, 3, 4]
[4, 3, 3, 2, 2, 1, 2, 2, 3]
[4, 3, 3, 2, 2, 1, 2, 2, 3]
[4, 3, 3, 2, 2, 2, 3, 3, 3]
[4, 3, 3, 2, 2, 4, 2, 3]
[4, 3, 3, 2, 3, 2, 3, 2]
[4, 3, 3, 2, 2, 2, 3]
[4, 3, 3, 2, 9, 2]
[4, 3, 3, 2, 7, 2]
[4, 3, 3, 2, 5, 3]
[4, 3, 3, 2, 3]
[4, 3, 3, 2, 3]
[10, 3, 2, 2]
[10, 3, 2, 2]
[10, 3, 2, 2]
[10, 3, 2, 2]
[4, 3, 32]
[4, 3, 32]
[4, 3, 32]
[4, 3, 2]
