Puzzle number: 75867
width:  45
height:  45
solved_count:  647
AVE_TIME:  '00:15:02'
ave_time_count:  106

top_values
[25, 4, 3]
[26, 4, 3]
[10, 3]
[10, 3]
[3, 20]
[4, 19]
[3, 18]
[3, 4, 3]
[4, 4, 3]
[4, 4, 3]
[24, 4, 3]
[25, 4, 3]
[2, 2, 7, 4, 3]
[2, 2, 12, 3]
[2, 2, 13, 3]
[2, 2, 1, 4, 20]
[3, 3, 2, 4, 19]
[2, 2, 2, 3, 18]
[2, 2, 2, 4, 3, 1, 1, 3]
[2, 2, 2, 3, 3, 8]
[2, 1, 2, 3, 3, 7]
[2, 1, 2, 3, 3, 6]
[1, 2, 2, 2, 3, 3, 5]
[1, 2, 2, 1, 3, 3, 9]
[1, 2, 2, 1, 3, 3, 6]
[1, 3, 1, 1, 3, 3, 6]
[2, 2, 1, 5, 3, 7]
[2, 2, 1, 4, 3, 9]
[2, 2, 2, 4, 3, 5, 4]
[3, 3, 2, 4, 3, 3, 5]
[3, 2, 2, 4, 3, 5]
[3, 2, 2, 5, 3, 2, 3]
[4, 2, 2, 1, 3, 3, 2, 3]
[4, 2, 2, 2, 3, 3, 1, 3]
[2, 1, 2, 2, 3, 3, 1, 3]
[2, 2, 2, 2, 3, 3, 3]
[9, 1, 7, 3, 3]
[8, 2, 7, 3, 3]
[3, 2, 2, 2, 3, 3, 3]
[3, 1, 2, 2, 3, 3, 2, 3]
[3, 1, 2, 2, 3, 3, 6]
[2, 1, 1, 2, 3, 3, 2, 5]
[1, 2, 1, 2, 3, 3, 3, 4]
[2, 1, 1, 3, 3, 9]
[2, 2, 1, 3, 3, 8]

left_values
[2, 2, 12, 3]
[2, 2, 8, 3]
[2, 2, 8, 3]
[2, 2, 8]
[2, 2, 3]
[2, 2, 2]
[2, 2, 2]
[2, 2, 2]
[2, 2, 6, 2]
[2, 2, 14, 4]
[2, 10, 20]
[2, 7, 5, 3]
[2, 2, 4]
[2, 2, 9, 11]
[2, 2, 7, 14, 1]
[2, 7, 6, 5]
[2, 3, 10]
[2, 2, 7, 5]
[2, 2, 14, 4, 2]
[2, 5, 6, 2]
[2, 1, 37]
[45]
[45]
[17, 1]
[4, 4]
[4, 4]
[4, 4]
[45]
[45]
[45]
[13, 4]
[3, 3]
[3, 3]
[3, 3, 1, 1]
[3, 3, 1, 1]
[3, 3, 2, 1]
[3, 3, 1, 2, 2]
[3, 5, 1, 2, 1, 3]
[3, 3, 2, 1, 3, 2, 1, 2]
[3, 3, 3, 6, 2, 2, 2]
[3, 13, 3, 2, 2]
[3, 3, 12, 5]
[45]
[45]
[45]
