Puzzle number: 75992
width:  15
height:  15
solved_count:  5319
AVE_TIME:  '00:05:53'
ave_time_count:  601

top_values
[3, 4, 4]
[1, 1, 1, 1]
[1, 1, 3, 1, 3]
[1, 1, 2]
[1, 1, 1, 5]
[1, 1, 1, 1, 1]
[1, 1, 3, 4]
[1, 3, 1]
[1, 1, 1, 1, 1, 4]
[1, 1, 1, 1]
[1, 1, 1, 1, 4]
[1, 1, 1, 1]
[1, 1, 2, 1, 3]
[1, 1, 2, 1]
[8, 4]

left_values
[13]
[1, 1]
[1, 1, 1, 1, 1, 1, 1, 1]
[1, 1]
[1, 2, 2]
[1, 1, 2, 1, 1, 1, 1]
[1, 2, 3, 2, 1]
[1, 1, 3, 1]
[1, 1, 7]
[5, 1]
[1, 2, 3, 2, 1]
[1, 1, 1, 1, 1, 1, 1, 1]
[1, 1, 1, 1, 1, 1, 1, 1]
[1, 1, 1, 1, 1, 1, 1, 1]
[1, 1, 1, 1]
