Puzzle number: 76094
width:  50
height:  50
solved_count:  416
AVE_TIME:  '00:26:53'
ave_time_count:  100

top_values
[50]
[5, 6, 7, 7, 4]
[5, 6, 7, 7, 3]
[12, 14, 4]
[12, 9, 4, 3, 4]
[12, 13, 3, 1, 1, 2]
[12, 12, 2, 2, 1]
[30, 2, 3, 2, 1]
[5, 37, 4, 1]
[5, 5, 9, 17, 4]
[5, 6, 12, 2, 1, 1, 3]
[12, 12, 1, 8]
[12, 10, 1, 7]
[12, 6, 3, 5]
[12, 5, 3, 1]
[3, 8, 5, 2, 3]
[3, 8, 5, 2, 3]
[3, 6, 5, 1, 4]
[3, 6, 5, 3]
[3, 5, 5, 3]
[3, 5, 3, 2]
[3, 5, 2, 2]
[3, 5, 2, 2]
[9, 2, 1]
[8, 3, 2]
[8, 5, 2]
[8, 2, 3, 1]
[7, 2, 3, 2]
[7, 1, 3, 1]
[7, 2, 2]
[7, 2, 1]
[6, 2, 2]
[6, 1, 2, 1]
[6, 3, 2, 2, 1]
[6, 3, 2, 1, 2]
[5, 3, 2, 2, 2]
[5, 3, 2, 1, 2]
[5, 2, 3, 2, 1]
[5, 2, 2, 2, 1]
[5, 2, 2, 2, 1]
[6, 2, 2, 3]
[4, 3, 2, 2, 3]
[3, 4, 2, 2, 7]
[2, 4, 2, 2, 8]
[2, 3, 2, 10]
[1, 3, 2, 8]
[1, 2, 22]
[3, 25]
[4, 3, 5, 5]
[5, 2, 2, 11, 5]

left_values
[47]
[45]
[43]
[15, 19]
[41]
[1, 5, 24, 3]
[31, 3]
[27, 4]
[24, 3]
[19, 3]
[17, 1]
[9, 7, 2]
[1, 2, 2]
[1, 2, 1]
[1, 2, 2]
[3, 2, 1]
[5, 2, 2]
[14, 2, 2]
[21, 3, 1]
[28, 4, 1]
[29, 3, 2]
[20, 2, 2, 1]
[1, 17, 3, 2, 2]
[13, 4, 2, 1]
[15, 4, 2, 1]
[4, 12, 3, 2, 2]
[9, 8, 2, 2, 2]
[12, 2, 3, 4]
[13, 2, 7]
[6, 3, 2, 4]
[1, 2, 4, 2, 4]
[2, 8, 5, 2, 4]
[12, 6, 2, 2]
[6, 2, 5, 1, 2, 1]
[4, 2, 2, 2, 2, 1]
[1, 2, 3, 2, 2, 1]
[1, 2, 2, 2, 2, 1]
[1, 2, 3, 2, 2, 1]
[1, 2, 3, 2, 2, 1]
[1, 2, 3, 2, 2, 1]
[1, 2, 3, 5, 1]
[1, 2, 3, 4, 1]
[1, 5, 3, 5, 1]
[1, 3, 1, 2, 3, 8]
[1, 1, 3, 2, 11]
[1, 1, 1, 4, 10]
[1, 6, 3, 14]
[1, 1, 7, 2, 4, 2]
[1, 1, 5, 2, 3, 1]
[1, 1, 7, 2, 3, 1]
