Puzzle number: 76238
width:  45
height:  50
solved_count:  357
AVE_TIME:  '00:27:25'
ave_time_count:  102

top_values
[3, 2]
[2, 2]
[2, 1]
[1, 1]
[1, 2]
[1, 2]
[2]
[2]
[2]
[2]
[2]
[2]
[3]
[5]
[4]
[3]
[4]
[8]
[4, 1]
[1, 3]
[2, 3]
[2, 1, 2]
[3, 2, 1]
[11, 1]
[11, 1]
[6, 3, 1]
[7, 1]
[7, 3]
[6, 5]
[4, 9]
[9, 10]
[7, 14]
[3, 2, 2, 16]
[1, 3, 19]
[4, 11, 6]
[2, 17, 6]
[2, 16, 6]
[4, 17, 4]
[15, 8, 5]
[14, 4]
[3, 9, 4]
[2, 3, 4]
[3, 5]
[1, 3, 6]
[2, 4, 7]

left_values
[6, 3, 5, 2]
[3, 3, 7, 1]
[1, 3, 6]
[2, 3]
[2, 3]
[2, 3]
[4, 3]
[2, 2, 4]
[4, 7]
[4, 8]
[4, 4, 3]
[6, 5, 1]
[10, 6]
[9, 7]
[6, 7]
[4, 6]
[2, 5]
[2, 4]
[2, 5]
[2, 5]
[4, 5]
[5, 5]
[1, 6]
[6]
[6]
[7]
[7]
[7, 3]
[7, 7]
[5, 8]
[6, 10]
[9, 25]
[21, 12, 2]
[2, 9, 10, 1]
[1, 7, 9]
[2, 3, 8]
[1, 1, 4]
[2, 3]
[1, 3]
[1, 2]
[1]
[]
[]
[]
[]
[]
[]
[]
[]
[]
