Puzzle number: 76294
width:  25
height:  25
solved_count:  2698
AVE_TIME:  '00:15:20'
ave_time_count:  362

top_values
[1]
[5]
[1]
[4, 12]
[1, 1, 3, 2]
[4, 2, 1, 2, 1, 2]
[2, 2, 2, 2, 1, 1]
[3, 3, 1, 5, 1]
[5, 5, 1, 6, 1]
[2, 1, 2, 1, 3, 1]
[3, 5, 2, 1]
[2, 15]
[5, 4, 1, 12]
[1, 14]
[3, 1, 3, 3, 10]
[1, 1, 1, 1, 3, 1, 1]
[5, 3, 3, 2, 1]
[1, 7, 1]
[1, 7, 1]
[1, 2, 11]
[1, 10]
[1, 1]
[5]
[1, 1, 1]
[1, 1, 1]

left_values
[3, 2, 2]
[1, 3, 5, 1, 1]
[1, 1, 1, 1, 1, 1, 1, 1]
[1, 1, 1, 1, 1, 1, 3]
[1, 3, 1, 1, 1]
[3, 3]
[1, 1]
[3, 1, 4, 4]
[5, 1, 1, 1, 1, 1, 1]
[1, 2, 1, 5, 1, 4]
[1, 4, 2]
[17]
[2, 1, 2, 7]
[3, 12]
[1, 2, 3, 3]
[1, 15]
[1, 7, 5]
[1, 4, 4, 2]
[1, 4, 4, 2]
[1, 2, 4, 2]
[1, 3, 4, 2]
[1, 1, 4, 2]
[2, 4, 2]
[2, 4, 2]
[16]
