Puzzle number: 76720
width:  25
height:  20
solved_count:  5439
AVE_TIME:  '00:03:46'
ave_time_count:  707

top_values
[20]
[5, 14]
[3, 12]
[2, 11]
[1, 5, 10]
[1, 7, 6]
[1, 7, 5]
[14, 2]
[13, 1]
[14, 1]
[15]
[7, 8]
[6, 11]
[7, 12]
[20]
[20]
[20]
[2, 10, 4]
[1, 8, 3]
[2, 5, 3]
[7, 2, 3]
[8, 4, 4]
[20]
[20]
[20]

left_values
[25]
[4, 11, 6]
[3, 12, 5]
[2, 14, 6]
[2, 21]
[1, 21]
[2, 8, 12]
[2, 7, 6, 4]
[3, 7, 6, 3]
[4, 13, 4]
[25]
[25]
[18, 4]
[8, 8, 3]
[7, 7, 3]
[6, 6, 3]
[5, 1, 6, 4]
[5, 7, 5]
[5, 1, 1, 7, 5]
[5, 1, 7, 5]
