Puzzle number: 76828
width:  40
height:  50
solved_count:  1422
AVE_TIME:  '00:13:31'
ave_time_count:  149

top_values
[50]
[50]
[50]
[9, 39]
[11, 37]
[6, 5, 36]
[7, 5, 35]
[7, 5, 1, 34]
[8, 4, 1, 33]
[8, 4, 1, 1, 30]
[8, 3, 2, 4, 28]
[8, 3, 1, 4, 24]
[7, 3, 1, 3, 3, 18, 3, 3]
[7, 4, 1, 2, 1, 1, 17, 3, 4]
[7, 3, 2, 1, 1, 2, 16, 2, 2]
[7, 3, 2, 1, 20, 1, 2]
[6, 3, 2, 21, 1, 2]
[6, 3, 3, 23, 2, 2]
[6, 4, 3, 25, 2]
[6, 5, 2, 24, 2]
[6, 5, 3, 23, 2]
[7, 3, 28, 2]
[7, 12, 9, 2]
[8, 11, 8, 4, 3]
[9, 10, 14, 3]
[22, 5, 10]
[21, 3, 6]
[20, 3]
[18, 3]
[17, 4]
[16, 4]
[14, 3]
[13, 4]
[11, 3]
[9, 4]
[6, 5]
[2, 6]
[8]
[7]
[3]

left_values
[37, 2]
[37, 2]
[36, 3]
[36, 2]
[36, 2]
[36, 2]
[5, 10, 14, 3]
[6, 4, 12, 2]
[8, 7, 11, 2]
[3, 17, 9, 3]
[3, 18, 9, 2]
[4, 9, 4, 8, 3]
[4, 4, 4, 3, 8, 2]
[5, 9, 1, 8, 3]
[6, 4, 3, 8, 3]
[7, 4, 2, 9, 2]
[8, 5, 9, 2]
[9, 3, 1, 9, 3]
[9, 2, 1, 8, 3]
[9, 1, 2, 2, 8, 2]
[10, 1, 1, 4, 6, 3]
[10, 2, 11, 3]
[11, 11, 3]
[12, 10, 3]
[14, 9, 2]
[23, 2]
[23, 2]
[22, 3]
[22, 2]
[22, 2]
[22, 2]
[22, 2]
[22, 2]
[22, 2]
[22, 2]
[23, 2]
[23, 2]
[23, 2]
[23, 3]
[24, 2]
[24, 2]
[13, 6, 2]
[12, 1, 7, 2]
[23, 3]
[15, 3]
[13, 10]
[12, 11]
[11, 3]
[11, 2]
[11, 2]
