Puzzle number: 77053
width:  50
height:  50
solved_count:  367
AVE_TIME:  '00:27:28'
ave_time_count:  100

top_values
[8]
[9]
[5]
[6]
[6]
[4, 6]
[6, 6]
[7, 6]
[6, 6]
[6, 6, 10]
[42]
[19, 18]
[12, 15]
[1, 5, 9, 3]
[5, 9, 3, 2]
[16, 10]
[14, 5, 15]
[10, 3, 8, 5, 4]
[3, 5, 2, 4, 8, 3]
[7, 4, 10, 10, 1]
[6, 4, 4, 4, 8]
[5, 4, 2, 1, 4]
[3, 4, 2]
[2, 4]
[1, 5]
[7]
[7, 2]
[6, 2]
[5, 1, 2]
[4, 1, 2]
[3, 2, 2]
[2, 1, 2]
[2, 1]
[1, 1]
[2, 1]
[2]
[2, 8]
[2, 1, 2]
[2, 1]
[1, 1]
[1, 1]
[2, 1]
[2, 1]
[2, 1, 1]
[2, 1, 2]
[1, 2, 1, 2]
[1, 3, 1, 2]
[8, 2, 3]
[12, 3, 2]
[12, 8, 4]

left_values
[1, 27, 2]
[1, 8, 10, 7, 3]
[2, 8, 9, 6, 5]
[2, 8, 4, 3, 6, 3]
[2, 7, 4, 3, 5, 3]
[2, 8, 3, 2, 5, 4]
[2, 1, 4, 3, 1, 5, 9]
[4, 4, 3, 4, 14]
[4, 5, 3, 4, 5, 3]
[13, 3, 4, 4, 2]
[12, 3, 3, 3, 7]
[11, 3, 3, 2, 3]
[9, 3, 2, 1]
[8, 3, 1]
[4, 2, 3, 2]
[2, 3, 2, 1]
[2, 2, 2, 13]
[2, 2, 1, 6]
[2, 2, 1, 3]
[1, 1, 1, 1]
[1, 1, 1, 1, 1]
[2, 1, 2, 2]
[2, 1, 2, 2]
[2, 2]
[2, 2]
[3, 2]
[3, 2]
[3, 2]
[3, 1]
[4, 1, 2]
[4, 4]
[3, 4]
[3, 5]
[3, 3]
[3, 2, 1]
[3, 2, 1, 1]
[3, 5, 1]
[3, 2, 3, 1]
[3, 2, 4, 1]
[3, 8]
[3, 8]
[3, 8, 1]
[3, 6, 1]
[2, 6, 1]
[4, 1]
[4, 1]
[3, 1]
[3, 1]
[2, 6, 2]
[2, 9, 1]
