Puzzle number: 77107
width:  50
height:  50
solved_count:  442
AVE_TIME:  '00:40:57'
ave_time_count:  102

top_values
[1]
[2]
[1, 2]
[2, 3]
[1, 2, 5]
[1, 2, 2, 3]
[2, 3, 1, 2]
[2, 1, 2, 3]
[3, 2, 3, 2]
[3, 2, 3, 1]
[2, 6, 4, 1]
[5, 6, 6, 1]
[4, 6, 7, 1]
[3, 6, 7, 3, 1]
[1, 6, 9, 1]
[7, 9]
[5, 3, 10]
[6, 3, 10, 4]
[13, 14]
[37]
[1, 5, 1, 1, 10, 3]
[2, 8, 1, 2, 8, 3]
[12, 15, 2, 1]
[4, 10, 1, 12, 5]
[4, 11, 1, 10, 1, 2]
[4, 13, 11, 1, 1]
[4, 13, 14, 1]
[3, 13, 13, 1]
[3, 14, 10, 3]
[1, 14, 9, 2]
[1, 15, 2, 8]
[16, 4, 8]
[18, 4, 2, 8]
[18, 2, 3, 8]
[20, 5, 8]
[21, 3, 1, 9]
[19, 2, 1, 1, 4, 9]
[5, 14, 1, 2, 7, 8]
[4, 14, 1, 1, 5, 8]
[2, 15, 2, 1, 2, 3, 7]
[17, 2, 2, 5, 6]
[17, 2, 2, 1, 9]
[18, 1, 2, 10]
[20, 2, 1, 9]
[20, 1, 2, 8]
[22, 1, 8]
[22, 9]
[16, 4, 7]
[18, 1, 6, 4]
[19, 6, 3]

left_values
[4, 3, 3]
[3, 2, 4]
[3, 2, 3, 2]
[3, 2, 3, 5]
[2, 1, 2, 8]
[3, 1, 10]
[3, 1, 11]
[2, 14]
[3, 16]
[1, 18]
[2, 20]
[2, 22]
[2, 24]
[3, 5, 26]
[4, 2, 28]
[4, 3, 29]
[6, 4, 29]
[10, 29]
[43]
[39, 2]
[26, 10, 1]
[5, 18, 9]
[8, 13, 5, 1]
[5, 13, 5, 1]
[6, 11, 5]
[2, 4, 9, 2]
[4, 5, 3, 3]
[1, 2, 2, 4, 3]
[2, 1, 3, 6]
[6, 4, 3]
[6, 1, 3, 3]
[6, 2, 7]
[10, 5, 4]
[2, 15, 2, 4, 2]
[4, 17, 2, 3, 3, 3]
[24, 5, 4, 3]
[24, 3, 3, 2, 3]
[13, 9, 3, 1, 3]
[9, 10, 6, 2]
[8, 12, 2, 2, 2]
[6, 12, 1, 3]
[5, 13, 4, 1]
[4, 15, 3, 1]
[3, 15, 3, 2]
[3, 1, 1, 2, 18, 1]
[3, 1, 1, 2, 3, 13, 1]
[3, 1, 1, 1, 1, 5, 11, 1]
[2, 2, 1, 1, 1, 1, 3, 9]
[1, 5, 1, 1, 2, 2, 8]
[1, 10, 1, 1, 8, 8]
