Puzzle number: 77105
width:  50
height:  50
solved_count:  384
AVE_TIME:  '01:13:46'
ave_time_count:  101

top_values
[26, 3]
[9, 1, 8, 5]
[4, 7, 6, 6]
[13, 4, 8]
[15, 3, 10]
[17, 2, 12]
[17, 2, 11]
[20, 11]
[17, 3, 8]
[17, 1, 6, 3]
[16, 2, 4, 3]
[13, 3, 3, 5]
[11, 3, 2, 2, 6]
[1, 5, 3, 2, 2, 7]
[1, 5, 2, 4, 8]
[2, 4, 5, 2, 2, 4]
[3, 4, 8, 2, 2, 3, 3]
[4, 17, 1, 2, 3, 2]
[5, 16, 1, 3, 2, 4, 2]
[6, 15, 7, 2, 2, 2, 1]
[1, 17, 6, 2, 1, 3, 2, 2]
[16, 6, 3, 3, 2, 3]
[9, 5, 7, 5, 4]
[9, 6, 8, 6, 3]
[7, 13, 2, 2, 3]
[2, 2, 2, 9, 3, 3, 4]
[1, 12, 2, 6, 3]
[2, 3, 8, 1, 3, 1, 4]
[7, 9, 2, 4, 5, 1]
[8, 5, 3, 8, 2]
[8, 3, 1, 10, 5]
[8, 17, 5]
[8, 14, 2, 5, 1, 1]
[24, 2, 7, 2]
[25, 3, 4, 5]
[2, 13, 5, 2, 5, 6]
[2, 11, 3, 2, 5, 7]
[1, 13, 3, 3, 6, 8]
[1, 15, 3, 5, 8]
[16, 2, 5, 9]
[2, 9, 3, 6, 9]
[10, 2, 16]
[10, 3, 3, 4, 10]
[10, 3, 3, 4, 10]
[9, 4, 2, 5, 10]
[8, 3, 4, 3, 5, 10]
[6, 2, 4, 5, 11]
[6, 2, 2, 5, 11, 1, 1]
[5, 2, 5, 12, 3]
[4, 2, 5, 16, 4]

left_values
[8, 2, 1, 8]
[5, 2, 1, 8]
[4, 2, 2, 9]
[3, 4, 1, 1, 9]
[8, 1, 3, 1, 9]
[6, 3, 6, 9]
[6, 1, 15]
[8, 1, 16]
[12, 17]
[15, 16]
[19, 14, 1]
[19, 15, 2]
[15, 5, 2, 2, 12, 2]
[13, 11, 3, 7, 2]
[13, 10, 3, 7, 2]
[13, 8, 4, 7, 1]
[2, 10, 12, 4, 3, 2]
[13, 13, 3, 2, 2]
[13, 6, 6, 4, 2, 4]
[13, 6, 12, 2, 4]
[12, 5, 13, 3, 2, 1]
[1, 10, 4, 15, 1, 2, 2]
[11, 4, 9, 7, 1, 2]
[1, 9, 3, 8, 6, 3, 3, 1]
[1, 8, 11, 6, 2, 2, 2]
[1, 6, 3, 5, 2, 5, 2, 2, 3]
[1, 4, 3, 6, 2, 6, 1, 1, 4]
[1, 1, 1, 3, 1, 1, 3, 2, 2, 5]
[1, 1, 2, 4, 2, 2, 2, 2, 7]
[2, 2, 1, 1, 2, 2, 1, 3, 2, 6, 1]
[3, 2, 2, 2, 1, 2, 1, 3, 1]
[6, 1, 3, 2, 2, 1, 4, 3]
[5, 3, 5, 4, 1, 3, 3]
[5, 2, 2, 2, 4, 3, 5, 4]
[4, 1, 2, 2, 5, 2, 6, 5]
[3, 1, 1, 2, 3, 3, 2, 5, 6]
[2, 2, 3, 2, 5, 13]
[1, 1, 3, 3, 5, 4, 9]
[5, 2, 3, 1, 3, 4, 9]
[8, 3, 5, 4, 10]
[8, 4, 2, 1, 5, 11]
[9, 2, 2, 1, 1, 5, 12]
[10, 2, 2, 2, 2, 4, 10, 2]
[10, 2, 2, 1, 1, 2, 12, 1]
[9, 3, 3, 1, 3, 10, 1]
[9, 4, 2, 1, 14]
[7, 5, 3, 2, 2, 9, 1]
[5, 8, 1, 2, 3, 8, 2]
[4, 10, 2, 2, 3, 7, 1, 2]
[2, 12, 5, 6, 3]
