Puzzle number: 7723
width:  40
height:  30
solved_count:  2788
AVE_TIME:  '00:13:29'
ave_time_count:  1367

top_values
[2]
[4]
[3, 5]
[3, 1, 5]
[2, 5, 3]
[3, 11, 2, 2]
[3, 13, 3, 3]
[5, 3, 9, 2, 4]
[6, 4, 11, 4]
[5, 5, 8, 5]
[3, 7, 7, 5]
[1, 10, 9, 2]
[4, 9, 9, 2]
[3, 9, 9, 2]
[8, 10, 2]
[11, 2]
[11, 2]
[10, 4]
[10, 4]
[10, 3]
[10, 2, 1]
[10, 1, 2]
[11, 2]
[12, 2]
[7, 3, 2]
[6, 2, 1, 2]
[11, 2]
[12, 2]
[15]
[15]
[14]
[14]
[14]
[13]
[13]
[9, 2]
[6, 1]
[2]
[4]
[3]

left_values
[]
[]
[4]
[7, 2]
[8, 2]
[2, 4, 2]
[1, 4, 2]
[1, 2, 1]
[1, 2, 4]
[10]
[10]
[2, 7]
[2, 7]
[4, 6]
[5, 5]
[5, 5, 14]
[6, 3, 18]
[7, 21]
[31, 2]
[31, 2]
[31, 2]
[18, 11, 2]
[16, 12, 1]
[18, 12]
[5, 14, 11]
[5, 8, 3, 11]
[4, 9, 5, 3, 9]
[4, 6, 4, 7]
[4, 15, 15]
[3, 13, 17]
