Puzzle number: 77254
width:  50
height:  50
solved_count:  275
AVE_TIME:  '00:12:26'
ave_time_count:  100

top_values
[32]
[8, 23]
[7, 21]
[7, 21]
[6, 20]
[4, 26, 1]
[5, 7, 15, 1]
[6, 8, 14, 2]
[6, 8, 14, 2]
[5, 9, 15, 2]
[5, 30]
[4, 30]
[4, 20, 6]
[4, 18, 5]
[4, 17, 5]
[5, 17, 5]
[6, 16, 4]
[6, 13, 4]
[9, 11, 3]
[9, 12, 3]
[9, 13, 2]
[8, 13, 2]
[7, 14, 2, 1]
[26]
[3, 4, 11, 1]
[3, 3, 10, 1]
[3, 3, 9, 2]
[3, 1, 8, 3]
[4, 9, 4]
[5, 8, 4]
[3, 4, 4]
[3, 4, 3]
[3, 4, 2]
[3, 4, 1]
[3, 6]
[11]
[11]
[5, 3]
[]
[]
[]
[]
[]
[]
[]
[]
[]
[]
[]
[]

left_values
[]
[]
[]
[]
[]
[]
[]
[]
[]
[]
[]
[]
[3]
[5]
[6]
[8]
[4, 12]
[5, 14]
[6, 12]
[8, 10]
[12, 9]
[14, 8]
[16, 7]
[2, 12, 6]
[1, 1, 12, 7]
[17, 9]
[6, 11, 6]
[6, 10, 4, 5]
[6, 9, 6, 3]
[6, 17, 7]
[7, 17, 8]
[28, 9]
[24, 3]
[24, 3]
[29, 3]
[30, 4]
[30, 3]
[30, 3]
[30, 6]
[13, 20]
[13, 16]
[12, 11]
[12, 4, 4]
[12, 3]
[5, 7, 2]
[3, 7, 2]
[2, 8, 1, 5]
[2, 10, 8]
[17, 6]
[16, 6]
