Puzzle number: 77402
width:  22
height:  22
solved_count:  4128
AVE_TIME:  '00:04:58'
ave_time_count:  352

top_values
[5, 11]
[1, 1, 1, 1]
[1, 3, 1, 1, 4, 7]
[1, 1, 1, 3, 4, 1]
[1, 1, 3, 4, 4]
[1, 3, 2, 4, 1]
[2, 2, 4, 7]
[9, 1]
[2, 2, 11]
[4, 8]
[3, 11]
[2, 3, 3]
[3, 6]
[3, 3]
[3, 6]
[3, 3]
[3, 6]
[3, 3]
[3, 9]
[8]
[14]
[10]

left_values
[7]
[1, 3]
[1, 3, 3]
[1, 1, 1, 1, 2]
[1, 2, 1, 5]
[1, 1, 5]
[4, 1]
[5]
[21]
[1, 14]
[1, 5, 14]
[1, 5, 3, 3]
[1, 5, 3, 3]
[1, 5, 14]
[1, 14]
[22]
[1, 1, 1, 1, 1, 1, 1, 1, 1, 1, 2]
[1, 1, 1, 1, 1, 1, 1, 1, 1, 1, 2]
[1, 1, 1, 1, 1, 1, 1, 1, 1, 1, 2]
[1, 1, 1, 1]
[1, 1, 1, 1]
[1, 1, 1, 1]
