Puzzle number: 77423
width:  30
height:  30
solved_count:  2150
AVE_TIME:  '00:12:58'
ave_time_count:  111

top_values
[4, 7, 15]
[3, 9, 10]
[2, 11, 8]
[1, 14, 8]
[1, 14, 2, 6]
[2, 12, 3, 3]
[14, 2, 2]
[14, 3, 1, 1]
[17, 4, 3]
[13, 1, 5, 2]
[12, 6, 2]
[11, 2, 5, 2]
[8, 1, 1, 3, 1]
[2, 4, 1, 1, 4, 2]
[3, 1, 3, 2]
[1, 3, 2]
[3, 2]
[3, 1]
[1, 3, 2]
[2, 2, 2]
[1, 1, 2, 3]
[1, 1, 1, 3, 2]
[2, 1, 3, 2, 1]
[1, 1, 6, 2]
[1, 1, 4, 1]
[1, 2, 3, 4]
[1, 2, 6, 2]
[3, 7, 4]
[1, 1, 1, 7, 5]
[1, 1, 5, 5]

left_values
[4, 3, 2, 1, 4]
[3, 2, 1]
[2, 9, 1, 3]
[1, 8, 2]
[9]
[12, 1]
[14]
[14]
[13]
[14]
[12]
[13]
[12]
[10, 1]
[9, 1, 2]
[1, 7]
[1, 3, 1, 3, 2]
[1, 2, 1, 1, 4]
[1, 2, 2, 1, 2, 2, 4]
[1, 1, 2, 5, 4]
[2, 8, 7]
[14, 9]
[4, 23]
[5, 17]
[6, 3, 6]
[7, 1, 1, 2]
[8, 10]
[5, 2, 6, 5]
[5, 14, 1, 3]
[2, 1, 2, 4, 1, 3]
