Puzzle number: 77560
width:  40
height:  45
solved_count:  289
AVE_TIME:  '00:31:59'
ave_time_count:  102

top_values
[24, 2]
[24, 6]
[24, 10]
[24, 4, 1, 3]
[24, 1, 2, 1]
[24, 2, 3, 4]
[24, 3, 1, 6]
[24, 4, 1, 4]
[24, 5, 1, 2]
[24, 4, 2, 2]
[24, 5, 2, 5]
[22, 6, 3]
[21, 5, 2, 5]
[20, 4, 3, 1, 7]
[17, 1, 3, 1, 9]
[16, 3, 3, 4, 7]
[15, 4, 2, 1, 3, 7, 1]
[14, 5, 4, 3, 6, 1]
[13, 2, 2, 3, 4, 1, 4, 1]
[13, 1, 2, 3, 2, 5, 6, 1]
[13, 1, 2, 3, 4, 1, 7, 1]
[12, 3, 4, 2, 6, 1]
[11, 3, 1, 2, 14, 2]
[10, 3, 9, 2]
[9, 4, 7, 2]
[8, 2, 1, 10, 2]
[7, 2, 1, 4, 7, 2]
[6, 2, 13, 2]
[5, 2, 14, 2]
[4, 2, 6, 1, 2]
[4, 1, 3, 2, 9, 2]
[3, 2, 3, 1, 12, 1]
[3, 2, 2, 12, 2]
[3, 1, 5, 1]
[3, 1, 2, 2]
[3, 1, 3]
[3, 1, 4, 1]
[3, 1, 6, 1]
[3, 1, 3, 1, 1]
[4, 5, 4]

left_values
[40]
[40]
[40]
[31, 1]
[29, 8]
[28, 4]
[27, 2]
[26, 2]
[25, 2]
[24, 2]
[23, 2, 2]
[22, 2, 2]
[21, 3, 2]
[18, 5, 2]
[17, 5, 2]
[16, 2, 1, 2]
[15, 2, 3, 2]
[14, 6, 3]
[14, 5, 3]
[14, 3, 2, 2]
[13, 1, 4, 2]
[12, 1, 6, 3]
[11, 10, 3]
[11, 4, 2, 3]
[7, 1, 3]
[3, 1, 2]
[7, 3, 5]
[5, 1, 3, 4, 1]
[7, 1, 1, 4, 1]
[7, 2, 1, 3, 2]
[4, 2, 6, 2, 1]
[3, 2, 8, 5, 1]
[1, 2, 1, 5, 5, 1]
[1, 1, 1, 1, 4, 4, 1]
[1, 1, 2, 1, 1, 4, 4, 2]
[2, 5, 2, 2, 4, 3, 1, 2]
[1, 2, 2, 1, 1, 3, 3, 1, 2]
[3, 4, 5, 3, 2]
[1, 5, 5, 3, 2]
[2, 1, 10, 3, 3]
[2, 1, 1, 11, 2, 4]
[2, 3, 1, 11, 1, 1, 1]
[3, 3, 12, 1, 1]
[4, 11, 9, 1, 1]
[14, 18, 4]
