Puzzle number: 77577
width:  23
height:  23
solved_count:  2717
AVE_TIME:  '00:13:32'
ave_time_count:  488

top_values
[1, 5]
[3, 2, 1, 6]
[2, 1, 2, 1, 1, 1]
[1, 2, 1, 2, 1, 1, 2, 1]
[1, 3, 1, 2, 1, 1, 1, 2, 1]
[1, 1, 2, 1, 1, 1, 2, 1, 2, 1]
[1, 2, 2, 2, 1, 1, 1, 1, 2, 1]
[1, 1, 1, 2, 1, 1, 1, 1, 2, 1]
[1, 6, 1, 1, 2, 1, 2, 1]
[1, 6, 1, 4, 1, 2, 1]
[1, 6, 1, 4, 1, 2, 1]
[1, 6, 1, 1, 2, 1, 2, 1]
[1, 6, 1, 1, 2, 1, 2, 1]
[1, 6, 1, 1, 1, 1, 2, 1]
[1, 6, 1, 1, 1, 1, 2, 1]
[1, 6, 1, 2, 1, 2, 1]
[1, 6, 1, 1, 1, 1]
[1, 5, 1, 8]
[3, 4, 1, 1, 1, 2]
[1, 1, 3, 1, 1, 1, 2]
[1, 1, 2, 1, 1, 1, 2]
[1, 1, 1, 3, 1, 2]
[7, 9]

left_values
[18]
[2, 1, 1]
[17, 1, 1]
[1, 2, 1, 10, 1, 1]
[1, 2, 12, 1, 1]
[1, 2, 12, 2]
[1, 15, 1]
[1, 16]
[1, 1]
[18]
[2, 2]
[2, 2, 2]
[2, 6, 1, 1]
[2, 1, 1, 2, 2, 1, 2]
[1, 1, 5, 1, 1, 1, 1]
[18, 1, 1]
[1, 2, 1]
[18, 1]
[1, 1, 2]
[1, 13, 1, 2]
[1, 13, 1, 2]
[1, 3]
[18]
