Puzzle number: 77826
width:  40
height:  50
solved_count:  712
AVE_TIME:  '00:29:43'
ave_time_count:  119

top_values
[1]
[1]
[1, 1]
[3, 1, 1]
[5, 1]
[6, 1]
[7, 1]
[5, 1]
[1, 2, 1]
[2, 1, 2, 1]
[3, 2, 1, 2, 1]
[3, 3, 1, 1, 1]
[7, 2, 1, 2, 1]
[10, 1, 3, 1]
[11, 2, 4, 2]
[14, 1, 6, 2]
[15, 1, 1, 9, 3]
[18, 1, 7, 9, 3]
[22, 3, 7, 3]
[21, 3, 9]
[20, 2, 8]
[22, 6]
[25, 6]
[25, 2, 3]
[25, 4, 2]
[11, 11, 5, 1]
[10, 12, 6, 1]
[9, 8, 3, 6, 1]
[8, 7, 3, 4, 1]
[6, 7, 7, 4, 1]
[3, 8, 9, 4, 1]
[5, 9, 10, 4, 1]
[2, 4, 21, 5, 1]
[7, 4, 29, 1]
[5, 4, 28, 1]
[4, 4, 26, 1]
[5, 4, 25, 1]
[7, 4, 22, 1]
[2, 4, 16, 1]
[5, 13, 1]

left_values
[10, 3]
[12, 5]
[11, 7]
[10, 9]
[14, 1, 2, 2, 1]
[14, 3, 3]
[14, 3, 3]
[12, 3, 3]
[16, 1, 1]
[16, 5]
[15, 5]
[15, 5]
[18, 5]
[17]
[15, 5]
[14, 6]
[15, 7]
[12, 9]
[9, 11]
[9, 13]
[22]
[22]
[19]
[19]
[20]
[2, 7, 8]
[1, 6, 10]
[2, 5, 10]
[1, 5, 11]
[2, 4, 11]
[1, 16]
[2, 13]
[2, 12]
[2, 9]
[3, 9]
[3, 7]
[2, 4]
[4, 4]
[4, 4]
[6, 4]
[2, 3, 2, 3]
[4, 5, 3, 4]
[8, 4, 2, 4]
[5, 4, 9]
[5, 15]
[4, 14]
[3, 4, 6]
[1, 8, 3]
[11]
[40]
