Puzzle number: 77860
width:  50
height:  50
solved_count:  628
AVE_TIME:  '00:26:03'
ave_time_count:  126

top_values
[50]
[24, 5, 16]
[1, 2, 11, 16]
[1, 17, 17]
[1, 8, 5, 2, 18]
[1, 2, 3, 14, 14]
[1, 3, 2, 3, 19]
[1, 8, 3, 2, 2, 19]
[1, 1, 10, 1, 3, 2, 10]
[3, 5, 2, 4, 1, 1, 6, 1]
[2, 6, 5, 1, 2, 2]
[6, 7, 2, 1, 1]
[1, 5, 1, 5, 5, 1]
[1, 5, 11, 2, 2, 1]
[1, 17, 2, 1, 1]
[2, 16, 1, 1, 1]
[5, 9, 4, 1, 1, 2]
[17, 3, 2, 2, 1]
[7, 5, 1, 1, 5]
[4, 1, 3, 2, 2]
[2, 3, 2, 3]
[2, 4, 3]
[3, 1, 2, 2]
[3, 7, 2, 6]
[15, 2, 2]
[8, 5, 6, 6]
[7, 3, 1, 2, 2]
[8, 3, 2, 2, 3]
[9, 1, 5, 4]
[10, 4, 6, 5]
[14, 2, 6, 7]
[14, 1, 9, 9]
[15, 2, 12, 11]
[15, 1, 3, 10, 11]
[17, 4, 3, 20]
[29, 18]
[27, 3, 18]
[24, 3, 15]
[24, 12]
[24]
[24]
[24]
[24]
[24]
[24]
[24]
[24]
[24, 3]
[23, 6]
[23, 7]

left_values
[50]
[2, 3, 35]
[2, 3, 2, 4, 28]
[2, 1, 2, 4, 26]
[2, 1, 3, 3, 26]
[2, 3, 3, 2, 26]
[2, 4, 4, 2, 26]
[2, 2, 2, 3, 1, 2, 23]
[5, 2, 3, 1, 2, 22]
[5, 2, 2, 1, 2, 21]
[2, 3, 1, 2, 1, 5, 20]
[2, 10, 6, 5, 21]
[12, 6, 27]
[5, 5, 9, 3, 21]
[4, 22, 18]
[4, 14, 2, 16]
[4, 1, 8, 2, 3, 16]
[4, 2, 6, 1, 6, 15]
[4, 2, 5, 1, 4, 18]
[5, 1, 4, 4, 3, 16]
[7, 3, 2, 4, 16]
[6, 3, 1, 4, 16]
[6, 4, 2, 1, 4, 15]
[2, 3, 1, 2, 3, 1, 18]
[1, 1, 1, 1, 2, 2, 7, 2]
[2, 1, 1, 1, 2, 2, 3, 3]
[2, 1, 2, 2, 1, 2, 2, 3]
[2, 2, 1, 1, 1, 3, 1, 3]
[2, 2, 1, 1, 1, 2, 2, 2]
[2, 1, 2, 1, 1, 2, 1, 2]
[1, 1, 1, 2, 3, 2, 1]
[1, 4, 2, 3, 1]
[1, 4, 1, 5]
[1, 5, 7, 2, 2, 4]
[5, 2, 4, 2, 1, 4]
[5, 2, 1, 1, 5]
[8, 1, 1, 5]
[9, 4, 3, 4]
[11, 6, 5]
[8, 1, 7]
[9, 1, 7]
[10, 3, 1, 8]
[17, 1, 8]
[11, 1, 9]
[10, 1, 9]
[10, 1, 10]
[10, 2, 11]
[9, 13]
[9, 12]
[10, 12]
