Puzzle number: 78052
width:  40
height:  45
solved_count:  341
AVE_TIME:  '00:19:00'
ave_time_count:  102

top_values
[4, 2, 9]
[4, 11]
[5, 11]
[8, 11]
[9, 11]
[5, 3, 11]
[4, 3, 11]
[5, 2, 3, 8]
[6, 1, 3, 8]
[3, 4, 3, 8]
[3, 4, 4, 7]
[4, 4, 4, 7]
[7, 4, 5, 7]
[6, 11, 7]
[7, 7, 7]
[6, 3, 7]
[5, 4, 8]
[1, 2, 8]
[1, 5, 2, 1, 6]
[1, 8, 1, 2, 6]
[1, 10, 2, 2, 6]
[2, 3, 6, 2, 6]
[2, 3, 5, 2, 7]
[4, 4, 5, 4, 7]
[5, 4, 4, 4, 7]
[7, 4, 6, 3, 7]
[8, 4, 2, 8, 8]
[2, 5, 3, 2, 8, 8]
[2, 1, 1, 5, 9]
[2, 2, 9]
[3, 3, 10]
[3, 3, 10]
[3, 4, 10]
[4, 5, 9]
[11, 9]
[42]
[42]
[42]
[42]
[17]

left_values
[3, 4, 4]
[3, 7, 4]
[3, 10, 4]
[5, 4, 3, 4]
[4, 4, 3, 4]
[4, 3, 2, 4]
[3, 3, 2, 4]
[2, 2, 2, 4]
[2, 1, 2, 4]
[3, 6]
[2, 6]
[3, 5]
[1, 3, 3, 5]
[3, 4, 7, 5]
[10, 9, 5]
[9, 3, 6, 6]
[9, 3, 4, 6]
[9, 3, 7]
[3, 4, 3, 7]
[2, 4, 3, 8]
[2, 4, 3, 3, 4]
[3, 3, 5, 3, 4]
[3, 2, 11, 4]
[4, 1, 7, 4]
[2, 2, 6, 4]
[2, 10, 5]
[2, 3, 3, 5]
[6, 4, 5]
[5, 3, 5]
[6, 3, 5]
[5, 4, 5]
[4, 6, 5]
[1, 5, 5, 5]
[11, 5, 10]
[8, 6, 12]
[7, 4, 14]
[18, 18]
[40]
[40]
[40]
[40]
[40]
[33]
[10]
[]
