Puzzle number: 78112
width:  35
height:  35
solved_count:  1621
AVE_TIME:  '00:03:44'
ave_time_count:  134

top_values
[8]
[8]
[8]
[7, 1]
[7, 1]
[6, 2]
[6, 2]
[6, 3]
[6, 3]
[5, 4]
[4, 4]
[2, 2, 3]
[1, 3, 3, 1]
[4, 3, 1]
[4, 3, 2]
[2, 7]
[8, 2]
[6, 3]
[3, 5]
[1, 8]
[9]
[6, 1, 1]
[5, 4]
[8]
[10]
[2, 5, 1]
[2, 3, 2]
[2, 1]
[]
[]
[]
[]
[]
[]
[]

left_values
[]
[]
[]
[]
[]
[]
[]
[]
[]
[]
[]
[]
[]
[]
[]
[]
[]
[]
[]
[]
[]
[]
[]
[]
[3, 5]
[5, 13]
[9, 3, 3, 7]
[11, 3, 2, 6, 2]
[10, 3, 3, 7, 1]
[10, 1, 4, 8]
[9, 5, 4, 4]
[7, 8, 3, 5]
[5, 7, 1, 9, 1]
[3, 7, 7, 1, 1, 1]
[2, 8, 8, 2, 3]
