Puzzle number: 78128
width:  40
height:  45
solved_count:  379
AVE_TIME:  '00:24:03'
ave_time_count:  103

top_values
[4, 10, 6, 2]
[4, 3, 4, 3, 1, 3]
[4, 3, 4, 3, 4]
[4, 2, 7, 4]
[4, 2, 2, 6, 7]
[8, 2, 6, 8]
[8, 3, 7, 4, 3]
[7, 5, 3, 13, 2]
[14, 2, 4, 4, 2]
[19, 3, 4, 3]
[8, 8, 2, 3, 3]
[7, 7, 2, 4, 5]
[7, 6, 2, 15]
[3, 6, 3, 16]
[3, 6, 3, 17]
[3, 6, 5, 6, 7]
[3, 22]
[3, 18]
[3, 3, 5]
[4]
[4, 2]
[4, 2, 1, 1]
[5, 4, 6]
[5, 10]
[7, 11]
[9, 12, 2]
[9, 18]
[9, 8, 5]
[11, 3, 3, 2]
[11, 2, 3]
[6, 1, 1, 3]
[4, 4]
[4, 5]
[4, 5]
[4, 7]
[4, 18]
[44]
[44]
[44]
[]

left_values
[11, 7]
[39]
[39]
[39]
[8, 20]
[8, 9, 3]
[9, 6, 3]
[3, 5, 5, 3]
[2, 5, 3]
[2, 4, 2, 3]
[10, 3, 3]
[10, 3]
[12, 3]
[13, 3]
[4, 9, 3]
[3, 3, 3, 3]
[3, 3, 3, 3]
[3, 2, 3, 3]
[2, 2, 2, 3]
[1, 1, 3, 3]
[1, 1, 3, 3]
[1, 2, 5, 3]
[1, 4, 7, 3]
[7, 8, 3]
[12, 3, 3]
[11, 3, 3]
[10, 3, 1, 3, 3]
[6, 3, 2, 5, 4]
[2, 1, 4, 10, 4]
[2, 1, 5, 8, 4]
[2, 1, 6, 6, 4]
[1, 10, 6, 4]
[2, 9, 6, 4]
[1, 8, 9, 4]
[2, 3, 3, 5, 2, 4]
[1, 2, 3, 5, 2, 4]
[1, 2, 3, 5, 3, 4]
[1, 2, 4, 6, 4, 4]
[3, 6, 1, 2, 8]
[2, 7, 1, 3, 8]
[3, 8, 3, 7]
[8, 5, 3, 6]
[7, 4, 2, 5]
[7, 4, 1, 5]
[3, 2, 4, 5]
