Puzzle number: 78140
width:  40
height:  45
solved_count:  788
AVE_TIME:  '00:06:56'
ave_time_count:  132

top_values
[2, 16, 4]
[14, 10, 4]
[11, 11, 1, 4]
[9, 15, 4]
[7, 1, 9, 4]
[7, 1, 8, 4]
[6, 1, 9, 4]
[6, 2, 9, 4]
[7, 1, 9, 3]
[7, 1, 10, 3]
[8, 14, 3]
[9, 15, 3]
[10, 15, 3]
[12, 16, 3]
[31, 4]
[31, 4]
[31, 4]
[32, 4]
[32, 4]
[32, 4]
[32, 4]
[3, 5, 23, 4]
[2, 4, 24, 4]
[2, 3, 24, 4]
[2, 2, 25, 4]
[1, 1, 2, 22, 4]
[2, 1, 22, 4]
[1, 1, 1, 20, 5]
[20, 5]
[20, 4]
[19, 4]
[19, 4]
[20, 4]
[19, 4]
[20, 3]
[38, 3]
[38, 3]
[43]
[43]
[23]

left_values
[2, 19, 4]
[3, 20, 2, 4]
[21, 4]
[20, 4]
[20, 4]
[25, 4]
[24, 4]
[5, 14, 4]
[4, 12, 4]
[4, 10, 4]
[4, 8, 4]
[3, 8, 4, 4]
[2, 12, 4]
[2, 11, 4]
[1, 14, 4]
[4, 14, 4]
[30, 4]
[4, 1, 23, 4]
[4, 29]
[4, 29]
[4, 31]
[5, 34]
[40]
[40]
[40]
[38]
[37]
[37]
[38]
[37]
[29]
[23]
[19]
[19]
[19]
[18]
[8]
[6]
[3]
[3]
[8, 13]
[40]
[40]
[34]
[15]
