Puzzle number: 78808
width:  25
height:  30
solved_count:  2304
AVE_TIME:  '00:15:42'
ave_time_count:  250

top_values
[3, 1]
[3, 1]
[4, 1]
[5, 1, 1]
[9, 2, 1]
[10, 2, 1]
[8, 1, 2, 11]
[7, 1, 1, 2, 12]
[2, 3, 1, 2, 1, 4, 2]
[1, 2, 1, 1, 1, 1, 1, 2, 2, 2]
[3, 2, 3, 3, 2, 2]
[1, 1, 7, 2, 4, 2, 2]
[1, 2, 2, 4, 2, 2, 2]
[2, 2, 2, 2, 2, 4]
[2, 2, 2, 3, 2, 3]
[3, 1, 2, 4, 2, 2]
[3, 1, 2, 11]
[3, 1, 11]
[5, 1, 11]
[3, 12]
[3, 11]
[1]
[1]
[1]
[1]

left_values
[2]
[5, 1]
[4, 2]
[4, 1]
[5, 3]
[8, 3]
[8, 4]
[5, 1, 3]
[4, 1, 1, 3]
[3, 1, 3]
[2, 1, 1, 1, 3]
[2, 3]
[1, 7, 2]
[3, 2, 2]
[11, 2, 2]
[3, 5, 2, 2, 3]
[1, 1, 2, 2, 2]
[1, 2, 2, 3]
[1, 1, 2, 4]
[15]
[15]
[3, 2, 5]
[4, 2, 5]
[8, 2, 2, 9]
[2, 2, 2, 5]
[2, 2, 7]
[2, 2, 5]
[2, 2, 3]
[12]
[11]
