Puzzle number: 78816
width:  50
height:  50
solved_count:  369
AVE_TIME:  '00:55:20'
ave_time_count:  102

top_values
[12, 8, 15]
[3, 6, 7, 2, 2, 15]
[2, 2, 6, 4, 4, 3, 2]
[1, 6, 4, 1, 2, 3, 3]
[2, 5, 4, 2, 2, 3, 6]
[2, 2, 4, 2, 9, 4, 6, 1]
[3, 4, 5, 13, 4, 3, 2]
[3, 1, 2, 4, 6, 5, 4, 4, 1]
[2, 2, 5, 5, 3, 4, 3, 1]
[2, 5, 8, 4, 2]
[1, 6, 9, 5, 2]
[1, 7, 10, 5, 2]
[9, 2, 4, 3, 5, 3]
[11, 4, 3, 1, 5, 3]
[9, 4, 5, 4]
[7, 4, 2, 5, 3]
[5, 2, 9, 12, 2]
[4, 2, 13, 17, 1]
[3, 4, 6, 5, 7, 9]
[2, 4, 5, 3, 7, 5]
[1, 4, 2, 8, 7]
[2, 9, 9, 7]
[13, 10, 7]
[6, 5, 4, 3, 7]
[5, 3, 3, 1, 10]
[8, 26]
[9, 8, 16]
[10, 8]
[4, 3, 8]
[3, 1, 9]
[2, 10, 11]
[4, 11, 12]
[1, 2, 12, 3]
[2, 15, 2, 9]
[20, 9, 1]
[22, 3, 12]
[20, 2, 4, 7]
[13, 2, 2, 2, 6]
[2, 2, 2, 3, 3, 6]
[2, 3, 2, 2, 2, 2, 2, 6]
[2, 3, 2, 2, 2, 1, 1, 5]
[2, 4, 3, 2, 2, 2, 2, 6]
[2, 1, 2, 3, 2, 3, 3, 6]
[2, 2, 2, 2, 2, 2, 6]
[2, 2, 2, 2, 2, 4, 7]
[2, 1, 3, 3, 2, 12]
[2, 1, 4, 3, 2, 9, 1]
[2, 2, 4, 2, 2, 2, 9]
[5, 2, 4, 2, 2, 3]
[4, 4, 6, 2, 12]

left_values
[12, 8, 15]
[3, 6, 7, 2, 2, 15]
[2, 2, 6, 4, 2, 1, 3, 2]
[1, 6, 4, 4, 3, 3]
[2, 5, 7, 2, 3, 6]
[2, 2, 4, 2, 9, 4, 6, 1]
[3, 2, 1, 5, 13, 4, 3, 2]
[3, 4, 4, 6, 5, 4, 4, 2]
[2, 2, 5, 5, 3, 4, 3, 1]
[2, 5, 8, 4, 2]
[1, 6, 8, 5, 2]
[1, 7, 10, 5, 2]
[9, 2, 4, 3, 5, 3]
[11, 4, 3, 1, 5, 3]
[9, 4, 5, 4]
[7, 7, 6, 3]
[5, 2, 9, 12, 2]
[4, 2, 13, 17, 1]
[3, 4, 6, 5, 7, 9]
[2, 4, 5, 3, 8, 5]
[1, 7, 8, 7]
[2, 9, 8, 8]
[13, 10, 8]
[6, 5, 4, 3, 10]
[5, 3, 3, 1, 25]
[8, 8, 15]
[8, 8]
[10, 8, 5]
[4, 3, 9, 9]
[3, 1, 9, 4, 4]
[2, 10, 2, 2]
[2, 1, 10, 3, 3, 3]
[4, 13, 2, 2, 2, 2]
[2, 13, 2, 2, 1, 1, 2]
[17, 3, 2, 2, 2, 2]
[20, 2, 2, 3, 2]
[19, 2, 3, 3]
[13, 2, 2, 3, 3]
[2, 2, 2, 6, 6]
[2, 3, 2, 2, 8, 7]
[2, 3, 2, 2, 3, 3, 3, 2]
[2, 4, 3, 2, 2, 2, 3, 3, 2, 1]
[2, 1, 2, 3, 2, 2, 1, 3, 3, 1, 1]
[2, 2, 2, 2, 2, 2, 1, 3, 3, 1, 1]
[2, 2, 2, 2, 2, 2, 1, 3, 3, 1, 1]
[2, 1, 3, 3, 2, 2, 1, 5, 1, 1]
[2, 1, 4, 3, 2, 2, 1, 5, 1, 1]
[2, 2, 4, 2, 2, 2, 1, 3, 1, 1]
[5, 2, 4, 2, 2, 2, 1, 3, 1, 1]
[4, 2, 1, 6, 2, 2, 1, 1, 1, 1]
