Puzzle number: 79027
width:  30
height:  30
solved_count:  2731
AVE_TIME:  '00:15:57'
ave_time_count:  113

top_values
[1, 1, 1]
[1, 1, 2, 2]
[1, 2, 2, 1]
[1, 2, 2, 1, 1]
[2, 3, 2, 2, 1]
[1, 2, 5, 1]
[2, 3, 7]
[2, 3, 7]
[17]
[18]
[20]
[18, 1]
[19, 1]
[13, 5]
[2, 4, 2, 5]
[2, 3, 1, 4, 1]
[2, 4, 4, 4]
[4, 3, 1, 3]
[8, 3, 2, 1]
[9, 1, 1, 3, 1]
[8, 3, 2, 1]
[7, 1, 4, 2]
[6, 2, 8]
[7, 1, 6, 4]
[9, 3, 1]
[9, 3, 2]
[8, 4, 1]
[18, 3]
[25]
[3, 2, 9, 1]

left_values
[]
[]
[]
[1, 2]
[2, 4]
[2, 6, 3]
[2, 12]
[2, 12]
[2, 11]
[1, 3, 13]
[3, 11, 6]
[3, 10, 7]
[14, 6]
[8, 5]
[6, 1, 2, 4, 2]
[5, 6, 2, 1, 1, 3]
[5, 8, 2, 2, 3]
[11, 2, 3]
[8, 4]
[6, 1, 9]
[3, 8, 12]
[29]
[14, 3, 3]
[12, 2, 2]
[2, 11, 1, 2, 1]
[12, 1, 2, 1]
[6, 8, 1, 1]
[8, 2, 6]
[3, 1, 1, 3]
[4, 2, 1, 2]
