Puzzle number: 79033
width:  30
height:  30
solved_count:  2109
AVE_TIME:  '00:22:36'
ave_time_count:  104

top_values
[4, 5, 5, 6]
[5, 6, 2, 7]
[1, 5, 7]
[8, 7]
[7, 9]
[2, 5, 12]
[2, 4, 5]
[2, 8, 8]
[1, 21]
[16, 4]
[13, 6, 3, 1]
[8, 4, 3, 4]
[4, 6, 4, 4]
[3, 7, 3, 4]
[1, 4, 11, 2]
[3, 15, 5]
[2, 9, 3, 3, 2]
[7, 3, 3, 2]
[5, 2, 3, 2, 1]
[3, 3, 3, 2, 3]
[1, 3, 2, 7]
[2, 3, 7]
[2, 3, 4, 4]
[3, 3, 4, 4]
[6, 4, 4]
[6, 4, 3]
[4, 4, 3]
[4, 2, 2]
[3, 2, 2]
[2, 2]

left_values
[3, 1, 2, 1, 2, 2]
[2, 2, 1, 2, 2, 2]
[3, 4, 1, 2, 3]
[4, 2, 3, 2, 2, 3]
[3, 2, 3, 1, 2, 2]
[5, 4, 1, 3, 3]
[4, 3, 2, 2, 3]
[1, 2, 3, 1, 3, 3]
[1, 2, 3, 1, 3, 4]
[2, 2, 3, 2, 3, 1, 1]
[2, 3, 3, 2, 2, 1, 2]
[2, 2, 4, 2, 2, 2, 1]
[2, 1, 4, 2, 2, 1, 2]
[2, 5, 2, 3, 2, 1]
[3, 8, 2, 1, 2]
[2, 6, 3, 2, 1, 1]
[2, 6, 3, 2, 2, 2]
[3, 4, 4, 1, 2, 3]
[1, 4, 4, 1, 4, 1, 3]
[1, 3, 3, 1, 3, 2, 3]
[2, 3, 2, 2, 3, 1, 4]
[2, 2, 1, 1, 3, 2, 4]
[1, 2, 2, 2, 2, 1, 4, 1]
[1, 2, 2, 1, 2, 2, 4, 2]
[2, 2, 4, 2, 1, 4, 3]
[2, 6, 1, 2, 4, 4]
[2, 5, 2, 1, 2, 7]
[2, 5, 2, 3, 7]
[2, 4, 1, 3, 6]
[2, 4, 2, 2, 3, 2]
