Puzzle number: 79212
width:  45
height:  50
solved_count:  171
AVE_TIME:  '00:38:21'
ave_time_count:  100

top_values
[9, 17, 7]
[8, 14]
[6, 12, 3]
[4, 12, 5]
[5, 15, 8]
[5, 4, 6, 13]
[4, 3, 2, 5, 10]
[3, 3, 5, 4]
[2, 2, 3, 1]
[3, 2, 5, 3, 2]
[3, 2, 5, 1, 6]
[4, 2, 4, 10]
[5, 1, 4, 12]
[6, 1, 4, 1, 13]
[6, 4, 2, 7, 3]
[3, 4, 2, 6, 1]
[5, 2, 4]
[5, 3, 4]
[4, 3, 3]
[2, 4, 3]
[2, 5, 3]
[3, 5, 3]
[3, 6, 4]
[3, 5, 5]
[1, 3, 5, 7]
[2, 5, 1, 8]
[3, 6, 2, 10, 1]
[6, 2, 11, 3]
[6, 2, 12, 8]
[7, 3, 13, 8]
[1, 1, 29, 7]
[2, 2, 38]
[3, 42]
[4, 42]
[46]
[46]
[15, 28]
[14, 25]
[13, 2, 9, 3]
[5, 3, 6, 1]
[5, 3]
[2]
[]
[]
[]

left_values
[15, 1]
[15]
[8, 6, 3]
[7, 4, 6, 1, 3]
[3, 2, 4, 8, 4]
[3, 3, 6, 3]
[2, 1, 4]
[2, 4]
[1, 7]
[5, 9]
[5, 3, 9]
[3, 12, 9]
[4, 27]
[3, 29]
[3, 31]
[4, 8, 17, 2]
[3, 5, 13]
[4, 3, 11]
[4, 2, 11]
[5, 2, 10]
[5, 1, 10]
[5, 6]
[5, 7]
[6, 12]
[6, 11]
[6, 9]
[3, 2, 8]
[2, 2, 19]
[2, 2, 2, 21]
[3, 2, 25]
[3, 3, 6, 17]
[1, 1, 2, 15]
[1, 2, 14]
[1, 2, 14]
[1, 3, 2, 13]
[1, 2, 4, 12]
[3, 5, 13]
[2, 5, 12]
[3, 5, 12]
[1, 3, 4, 11]
[1, 4, 5, 11]
[1, 6, 4, 10]
[1, 5, 4, 4, 10]
[1, 4, 3, 13]
[1, 3, 4, 12]
[1, 2, 4, 10]
[2, 4, 10]
[1, 5, 11]
[1, 6, 11]
[1, 7, 12]
