Puzzle number: 79301
width:  11
height:  45
solved_count:  4402
AVE_TIME:  '00:04:10'
ave_time_count:  428

top_values
[23]
[2, 2]
[2, 21]
[18, 3]
[2, 2, 18]
[21, 1, 1, 2]
[1, 1, 17]
[1, 2]
[20, 18]
[3, 2]
[22]

left_values
[3]
[2, 1]
[3, 1]
[1, 1, 1]
[1, 1, 1]
[1, 1, 1]
[1, 1, 1]
[1, 1, 1]
[1, 1, 1]
[1, 1, 1]
[1, 1, 1]
[1, 1, 1]
[1, 1, 1]
[1, 1, 1]
[1, 1, 1]
[1, 1, 1]
[1, 1, 1]
[1, 1, 1]
[1, 1, 1]
[2, 1, 1]
[2, 2, 2]
[2, 2, 1]
[1, 1, 2]
[1, 2, 1]
[1, 1, 1]
[1, 1, 3, 1]
[1, 1, 1, 2, 1]
[1, 1, 3, 1, 1]
[1, 1, 1, 1, 1, 1]
[1, 1, 1, 1, 1, 1]
[1, 1, 1, 1, 1, 1]
[1, 1, 1, 1, 1, 1]
[1, 1, 1, 1, 1, 1]
[1, 1, 1, 1, 1, 1]
[1, 1, 1, 1, 1, 1]
[1, 1, 1, 1, 1, 1]
[1, 1, 1, 1, 1, 1]
[1, 1, 1, 1, 1, 1]
[1, 1, 1, 1, 1, 1]
[1, 1, 1, 1, 1, 1]
[1, 1, 1, 1, 1, 1]
[1, 1, 1, 1, 1, 1]
[1, 1, 1, 1, 1, 1]
[3, 3, 3]
[1, 1, 1]
