Puzzle number: 79352
width:  50
height:  50
solved_count:  536
AVE_TIME:  '00:26:28'
ave_time_count:  100

top_values
[1, 4, 2, 1]
[1, 2, 2, 2, 2]
[1, 1, 3, 1, 2, 2]
[2, 4, 4, 1]
[1, 1, 4, 5, 2]
[1, 2, 1, 3, 2]
[1, 1, 1, 3, 1]
[1, 3, 1, 3, 2]
[1, 2, 2, 2, 2]
[2, 2, 2, 3, 1]
[7, 1, 3, 1]
[8, 1, 3, 1]
[6, 2, 3, 2]
[7, 2, 4, 2]
[7, 2, 3, 2]
[7, 2, 3, 2]
[8, 2, 3, 1]
[1, 1, 5, 2, 3, 1]
[3, 1, 5, 2, 3, 1]
[5, 4, 3, 3, 1]
[5, 1, 4, 2, 4]
[5, 1, 3, 3, 4]
[4, 1, 4, 2, 4]
[7, 2, 2, 4]
[6, 2, 2, 3]
[5, 1, 1, 1, 4]
[1, 3, 2, 3]
[5, 2, 3]
[5, 2, 3]
[5, 3, 2]
[4, 2, 2]
[5, 2, 2]
[6, 3, 1]
[1, 7, 2, 1]
[1, 2, 3, 3, 1]
[2, 4, 3, 4]
[11, 3]
[2, 9, 2]
[2, 1, 7, 2]
[3, 6, 1]
[4, 5]
[4, 4]
[6, 3]
[7]
[8]
[8]
[9]
[10, 5, 1]
[9, 5, 3]
[10, 3, 5, 4]

left_values
[8, 7, 3, 3, 6]
[4, 3, 8, 15]
[3, 1, 4, 11, 2, 11]
[3, 7, 7, 2, 4, 1, 10]
[10, 4, 15, 9]
[9, 12, 3, 8]
[8, 2, 8, 3, 7]
[8, 1, 1, 7, 3, 6]
[7, 1, 1, 8, 4]
[7, 8, 3]
[7, 5, 1]
[5, 5]
[4, 4]
[3, 5]
[2, 4]
[3]
[1]
[]
[]
[]
[]
[]
[]
[]
[]
[]
[1, 1]
[1, 1]
[3]
[2]
[3]
[2]
[2]
[3, 1]
[1, 7, 1]
[5, 6]
[1, 3, 5]
[3, 6]
[2, 5, 3]
[3, 5, 2]
[2, 4, 2]
[8, 4, 1]
[14, 4]
[13, 3]
[13, 4]
[11, 4]
[3, 9, 4]
[5, 9, 3]
[5, 4, 10, 4]
[13, 15]
