Puzzle number: 80118
width:  30
height:  30
solved_count:  2152
AVE_TIME:  '00:10:14'
ave_time_count:  160

top_values
[]
[]
[2]
[4]
[4]
[3]
[3]
[3, 2]
[2, 3]
[2, 2, 2]
[2, 2, 1]
[2, 2, 1]
[2, 2]
[2, 1, 1]
[2, 1, 1]
[4, 3]
[5, 3]
[4, 3, 1]
[4, 2, 3]
[4, 2, 3]
[4, 2, 3]
[4, 2, 3, 1]
[4, 1, 3, 2]
[2, 4, 2, 3, 3]
[4, 4, 2, 3, 4]
[4, 4, 2, 3, 5]
[3, 1, 3, 1, 2, 5]
[2, 1, 3, 2, 3, 6]
[1, 2, 3, 2, 3, 6]
[5, 2, 1, 6, 10]

left_values
[2]
[2, 1]
[2, 1]
[2, 1]
[2, 1]
[2, 1]
[2]
[3]
[1]
[10]
[10, 2]
[13]
[15]
[4, 4]
[4, 2]
[3, 1]
[2, 3]
[2, 6]
[2, 2, 3]
[2, 3]
[2, 2, 2, 3]
[2, 3, 2, 6]
[2, 2, 7]
[2, 2, 2, 4, 1]
[2, 3, 1, 3, 3]
[2, 2, 3, 5]
[2, 1, 1, 3, 6]
[2, 2, 2, 3, 7]
[2, 2, 1, 2, 8]
[2, 3, 2, 2, 9]
