Puzzle number: 80319
width:  50
height:  45
solved_count:  135
AVE_TIME:  '00:54:46'
ave_time_count:  100

top_values
[24, 3]
[12, 10, 1, 3]
[4, 8, 1, 3]
[5, 2, 1, 1, 2]
[4, 6, 1, 1, 3]
[1, 3, 2, 5, 2, 1, 1, 2]
[1, 3, 1, 5, 1, 1, 1, 3]
[3, 1, 2, 5, 1, 1, 1, 2]
[4, 5, 3, 1, 1, 1, 1]
[1, 2, 6, 3, 2, 1, 2]
[4, 3, 6, 1, 1, 1, 1]
[8, 5, 3, 1, 1, 1, 1]
[9, 8, 1, 1, 1, 1]
[3, 7, 1, 1, 1, 1]
[1, 5, 5, 1, 1, 1, 2]
[2, 5, 2, 1, 1, 1, 1]
[2, 1, 5, 3, 3, 1, 1, 1, 1]
[2, 1, 1, 5, 5, 1, 1, 1, 1, 1]
[2, 1, 1, 1, 1, 2, 3, 2, 1, 1, 1, 1, 1]
[2, 2, 7, 1, 1, 1, 1, 2]
[1, 3, 6, 1, 1, 1, 1]
[2, 10, 1, 1, 1, 1]
[1, 5, 4, 1, 1, 1, 1]
[2, 5, 5, 1, 1, 1, 1]
[2, 6, 5, 1, 1, 1, 1]
[29, 1, 2, 1, 1, 1, 1]
[15, 7, 4, 1, 1, 1, 2]
[15, 7, 4, 1, 1, 1, 1]
[15, 5, 7, 6, 1, 1, 1]
[12, 9, 4, 2, 3, 1, 1, 1]
[11, 6, 2, 6, 6, 1, 5]
[9, 15, 2, 4, 10]
[8, 7, 2, 2, 5, 2, 4, 1, 2]
[7, 6, 11, 1, 6, 1, 2]
[14, 5, 6, 1, 2]
[21, 5, 1, 2]
[10, 2, 5, 1, 2]
[8, 8, 3, 1, 2]
[5, 12, 3, 1, 2]
[3, 5, 5, 3, 1, 2]
[2, 4, 8, 3, 1, 2]
[4, 9, 3, 1, 2]
[1, 19, 1, 2]
[15, 4, 1, 2]
[7, 1, 4, 1, 2]
[1, 4, 1, 3]
[1, 3, 4]
[1, 2, 3]
[3, 3]
[5]

left_values
[4, 9]
[3, 9]
[3, 9]
[3, 9]
[2, 9, 5]
[1, 2, 9, 6, 1]
[2, 2, 2, 5, 9, 5, 1, 2]
[2, 2, 4, 8, 5, 5]
[2, 2, 7, 6, 1, 3]
[3, 2, 3, 6, 6, 1, 3]
[4, 2, 13, 2, 3]
[4, 2, 2, 5, 7, 1, 3]
[5, 2, 4, 8, 1, 3]
[2, 2, 2, 1, 4, 7, 1, 2]
[2, 3, 2, 5, 3, 3, 2, 3]
[2, 3, 2, 3, 7, 1, 9]
[2, 3, 2, 3, 1, 3, 3, 1, 4, 2]
[2, 3, 2, 3, 1, 8, 1, 4, 3]
[1, 3, 4, 1, 2, 5, 2, 4, 2, 1]
[2, 2, 1, 1, 4, 3, 2, 4, 2, 2]
[3, 4, 2, 1, 8, 6, 3, 1]
[3, 2, 2, 1, 2, 3, 1, 9, 2]
[3, 1, 2, 1, 3, 3, 9, 1]
[3, 1, 3, 1, 1, 12, 4, 3, 2]
[3, 2, 5, 1, 9, 10, 3, 2]
[3, 9, 1, 2, 10, 7, 3, 1, 1]
[7, 2, 3, 1, 1, 12, 2, 3, 1, 2]
[4, 9, 2, 1, 13, 1, 3, 1, 1]
[2, 3, 6, 1, 11, 6, 1, 2]
[3, 1, 3, 1, 3, 3, 8, 1, 2]
[6, 8, 8, 8, 1, 2]
[1, 10, 16, 4, 1, 2]
[2, 8, 5, 10, 1, 2]
[8, 14, 1, 3, 1, 2]
[2, 6, 11, 1, 2]
[8, 5, 5, 1, 2]
[2, 4, 10, 1, 1, 2]
[6, 6, 2, 2]
[2, 4, 12, 2]
[2, 6, 1, 2]
[3, 14]
[6, 3]
[6, 2]
[8, 2]
[5]
