Puzzle number: 80330
width:  45
height:  45
solved_count:  236
AVE_TIME:  '00:46:00'
ave_time_count:  101

top_values
[11, 8, 2, 2, 1]
[1, 6, 1, 1, 4, 2, 1, 4, 1]
[1, 3, 2, 1, 1, 5]
[1, 5, 2, 5, 4, 1]
[1, 2, 3, 1, 1, 1, 2, 4, 2]
[2, 8, 4, 7, 1, 1]
[26, 7]
[13, 5, 5, 4]
[1, 1, 13, 9, 2]
[2, 1, 3, 3, 1, 7, 1, 2, 3]
[2, 1, 4, 1, 1, 12, 4]
[5, 2, 4, 8, 8, 2]
[5, 4, 9, 3, 1, 5]
[8, 1, 1, 4, 5, 4]
[6, 1, 1, 1, 1, 3, 2, 3]
[7, 2, 2, 2, 6, 4]
[1, 4, 5, 1, 1, 12, 1]
[4, 4, 4, 14, 3]
[6, 4, 2, 4, 6, 3]
[12, 1, 10, 6]
[6, 1, 6, 2, 5, 8]
[6, 2, 7, 15]
[6, 1, 1, 1, 4, 14, 1]
[4, 3, 3, 8, 4, 1, 1, 5, 1]
[3, 3, 3, 18, 5, 2]
[1, 3, 2, 1, 9, 6, 4, 1]
[1, 5, 26]
[4, 1, 14, 4]
[3, 3, 12]
[3, 3, 11, 1]
[3, 4, 14]
[1, 1, 4, 12]
[5, 3, 9, 5]
[3, 2, 11]
[4, 1, 1, 2, 7]
[9, 6, 10]
[4, 3, 7]
[1, 3, 2]
[3, 2]
[2, 7]
[1, 2, 2]
[3, 1]
[2]
[2]
[]

left_values
[6, 6, 7, 2]
[1, 2, 5, 5, 1]
[1, 2, 4, 7, 1]
[24, 1, 2]
[8, 5, 6, 3, 1]
[4, 4, 11, 4, 1]
[2, 7, 7, 7, 1]
[2, 14, 11, 1]
[2, 9, 3, 1, 1, 4, 1]
[1, 4, 1, 4, 4, 1, 1, 1]
[13, 11, 2]
[2, 4, 1, 6, 3, 2]
[7, 2, 4, 1, 1]
[4, 6, 4, 2]
[6, 1, 1, 2, 3, 1]
[4, 2, 1, 1, 1, 4, 2]
[1, 6, 1, 1, 6, 1]
[2, 1, 3, 2, 1, 5, 1]
[4, 2, 2, 3, 5, 1]
[2, 5, 5, 4, 5]
[3, 5, 3, 8]
[1, 2, 2, 4, 3, 4, 3]
[9, 1, 1, 3, 4, 2]
[12, 1, 2, 4, 1]
[27, 1]
[7, 6, 5, 3, 2]
[6, 1, 4, 9, 1]
[6, 16, 2]
[3, 10, 7, 3]
[4, 17, 3]
[4, 2, 4, 9, 5]
[2, 24, 5]
[1, 10, 2, 7, 1, 3]
[26, 2]
[5, 19, 1]
[2, 22]
[1, 3, 9, 10]
[1, 1, 5, 2, 4, 2, 2]
[2, 1, 3, 2, 7, 1]
[2, 1, 2, 2, 3, 4, 2]
[3, 2, 4, 6, 3]
[2, 2, 2, 3, 1, 5, 1, 1]
[2, 3, 4, 1, 2]
[3, 4, 4, 2, 2]
[2, 2, 1, 4, 2, 1]
