Puzzle number: 80352
width:  25
height:  25
solved_count:  2322
AVE_TIME:  '00:17:05'
ave_time_count:  257

top_values
[8, 1, 3, 3]
[8, 2, 1, 2]
[2, 4, 1, 1, 2, 2]
[1, 1, 1, 1, 3, 4]
[1, 1, 1, 4, 2]
[2, 1, 5, 1, 1]
[2, 1, 7, 3]
[3, 7, 3]
[1, 1, 1, 5, 2, 3]
[5, 3, 4, 4, 4]
[1, 3, 6, 4, 4]
[2, 5, 4, 4]
[2, 1, 5, 3, 4]
[2, 1, 4, 2, 4]
[2, 8, 4]
[1, 7, 3]
[1, 2, 1, 6, 3]
[5, 2, 5, 3]
[4, 2, 1, 3, 2, 1]
[5, 1, 2, 1, 4]
[6, 2, 1, 7]
[8, 8]
[7, 4, 5]
[8, 5, 5]
[14, 6]

left_values
[1, 3, 6]
[2, 1, 6]
[2, 1, 7]
[2, 1, 2, 8]
[2, 2, 3, 2, 2, 6]
[2, 3, 2, 3, 5]
[3, 8, 2, 4]
[4, 2, 1, 2, 5]
[3, 2, 1, 2, 2, 2]
[4, 1, 2, 2]
[1, 1, 3, 1]
[3, 10, 1, 1]
[2, 14, 1]
[16, 2]
[17, 2]
[6, 4, 3]
[4, 4, 3, 3]
[1, 11, 3]
[1, 9, 3]
[1, 3, 2, 1]
[2, 6]
[2, 6, 7]
[1, 22]
[5, 12, 6]
[4, 14, 5]
