Puzzle number: 80391
width:  50
height:  30
solved_count:  538
AVE_TIME:  '00:22:20'
ave_time_count:  107

top_values
[3, 7]
[2, 7]
[2, 6]
[2, 5]
[2, 4]
[1, 4]
[2, 4]
[1, 3]
[2, 4, 2]
[3, 1, 7, 2]
[4, 2, 12]
[4, 2, 13]
[5, 1, 15]
[5, 2, 13]
[6, 2, 11]
[6, 1, 11]
[6, 2, 8]
[4, 1, 8]
[3, 1, 6]
[2, 6]
[1, 5, 2]
[1, 12]
[1, 6]
[3, 3]
[1, 1, 3]
[1, 2, 1]
[2, 2]
[1, 2]
[1, 3]
[2, 5]
[7]
[6, 1]
[5, 1]
[7, 1]
[9, 4]
[13, 1]
[11, 1]
[14, 1]
[7, 2, 2]
[5, 2, 2, 1]
[4, 3, 1, 1]
[4, 6]
[3, 6]
[3, 2, 3]
[1, 2, 3]
[1, 4, 6]
[1, 18]
[1, 22]
[1, 20]
[1, 18]

left_values
[7, 2, 2, 11]
[8, 3, 11]
[8, 12]
[8, 14]
[7, 11, 7]
[6, 9, 4]
[6, 18]
[11, 5, 8]
[8, 4, 5, 8]
[3, 5, 2, 5, 7]
[2, 6, 1, 3, 4, 4]
[3, 8, 1, 1, 3]
[2, 8, 1, 1, 4]
[3, 6, 1, 1, 1, 4]
[3, 6, 1, 1, 1, 5]
[3, 7, 1, 1, 1, 1, 3, 5]
[2, 6, 1, 2, 7, 5]
[2, 7, 2, 1, 5]
[2, 7, 1, 2, 5]
[2, 6, 5]
[1, 7, 4]
[1, 7, 4]
[6, 4]
[2, 7, 4]
[3, 6, 4]
[4, 6, 3]
[7, 6, 3]
[8, 3, 3]
[13, 3]
[13, 3]
