Puzzle number: 80547
width:  25
height:  25
solved_count:  3447
AVE_TIME:  '00:08:07'
ave_time_count:  493

top_values
[22]
[24]
[24]
[7, 12]
[5, 1, 7]
[4, 2, 1, 5]
[4, 1, 3, 3]
[4, 1, 2, 2, 3]
[3, 1, 5, 1]
[3, 1, 2, 2, 1]
[3, 1, 3, 1, 1]
[4, 2, 1, 1]
[5, 1, 1, 1]
[4, 1, 1, 1]
[3, 1, 3, 1, 1]
[3, 1, 2, 2, 2, 1]
[3, 1, 5, 1]
[3, 1, 2, 2, 3]
[4, 1, 3, 3]
[4, 2, 1, 5]
[5, 1, 7]
[7, 12]
[24]
[24]
[22]

left_values
[19]
[23]
[23]
[8, 3, 7]
[5, 1, 5]
[4, 4]
[4, 5, 5, 4]
[3, 1, 1, 1, 1, 3]
[3, 1, 3, 3, 1, 3]
[3, 5, 5, 3]
[3, 2, 1, 1, 1, 1, 2, 3]
[3, 5, 5, 3]
[3, 3, 3, 3]
[4, 4]
[4, 1, 4]
[4, 3, 4]
[4, 4]
[4, 4]
[5, 5]
[5, 6, 5]
[6, 1, 6]
[6, 6]
[8, 8]
[25]
[8, 8]
