Puzzle number: 80657
width:  35
height:  25
solved_count:  2890
AVE_TIME:  '00:10:10'
ave_time_count:  449

top_values
[]
[2, 1, 1]
[1, 4]
[6, 1]
[6, 1]
[1, 4]
[2, 1, 1]
[1]
[1]
[1]
[1, 1]
[7]
[3, 2]
[4, 4]
[5, 4, 1, 2, 1]
[6, 4, 2, 5]
[6, 1, 7, 2]
[6, 2, 1, 9]
[6, 2, 1, 9]
[6, 1, 7, 2]
[5, 2, 1, 2, 5]
[6, 2, 1, 1, 2, 1]
[6, 4]
[8]
[1, 1]
[1]
[3, 1]
[2, 2, 1]
[2, 6]
[1, 6]
[1, 6]
[2, 2, 1]
[4, 1]
[2, 1]
[]

left_values
[5, 2, 4]
[9, 2, 2]
[10, 2, 2]
[2, 11, 1, 2]
[1, 2, 1, 13, 2, 2]
[6, 15, 5]
[2, 1, 1, 3]
[4, 1, 2, 2, 2, 1, 3]
[6, 1, 2, 2, 2, 1, 3]
[1, 1, 1, 2, 1, 3]
[33]
[2, 2]
[1, 2, 1]
[1, 1, 2, 1, 1]
[8]
[4]
[4]
[4]
[4]
[4]
[6]
[2, 2]
[2, 2]
[2, 2]
[3, 3]
