Puzzle number: 80763
width:  20
height:  20
solved_count:  6402
AVE_TIME:  '00:03:03'
ave_time_count:  664

top_values
[15]
[16]
[1, 15]
[1, 15]
[1, 15]
[1, 15]
[1, 1, 1]
[1, 1, 1]
[1, 1, 9, 1]
[1, 1, 1, 1, 1]
[1, 1, 1, 1, 1, 1, 1, 1]
[1, 1, 1, 1, 1]
[1, 1, 1, 1, 1, 1, 1, 1]
[1, 1, 1, 1, 1]
[2, 1, 1, 1, 1, 1, 1, 1]
[1, 1, 1, 1, 1]
[2, 1, 9, 1]
[1, 1, 1]
[2, 1]
[15]

left_values
[15]
[2, 2]
[3, 1]
[4, 2]
[5, 1]
[20]
[6, 1]
[6, 1]
[6, 9, 1]
[6, 1, 1, 1]
[6, 1, 1, 1, 1, 1, 1]
[6, 1, 1, 1]
[6, 1, 1, 1, 1, 1, 1]
[6, 1, 1, 1]
[6, 1, 1, 1, 1, 1, 1]
[5, 1, 1, 1]
[4, 9, 1]
[3, 1]
[2, 1]
[15]
