Puzzle number: 80976
width:  30
height:  30
solved_count:  1171
AVE_TIME:  '00:16:33'
ave_time_count:  115

top_values
[11, 11]
[8, 3]
[2, 2]
[1, 5, 1]
[5, 3, 2, 1]
[1, 11, 1]
[7, 3, 2]
[12, 5]
[7, 4]
[1, 4, 2]
[1, 3, 2, 5, 1]
[4, 7, 1, 1]
[1, 10, 2, 1]
[2, 5, 5, 1]
[7, 2, 1]
[1, 11, 4, 1]
[7, 7]
[1, 2]
[3, 7, 2]
[1, 5, 1, 3]
[1, 10, 7]
[5, 4]
[7, 3]
[6, 1]
[4, 2, 4]
[5, 2, 1]
[5, 3, 2]
[3, 5, 1]
[6, 3, 4, 2]
[10, 10]

left_values
[1, 4, 6, 4, 2, 2]
[1, 1, 2, 1, 2, 1, 2, 2, 2]
[1, 2, 2, 1, 2, 2, 2, 2, 2]
[1, 1, 2, 2, 2, 1, 2, 2, 1]
[1, 1, 2, 1, 2, 1, 2, 2, 1]
[1, 2, 2, 1, 2, 2, 1, 1, 2]
[1, 3, 1, 1, 2, 2, 2, 1, 1]
[1, 1, 1, 3, 1, 1, 2, 1, 1]
[1, 1, 1, 2, 1, 2, 1, 1, 1]
[1, 2, 2, 3, 1, 1, 1, 1]
[2, 2, 2, 4, 2, 1, 1, 1, 1]
[1, 2, 2, 3, 2, 1, 1, 2, 2]
[1, 1, 1, 4, 4, 1, 2, 2]
[1, 1, 1, 2, 1, 1, 1, 1, 5]
[1, 2, 1, 1, 2, 1, 1, 1, 2, 1]
[2, 3, 5, 1, 1, 2]
[6, 2, 1, 1, 1, 1]
[2, 1, 1, 1, 2]
[1, 1, 1, 1, 1]
[1, 1, 1, 1, 1]
[1, 1, 1, 2]
[1, 1, 1]
[1, 1, 1]
[1, 2, 1, 1, 1]
[1, 3, 1, 1]
[1, 1, 2, 1, 1]
[1, 2, 2, 2, 1]
[2, 2, 2, 4, 1]
[2, 4, 7, 1, 2]
[23, 5]
