Puzzle number: 81069
width:  30
height:  50
solved_count:  1014
AVE_TIME:  '00:07:06'
ave_time_count:  107

top_values
[]
[]
[]
[]
[]
[]
[]
[]
[5]
[6]
[14]
[18]
[1, 20]
[2, 20]
[2, 20]
[3, 20]
[3, 20]
[6, 20]
[13, 22]
[37]
[7, 20]
[6, 20]
[9, 11, 7]
[9, 2, 8]
[5, 1, 20]
[6, 14]
[7]
[4]
[]
[]

left_values
[5, 1]
[5, 1]
[3, 1]
[1, 1]
[1, 3]
[2, 3]
[2, 3]
[1, 3]
[1, 3]
[1, 3]
[1, 4]
[1, 4]
[1, 4]
[5]
[5]
[3]
[3]
[3]
[1]
[1]
[1]
[1]
[1]
[1]
[1]
[1]
[1]
[1]
[2]
[2]
[13]
[18]
[15, 4]
[15, 4]
[15, 4]
[15, 4]
[15, 3]
[13, 3]
[13, 2]
[13, 2]
[13, 2]
[12, 2]
[12, 3]
[16]
[16]
[14]
[14]
[14]
[14]
[13]
