Puzzle number: 81104
width:  50
height:  40
solved_count:  312
AVE_TIME:  '01:01:34'
ave_time_count:  100

top_values
[1, 2, 2, 8, 3]
[1, 1, 2, 3, 7, 3, 6]
[12, 7, 12]
[11, 5, 1, 9]
[6, 5, 1, 3]
[1, 3, 4, 2, 3]
[3, 2, 3, 1, 3]
[3, 5, 1, 3, 1, 3]
[8, 1, 2, 1, 3]
[10, 1, 1, 2, 1, 3]
[2, 6, 3, 2, 2, 7]
[2, 6, 3, 2, 1, 11]
[2, 6, 3, 2, 2, 3]
[2, 9, 2, 2, 3]
[2, 1, 9, 2, 1, 11]
[2, 1, 9, 2, 1, 9]
[1, 1, 9, 2, 1, 3]
[1, 2, 1, 8, 2, 2, 2]
[2, 3, 9, 3, 3, 2]
[2, 1, 1, 6, 1, 3, 2, 3]
[1, 2, 3, 5, 2, 2, 2, 3]
[2, 1, 1, 1, 5, 1, 3, 3, 3]
[1, 2, 1, 1, 5, 2, 2, 2, 9]
[2, 3, 2, 5, 1, 3, 2, 3]
[3, 1, 2, 6, 1, 3, 1, 3]
[3, 2, 6, 2, 3, 3]
[3, 2, 6, 3, 3, 3]
[3, 16, 3, 2]
[21, 3, 3]
[11, 1, 5, 3, 4]
[12, 2, 4, 4, 2]
[12, 2, 1, 3, 4, 2]
[6, 5, 2, 1, 2, 4, 3]
[5, 5, 2, 2, 2, 4, 2]
[2, 1, 6, 2, 5, 2, 4]
[2, 1, 6, 2, 1, 1, 4, 2, 4]
[1, 1, 3, 1, 2, 1, 1, 1, 4, 2, 4]
[1, 2, 2, 2, 1, 1, 1, 4, 2, 3]
[1, 1, 2, 2, 1, 1, 1, 5, 3, 3]
[1, 1, 2, 2, 1, 1, 5, 1, 3, 2]
[1, 1, 6, 1, 3, 3, 3]
[2, 2, 5, 7, 7]
[2, 2, 4, 4, 3, 5]
[1, 1, 2, 4, 2, 4, 2, 2]
[2, 2, 1, 7, 4, 2]
[1, 1, 1, 3, 5, 2]
[2, 2, 2, 1, 6, 2]
[4, 2, 1, 6, 1]
[1, 3, 1, 3, 1, 1, 7]
[2, 4, 2, 3, 1, 3, 1]

left_values
[2, 2, 2, 4, 3, 1, 2]
[1, 1, 3, 1, 2, 2, 6, 9, 1]
[2, 2, 1, 2, 2, 2, 2, 5, 6]
[2, 1, 1, 2, 3, 2, 2, 8, 3, 1]
[4, 4, 2, 2, 2, 2, 10, 2, 1]
[2, 5, 2, 2, 2, 7, 3, 1]
[4, 7, 2, 2, 8, 2, 2, 2]
[5, 10, 2, 3, 15, 2]
[3, 12, 4, 13, 3]
[5, 13, 13, 2, 1]
[9, 25, 6]
[10, 24, 4]
[3, 21, 5]
[1, 33]
[2, 18, 7]
[5, 4, 4, 2]
[6, 3, 2, 11, 4]
[8, 3, 2, 2, 10]
[20, 8, 10]
[22, 6, 1, 5]
[3, 7, 5, 12]
[4, 5, 4, 1, 3, 5]
[6, 4, 3, 5, 5]
[4, 4, 2, 10]
[7, 5, 2, 4, 2, 1]
[2, 5, 5, 2, 3, 5, 1]
[6, 6, 4, 2, 4, 1, 1]
[10, 4, 4, 2, 2, 4, 1]
[12, 4, 2, 1, 5]
[2, 11, 4, 2, 2, 4, 1]
[2, 11, 4, 2, 1, 5]
[2, 2, 10, 3, 2, 2, 3]
[2, 2, 2, 7, 3, 2, 2, 4]
[2, 2, 2, 6, 3, 2, 2, 3]
[3, 2, 2, 1, 5, 2, 3, 2, 2]
[2, 1, 2, 1, 4, 2, 2, 3]
[2, 1, 2, 1, 4, 4, 2]
[2, 1, 2, 1, 4, 3]
[1, 1, 1, 1, 1, 2, 4]
[1, 1, 1, 2, 1, 1]
