Puzzle number: 81121
width:  50
height:  40
solved_count:  418
AVE_TIME:  '00:31:06'
ave_time_count:  101

top_values
[2, 1, 1, 1, 1]
[2, 1, 1, 1, 1, 1]
[2, 3, 1, 1, 1]
[2, 2, 1, 2]
[2, 2, 1, 2]
[2, 3, 2, 1, 1, 2]
[2, 3, 2, 2, 2]
[3, 2, 2, 1, 2]
[3, 2, 2, 1, 2]
[2, 3, 4, 2]
[6, 1, 3, 1, 2]
[4, 3, 2, 1]
[1, 3, 1, 1]
[3, 1, 2, 1]
[3, 2, 1, 1]
[4, 2, 1, 1]
[4, 1, 1, 1]
[4, 1, 1, 1]
[3, 1, 1, 1]
[3, 2, 1, 1, 1]
[3, 1, 2, 2, 1]
[4, 1, 3, 1, 1]
[4, 1, 3, 1, 1]
[4, 5, 1, 1]
[4, 7, 1]
[4, 6, 1]
[1, 1, 6, 1]
[2, 1, 6, 1]
[2, 1, 2, 3, 1]
[2, 1, 2, 3, 3, 1, 1]
[2, 2, 2, 3, 1, 2, 1]
[2, 2, 1, 2, 1, 1, 1]
[3, 2, 1, 2, 1, 1, 1]
[3, 1, 1, 2, 1, 1, 1, 1]
[2, 1, 1, 1, 2, 1, 1, 1, 1]
[3, 1, 1, 1, 2, 1, 1, 1, 1]
[3, 1, 1, 1, 3, 1, 1, 1, 1, 1]
[3, 1, 1, 1, 3, 1, 1, 2, 1]
[3, 2, 1, 1, 3, 1, 1, 1]
[3, 2, 1, 1, 3, 1, 4]
[3, 2, 1, 1, 3, 6]
[3, 2, 1, 1, 2, 6]
[3, 2, 1, 1, 2, 4]
[3, 2, 1, 1, 2, 4]
[3, 2, 1, 1, 2, 3]
[2, 2, 1, 1, 1, 3]
[2, 2, 1, 1, 1, 1, 2]
[2, 2, 1, 1, 1, 2]
[1, 1, 1, 1, 2, 2]
[1, 1, 1, 4]

left_values
[9]
[11]
[5]
[2]
[1, 2]
[2, 3]
[6, 1]
[4]
[]
[]
[]
[10]
[16]
[23]
[10]
[1, 5, 16]
[10, 17, 10]
[24, 3]
[2, 15, 13]
[12, 6]
[2, 28]
[7, 5]
[2, 28]
[1, 25]
[20, 5]
[3, 2, 1, 5]
[2, 1, 9]
[6, 4, 1, 1]
[1, 2, 2]
[]
[]
[]
[]
[]
[3, 2]
[7, 4, 4]
[2, 1, 7, 1]
[6, 12, 2]
[8, 10]
[36, 1]
