Puzzle number: 81675
width:  50
height:  50
solved_count:  385
AVE_TIME:  '00:29:14'
ave_time_count:  104

top_values
[8, 1]
[8, 2]
[7, 2]
[3, 3, 2]
[3, 4, 1]
[3, 5, 1]
[3, 4, 1]
[3, 5]
[3, 4]
[3, 3]
[3, 1]
[2, 2, 1]
[3, 1]
[5, 1]
[5]
[2]
[2, 1]
[2, 2]
[2, 2]
[3, 2, 1]
[3, 2, 1]
[2, 2, 1]
[3, 5]
[3, 1, 3]
[4, 3]
[4, 2]
[5]
[6]
[2, 3, 4, 1]
[4, 3, 5, 1]
[6, 6, 4, 2]
[9, 6, 3, 3]
[12, 5, 2, 3]
[14, 4, 2, 3]
[18, 4, 2, 3]
[23, 5, 5]
[33, 2, 4]
[31, 2, 2, 4]
[3, 25, 2, 2, 3]
[3, 13, 5, 3]
[24, 4, 3, 2]
[27, 4, 3, 2]
[7, 14, 5, 1, 1, 1, 2]
[1, 3, 6, 5, 3, 5, 3]
[5, 7, 12, 7, 5]
[6, 12, 11, 1, 2, 6]
[1, 1, 2, 3, 1]
[]
[7, 2, 1]
[10, 3, 1, 2]

left_values
[11, 4]
[11, 3, 1]
[10, 3, 3, 2]
[9, 4, 2, 2]
[13, 2, 2]
[13, 2, 2]
[8, 3, 2, 2]
[8, 2, 2]
[8, 2, 1, 2]
[7, 2, 2, 1]
[10, 3, 1]
[11, 2, 1]
[10, 2]
[13]
[12]
[10, 1]
[9, 1]
[9, 1]
[9, 1]
[9, 1]
[9, 1]
[9]
[11]
[3, 6]
[3, 2, 2]
[3, 1, 2]
[3, 2, 2, 1]
[3, 5, 2]
[3, 5, 2]
[3, 4]
[4, 5]
[3, 4]
[6, 3, 2]
[5, 2]
[4, 4]
[7, 6, 2]
[7, 6, 1, 1]
[8, 3, 2, 1]
[8, 9, 1, 1, 2]
[11, 16, 1, 3, 3]
[21, 6, 2, 5]
[3, 7, 1, 1, 2]
[5, 2, 5, 3, 1, 3]
[6, 2, 6, 7, 3]
[8, 3, 3, 6, 4, 2]
[2, 4, 1, 4, 4, 6, 2]
[4, 1, 7, 3, 2]
[5, 7, 6]
[3, 3, 7, 6]
[7, 6, 8, 3]
