Puzzle number: 81734
width:  45
height:  30
solved_count:  1974
AVE_TIME:  '00:05:33'
ave_time_count:  163

top_values
[2, 19]
[3, 20]
[26]
[26]
[1, 27]
[30]
[30]
[30]
[30]
[30]
[30]
[30]
[30]
[20, 9]
[20, 9]
[20, 8]
[20, 7]
[20, 6]
[20, 5]
[21, 4]
[21, 3]
[21, 2]
[21, 1]
[21]
[22]
[11, 10]
[11, 9]
[11, 10]
[11, 10]
[11, 10]
[11, 11]
[12, 11]
[12, 12]
[12, 12]
[12, 12]
[13, 11]
[13, 11]
[14, 11]
[15, 8]
[15]
[3, 12]
[3, 12]
[3, 13]
[3, 14]
[3, 17]

left_values
[41]
[40]
[40]
[1, 36]
[41]
[41]
[42]
[42]
[43]
[43]
[44]
[25, 14]
[26, 10]
[29, 8]
[34, 7]
[35, 5]
[35, 4]
[36, 3]
[37, 3]
[38, 2]
[13, 19, 2]
[15, 14, 1]
[16, 12, 1]
[17, 10, 1]
[18, 9, 1]
[19, 7]
[20, 5]
[21, 4]
[22, 3]
[23, 2]
