Puzzle number: 82001
width:  25
height:  25
solved_count:  2480
AVE_TIME:  '00:15:52'
ave_time_count:  240

top_values
[3, 2, 1]
[4, 2, 1]
[4, 2, 1]
[4, 2, 1]
[3, 1, 2, 1]
[3, 15]
[3, 2]
[7, 4]
[4, 1, 1, 5, 1, 1]
[3, 5, 1, 1, 1, 4]
[5, 1, 2, 5, 1, 1]
[3, 1, 5, 4]
[2, 4, 1, 1]
[3, 1, 5, 7]
[5, 1, 2, 5, 1]
[3, 5, 1, 1, 1, 1]
[4, 1, 1, 5, 1, 1]
[7, 7]
[3, 2]
[19]
[3, 1, 2, 1]
[4, 2, 1]
[4, 2, 1]
[4, 2, 1]
[3, 2, 1]

left_values
[3]
[5]
[3, 3]
[3, 1, 3]
[11]
[3, 1, 1, 1, 3]
[5, 3, 5]
[4, 3, 3, 4]
[3, 3, 3, 3, 3]
[3, 2, 3, 3, 6]
[3, 15, 3]
[6, 6]
[3, 1, 3, 3, 1, 3]
[2, 1, 1, 1, 1, 1, 1, 2]
[1, 3, 3, 1]
[1, 1, 1, 1, 1, 1]
[1, 3, 3, 1]
[1, 1]
[1, 5, 1]
[1, 5, 1, 1, 1]
[1, 1, 1, 1, 1, 1, 1, 1, 1, 1, 1]
[6, 1, 1, 1, 1, 1, 6]
[1, 1, 2, 5, 1, 2, 2, 1, 1]
[1, 1, 1, 1, 1, 1, 1, 1]
[1, 1, 2, 1, 1, 2, 1, 1]
