Puzzle number: 82795
width:  15
height:  20
solved_count:  4587
AVE_TIME:  '00:08:31'
ave_time_count:  370

top_values
[7]
[1, 2]
[1, 2, 5]
[3, 1, 1, 1]
[8, 1, 6]
[3, 3, 2]
[3, 1, 3, 1]
[3, 1, 1, 1, 1, 2, 1, 1]
[3, 1, 3, 1]
[9, 2]
[2, 2, 1, 6]
[1, 2, 1, 1]
[1, 1, 3, 1]
[1, 2, 1]
[4]

left_values
[6]
[6]
[13]
[2, 2]
[2, 1, 2]
[1, 1, 1]
[2, 2]
[3, 1, 2]
[1, 1]
[3]
[1, 1]
[10]
[2, 1, 1, 2]
[2, 3, 1]
[1, 2, 1, 2, 2]
[1, 1, 1, 1, 1, 1]
[1, 1, 1, 1, 1, 1, 1]
[1, 1, 1, 1, 1, 1]
[1, 1, 1, 1, 2, 1]
[1, 1, 1, 1, 1]
