Puzzle number: 82879
width:  30
height:  30
solved_count:  3022
AVE_TIME:  '00:08:35'
ave_time_count:  182

top_values
[2, 16]
[2, 19]
[2, 20]
[2, 4, 16]
[2, 3, 15]
[2, 4, 12, 3]
[2, 8, 7, 3]
[2, 7, 6, 3]
[3, 8, 6, 2]
[2, 10, 6, 2]
[2, 10, 7, 2]
[1, 11, 7, 2]
[1, 12, 6, 2]
[1, 12, 1, 4, 2]
[1, 13, 1, 5, 2]
[1, 1, 11, 1, 6, 2]
[1, 1, 13, 10]
[1, 1, 12, 9]
[1, 1, 16, 4]
[2, 1, 16, 4]
[2, 6, 7, 3]
[3, 1, 2, 4, 2]
[1, 1, 1, 3, 2]
[1, 2, 3, 3, 2]
[1, 2, 2, 3, 2]
[1, 7, 3, 2]
[1, 3, 3, 2]
[1, 3, 2]
[1, 2, 2]
[1, 3, 2]

left_values
[22]
[5, 3]
[5, 3]
[3, 8, 2]
[2, 6, 2]
[2, 10, 1]
[2, 14, 2]
[1, 17, 2]
[18, 2]
[19, 1]
[20, 2]
[3, 15, 2]
[3, 16, 1]
[4, 2, 11, 2]
[6, 11]
[6, 8]
[6, 5]
[7, 7, 4]
[13, 9]
[15, 12]
[30]
[20, 3]
[18, 1]
[12, 4]
[5, 5, 1]
[5, 15]
[8, 13]
[21]
[16]
[]
