Puzzle number: 833
width:  25
height:  30
solved_count:  4060
AVE_TIME:  '00:11:34'
ave_time_count:  1851

top_values
[1, 1]
[2, 2]
[6]
[7]
[8, 1]
[7, 12]
[8, 4, 1]
[9, 4, 1]
[13, 1]
[7, 2, 1]
[7, 11]
[7, 2, 4]
[6, 3, 4]
[6, 3, 4, 1]
[8, 3]
[8, 5, 1]
[15, 1]
[9, 2, 1]
[4, 2, 1]
[3]
[2, 1]
[2, 4, 1]
[11]
[5, 3]
[4]

left_values
[6]
[10]
[13]
[15]
[16]
[18]
[12, 5]
[7, 7]
[18]
[5, 7, 2]
[1, 1, 2]
[1, 1, 3]
[2, 1, 2]
[1, 1, 2]
[1, 1, 2, 4]
[2, 1, 9]
[1, 1, 4, 2]
[1, 1, 4]
[2, 2, 4]
[1, 1, 4]
[1, 1, 2, 1]
[1, 2, 2]
[1, 1, 2]
[1, 1, 2]
[1, 2, 3]
[1, 1]
[1, 1]
[1, 2]
[1, 1]
[6, 6]
