Puzzle number: 83673
width:  45
height:  45
solved_count:  253
AVE_TIME:  '00:19:03'
ave_time_count:  102

top_values
[3, 4]
[]
[]
[8, 22]
[12, 1, 27]
[11, 3, 18]
[5, 2, 13]
[1, 5, 24]
[22]
[12, 2, 1, 19]
[8, 13, 15]
[1, 3, 8, 15]
[1, 8, 23]
[15, 20]
[11, 17]
[2, 6, 7]
[8, 6, 4]
[8, 7, 2]
[1, 4, 8, 1]
[2, 3, 4]
[2, 2, 3]
[2, 7]
[2, 7]
[2, 6, 1]
[2, 6]
[3, 6, 1]
[3, 7, 1]
[3, 7, 2]
[3, 7, 4]
[2, 4, 2, 7]
[5, 7]
[1, 2, 7]
[1, 1, 3, 1]
[2, 3, 1, 2, 1]
[1, 3, 1]
[3, 1]
[2, 1]
[2]
[2]
[2]
[2]
[2]
[1, 2]
[3, 1]
[1, 1, 2, 3, 1]

left_values
[1, 2, 3, 3]
[1, 2, 1, 2]
[1, 2, 1, 1, 2]
[3, 1, 1, 2]
[3, 1, 2, 3]
[2, 1, 2, 6]
[2, 2, 15]
[2, 2, 2, 14, 1]
[2, 6, 5]
[3, 7, 1]
[3, 1, 9]
[1, 1, 11, 4]
[1, 1, 19]
[1, 1, 7, 11]
[2, 1, 8, 10, 1, 1, 1]
[1, 1, 1, 1, 13, 2, 1]
[2, 1, 2, 17]
[1, 1, 1, 12]
[2, 1, 2]
[2, 1, 2]
[2, 2]
[2, 1, 3]
[1, 1, 3]
[3, 2, 3]
[3, 2, 3]
[3, 2, 4]
[2, 7]
[3, 7, 1, 1]
[3, 4, 3, 1, 1]
[3, 3, 3, 1]
[3, 8]
[3, 8]
[12]
[12, 1, 1]
[12]
[12]
[12]
[12, 2, 2]
[13, 1, 16]
[13, 20]
[13, 6]
[1, 14, 4]
[1, 14, 4]
[1, 15, 3]
[1, 16, 8, 2]
