Puzzle number: 84099
width:  30
height:  30
solved_count:  1692
AVE_TIME:  '00:10:33'
ave_time_count:  120

top_values
[1, 5, 6, 1, 1]
[1, 5, 4, 1, 1]
[4, 5, 6, 2]
[4, 8, 4, 1]
[3, 5, 5, 1, 2]
[3, 1, 3, 2, 1]
[4, 4, 1]
[3, 2, 1]
[2, 1, 1]
[1, 1]
[2]
[1, 1]
[1, 1]
[3, 2]
[5, 2, 1]
[8, 3, 1]
[7, 4, 1]
[9, 6]
[10, 7]
[12, 7]
[13, 3, 2]
[14, 3]
[16, 5]
[18, 7]
[19, 6]
[2, 18, 2]
[4, 19]
[2, 18]
[11, 18]
[5, 4, 10]

left_values
[2, 4, 13, 1, 1]
[3, 11, 2, 1]
[3, 12, 1, 1]
[2, 11, 1, 1]
[2, 11, 1, 1]
[2, 11, 3]
[3, 11, 3]
[3, 1, 10, 2]
[4, 1, 10, 2]
[3, 1, 3, 9, 2]
[2, 1, 3, 8, 1]
[2, 1, 3, 9]
[1, 1, 3, 10]
[2, 3, 9]
[1, 3, 4, 8]
[1, 2, 4, 8]
[1, 2, 4, 6]
[1, 2, 2, 1, 6]
[1, 3, 2, 2, 5]
[2, 2, 2, 1, 5]
[1, 2, 1, 1, 6]
[2, 2, 2, 5]
[2, 2, 2, 5]
[2, 2, 1, 4]
[2, 1, 2, 4]
[4, 2, 2, 4]
[6, 2, 3]
[4, 2, 3]
[5, 4, 2, 3]
[1, 5, 4, 2, 2]
