Puzzle number: 84209
width:  30
height:  30
solved_count:  2403
AVE_TIME:  '00:03:08'
ave_time_count:  149

top_values
[]
[6]
[5]
[4]
[22]
[22]
[22]
[22]
[4]
[5]
[6]
[18]
[19]
[20]
[21]
[3]
[4]
[14]
[14]
[13]
[]
[13]
[14]
[14]
[14]
[3, 5, 1]
[10, 1]
[9, 1]
[8, 1]
[6, 2]

left_values
[]
[]
[]
[]
[]
[]
[]
[]
[10]
[10, 1]
[10, 2]
[10, 3]
[2, 4, 6]
[1, 4, 5]
[4, 4]
[4, 4]
[4, 4, 3, 7]
[4, 9, 9]
[4, 9, 9]
[4, 9, 4, 4]
[4, 4, 3, 4, 4]
[4, 4, 3, 4, 4]
[4, 4, 3, 9]
[4, 4, 3, 8]
[4, 4, 3, 7]
[4, 4, 3, 6]
[4, 4, 3, 5]
[4, 4, 3, 4]
[4, 4, 3, 4, 1]
[4, 4, 3, 9]
