Puzzle number: 84635
width:  20
height:  20
solved_count:  3457
AVE_TIME:  '00:10:05'
ave_time_count:  301

top_values
[4]
[5]
[4, 3]
[3, 5]
[3, 6]
[2, 5]
[5, 5]
[4, 2, 1]
[2, 2, 1, 4]
[1, 1, 1, 3, 7]
[1, 3, 3, 1, 3]
[6, 1, 2]
[1, 3, 2, 2, 2]
[3, 4, 1, 4]
[3, 4, 7]
[6, 2, 2]
[2, 2, 3, 1]
[1, 2, 4, 1]
[1, 1, 4]
[4]

left_values
[4]
[2, 2]
[1, 1, 1]
[2, 4]
[2, 6]
[1, 6]
[1, 3]
[2, 4]
[2, 2]
[2, 5]
[4, 9]
[6, 2, 2, 2]
[7, 1, 1]
[3, 1, 1, 2, 1]
[2, 15]
[4, 1, 6]
[5, 3, 2, 4]
[4, 3, 3, 3]
[4, 3, 4, 1]
[2, 2, 5]
