Puzzle number: 84698
width:  50
height:  50
solved_count:  667
AVE_TIME:  '00:19:06'
ave_time_count:  117

top_values
[3, 6, 3, 5, 1]
[4, 5, 2, 4, 1]
[4, 4, 3, 3, 1]
[5, 3, 3, 2]
[5, 2, 3, 2]
[5, 3, 3, 1, 1]
[5, 3, 4, 1]
[5, 3, 2, 2]
[5, 2, 2, 1, 2]
[5, 2, 3, 1, 3]
[6, 2, 5, 1, 5]
[6, 4, 11, 6]
[7, 13, 15]
[7, 5, 15]
[8, 14]
[8, 16]
[8, 8, 18]
[8, 12, 18]
[21, 18]
[21, 18]
[22, 20]
[23, 20]
[24, 25]
[34, 1, 12]
[32, 11]
[29, 10]
[25, 10]
[25, 9]
[25, 1, 7]
[24, 1, 5]
[24, 1, 5]
[24, 1, 3]
[23, 1, 2]
[23, 1, 1]
[23, 1, 1]
[23, 1, 1]
[23, 1, 1]
[23, 1]
[22, 1]
[22, 1]
[22, 1]
[22, 1]
[22, 1]
[21, 1]
[21, 1]
[21, 1]
[21, 2]
[19, 2]
[20, 2]
[20, 2]

left_values
[50]
[50]
[50]
[49]
[47]
[40]
[38]
[36]
[32]
[34]
[1, 34]
[1, 34]
[2, 34]
[2, 34]
[2, 34]
[2, 34]
[2, 34]
[2, 2, 33]
[4, 2, 33]
[5, 1, 30, 2]
[5, 2, 30]
[3, 2, 23]
[1, 1, 17]
[2, 10]
[2, 6]
[2, 4]
[2, 4]
[2, 4]
[1, 4]
[1, 1, 3]
[6, 1, 1, 5]
[11, 1, 5]
[11, 8]
[1, 3, 8]
[3, 2, 8]
[2, 3, 8]
[4, 15]
[3, 1, 12]
[3, 13, 16]
[2, 14, 6, 4]
[1, 16]
[17]
[17]
[17]
[18]
[21]
[21]
[23]
[26]
[3, 32]
