Puzzle number: 84767
width:  40
height:  25
solved_count:  3077
AVE_TIME:  '00:16:20'
ave_time_count:  213

top_values
[2, 1]
[1, 1, 2]
[1, 1, 2]
[1, 1, 1, 3]
[1, 4, 3, 1]
[2, 2, 3, 1]
[4, 2, 3, 1]
[4, 2, 3, 2]
[3, 2, 3, 2]
[2, 2, 2, 2]
[2, 1, 2, 2]
[2, 1, 2, 2]
[2, 1, 2, 3]
[3, 1, 2, 3]
[1, 6, 1, 1]
[2, 5, 1, 1]
[2, 2, 1, 1, 1]
[1, 1, 1, 1, 1]
[1, 1, 1, 1, 1]
[1, 1, 1, 1, 1]
[1, 1, 1, 1]
[1, 1, 2, 1, 1]
[1, 4, 2, 1]
[2, 2, 2, 1]
[2, 1, 1, 1]
[2, 2, 1, 1]
[2, 1, 1, 1]
[3, 1, 1, 1]
[3, 1, 1, 1]
[3, 1, 2, 2]
[6, 2, 2, 2]
[8, 1, 2, 1]
[9, 1, 2, 1]
[9, 1, 3, 1]
[6, 5, 1]
[3, 1, 1]
[7, 1]
[5, 1]
[4, 1]
[6]

left_values
[5, 9]
[1, 2, 2, 5]
[1, 1, 1, 3, 4]
[1, 1, 2, 4]
[3, 2, 4, 4]
[1, 5, 4]
[1, 3, 4]
[2, 2, 4]
[2, 4]
[2, 4]
[2, 2, 4]
[5, 1, 1, 4]
[7, 1, 2, 1, 3]
[8, 6, 1, 4]
[14, 2, 4]
[9, 5, 4]
[7, 6, 4]
[5, 4]
[1, 4]
[2, 2, 1]
[8, 1]
[13, 2]
[12, 2]
[7, 7]
[27]
