Puzzle number: 8477
width:  50
height:  30
solved_count:  800
AVE_TIME:  '00:15:03'
ave_time_count:  305

top_values
[]
[]
[]
[]
[]
[]
[]
[]
[]
[]
[]
[]
[]
[1]
[2]
[4]
[4]
[7]
[8]
[4, 4]
[4, 6]
[13]
[13]
[14]
[2, 5, 7]
[1, 3, 12]
[3, 5, 10]
[12, 4, 3]
[19, 3]
[25]
[6, 3, 4, 7]
[6, 3, 3, 7]
[5, 4, 4, 8]
[4, 4, 5, 2, 4]
[3, 11, 11]
[2, 27]
[19, 7]
[7, 5, 7]
[4, 4, 8]
[2, 17]
[18]
[9, 7]
[9, 6]
[7, 7]
[20]
[5, 1, 6]
[]
[22]
[28]
[18]

left_values
[3, 9, 8, 3, 3]
[11, 9, 4, 3]
[9, 5, 3, 4, 3]
[9, 6, 4, 4, 3]
[3, 3, 6, 3, 5, 3]
[7, 5, 4, 4, 3]
[7, 6, 5, 4, 3]
[13, 5, 2, 1, 3]
[11, 5, 3, 1, 3]
[6, 3, 6, 3, 2, 3]
[5, 6, 3, 3, 1, 3]
[4, 6, 3, 4, 2, 3]
[3, 5, 9, 2, 3]
[1, 5, 9, 2, 3]
[5, 9, 2, 3]
[5, 7, 2, 3, 3]
[1, 6, 3, 2, 3, 3]
[3, 4, 2, 2, 2, 3]
[7, 2, 6, 2]
[7, 2, 6, 2]
[6, 2, 6, 2]
[6, 2, 6, 2]
[3, 14, 1]
[3, 14, 1]
[3, 4, 8, 1]
[7, 7, 1]
[14, 1]
[11, 1]
[8]
[4]
