Puzzle number: 84896
width:  30
height:  30
solved_count:  3440
AVE_TIME:  '00:06:11'
ave_time_count:  135

top_values
[1, 3, 1, 1, 11, 6]
[1, 3, 1, 1, 10, 7]
[1, 2, 1, 1, 9, 9]
[1, 2, 2, 1, 20]
[1, 4, 1, 20]
[1, 5, 1]
[1, 6, 21]
[1, 7]
[1, 6, 1, 19]
[1, 5, 2, 19]
[1, 4, 3, 2, 6]
[1, 3, 4, 1, 3]
[1, 2, 6, 6, 5]
[1, 1, 17, 8]
[1, 27]
[2]
[30]
[6]
[]
[]
[6]
[2, 2]
[1, 1, 8]
[1, 2, 3, 15]
[2, 4, 21]
[2, 6, 20]
[2, 6, 20]
[1, 7, 20]
[1, 6, 11]
[1, 6, 8, 2]

left_values
[18, 9]
[3, 2, 3]
[14, 2, 1, 3]
[13, 1, 2, 1, 6]
[2, 8, 2, 2, 1, 7]
[8, 3, 2, 1, 7]
[4, 5, 4, 1, 2, 6]
[3, 5, 1, 3, 5]
[6, 1, 6, 1, 1, 3]
[1, 7, 1, 2, 2]
[5, 1, 3, 1, 6]
[5, 1, 2, 2, 1, 6]
[5, 1, 2, 2, 1, 6]
[5, 1, 2, 3, 1, 6]
[5, 1, 2, 3, 1, 6]
[5, 1, 2, 3, 1, 7]
[5, 1, 2, 4, 1, 7]
[5, 1, 3, 3, 1, 6]
[5, 1, 3, 3, 1, 6]
[2, 2, 1, 2, 2, 1, 6]
[1, 2, 1, 2, 2, 1, 5]
[3, 1, 2, 1, 1, 5]
[3, 1, 2, 2, 1, 6]
[4, 1, 2, 3, 1, 6]
[5, 1, 3, 3, 1, 6]
[5, 1, 3, 3, 1, 6]
[5, 1, 7, 1, 6]
[5, 1, 7, 1, 6]
[5, 1, 4, 2, 1, 6, 1]
[5, 1, 3, 2, 1, 6, 1]
