Puzzle number: 84932
width:  30
height:  30
solved_count:  1951
AVE_TIME:  '00:17:45'
ave_time_count:  103

top_values
[2, 2]
[14, 1, 2, 1]
[1, 2, 1, 1]
[12, 2, 2, 2]
[12, 1, 1, 2]
[2, 8, 1, 2, 1]
[1, 5, 1, 5]
[5, 13, 3]
[2, 5, 2, 1, 1, 1, 2, 1, 2]
[7, 15, 2]
[3, 4, 1, 7]
[5, 2, 2]
[7, 3, 1, 2]
[4, 3, 3, 1, 2]
[1, 6, 1, 1, 2, 3]
[10, 1, 7]
[14, 1, 7]
[20, 1, 7]
[20, 1, 7]
[20, 1, 7]
[9, 8, 1, 7]
[7, 2, 7, 1, 2, 4]
[5, 2, 6, 1, 1, 1]
[2, 1, 2, 5, 1, 1, 3]
[1, 2, 2, 5, 1, 2, 4]
[1, 2, 1, 3, 1, 7]
[2, 2, 2, 2, 1, 7]
[1, 2, 2, 2, 1, 1, 7]
[1, 2, 1, 1, 2, 1, 1, 7]
[1, 1, 1, 3, 1, 1, 7]

left_values
[1, 3, 3, 2, 5, 2]
[1, 3, 3, 2, 6]
[1, 2, 2, 2, 10]
[1, 3, 2, 2, 7, 3]
[1, 3, 3, 1, 6, 2]
[1, 7, 1, 9]
[1, 7, 2, 6, 4]
[1, 6, 2, 5, 4]
[1, 5, 1, 7]
[1, 4, 2, 4, 4]
[1, 3, 3, 5, 5]
[1, 2, 3, 5, 4]
[3, 4, 7, 1]
[1, 3, 1, 9, 2]
[3, 3, 13, 2]
[4, 1, 1, 15]
[1, 1, 1, 14]
[3, 11]
[1, 1, 10, 3]
[1, 1, 10]
[3, 3]
[1, 21]
[3]
[5, 17]
[3, 3, 8, 6]
[4, 1, 3, 6, 5]
[3, 2, 2, 7, 6]
[2, 2, 2, 8, 7]
[1, 3, 2, 1, 10, 7]
[1, 3, 1, 1, 18]
