Puzzle number: 84933
width:  30
height:  30
solved_count:  2633
AVE_TIME:  '00:07:12'
ave_time_count:  128

top_values
[2, 2, 5, 2, 1, 7]
[9, 2, 1, 7]
[4, 1, 7]
[7, 6, 1, 7]
[8, 7, 1, 7]
[20, 1, 7]
[20, 1, 7]
[20, 1, 7]
[4, 15]
[7]
[24]
[]
[]
[]
[5, 4]
[7, 5]
[23]
[25, 1]
[2, 20, 1]
[1, 3, 3, 1, 1]
[4, 1, 1]
[18, 6, 1]
[3, 3, 17]
[2, 4, 18]
[1, 4, 19]
[1, 4, 20]
[4, 3, 16]
[2, 15]
[2, 4, 14]
[2, 10, 12]

left_values
[1, 6, 1, 2, 2, 5, 2]
[2, 6, 1, 2, 2, 3, 4]
[1, 6, 1, 2, 1, 3, 3]
[1, 6, 1, 2, 1, 2, 3, 1]
[2, 5, 1, 4, 3, 3, 1]
[2, 5, 1, 3, 3, 3, 2]
[1, 5, 1, 5, 1, 2, 2]
[2, 5, 1, 3, 3, 2]
[2, 4, 1, 3, 3, 1, 2]
[2, 4, 1, 3, 2, 1, 1]
[1, 4, 1, 3, 1, 2, 1]
[1, 4, 1, 3, 1, 2, 1]
[5, 1, 3, 1, 3, 1]
[6, 1, 3, 5]
[6, 1, 3, 6]
[7, 1, 3, 7]
[7, 1, 3, 8]
[9, 1, 4, 8]
[9, 1, 4, 8]
[4, 1, 4, 8]
[1, 1, 3, 8]
[9, 1, 3, 9]
[1, 3, 9]
[8, 2, 3, 9]
[8, 1, 3, 9]
[8, 1, 15]
[8, 1, 3, 9]
[8, 1, 2, 8]
[8, 1, 2, 8]
[8, 1, 2, 13]
