Puzzle number: 84968
width:  30
height:  30
solved_count:  2532
AVE_TIME:  '00:08:36'
ave_time_count:  131

top_values
[7, 3, 1, 1, 7]
[5, 3, 1, 8]
[4, 1, 3, 1, 8]
[4, 2, 4, 1, 8]
[4, 2, 4, 8]
[4, 3, 1, 3, 8]
[2, 1, 2, 1, 1, 2, 8]
[1, 2, 2, 1, 1, 2, 8]
[3, 2, 2, 1, 2, 8]
[4, 2, 4, 2, 1, 8]
[4, 2, 4, 2, 1, 8]
[4, 2, 4, 2, 2, 8]
[3, 2, 4, 2, 2, 1, 2, 5]
[1, 2, 2, 2, 1, 2, 2, 1, 2, 5]
[1, 1, 2, 2, 1, 2, 2, 1, 2, 4]
[2, 2, 2, 1, 2, 2, 1, 2, 3, 1]
[3, 2, 2, 1, 2, 2, 1, 1, 1, 2]
[4, 2, 2, 1, 2, 1, 1, 2, 4]
[3, 2, 2, 1, 2, 2, 1, 3, 2]
[1, 2, 2, 2, 1, 2, 2, 1, 2, 2]
[2, 1, 2, 2, 1, 2, 2, 1, 2, 4]
[1, 2, 2, 2, 1, 3, 2, 1, 2, 4]
[3, 2, 2, 1, 3, 2, 1, 2, 4]
[2, 2, 2, 1, 3, 2, 1, 2, 4]
[2, 1, 2, 2, 1, 3, 2, 1, 2, 4]
[4, 2, 2, 1, 2, 2, 1, 2, 4]
[2, 2, 2, 1, 5, 2, 4]
[2, 1, 2, 2, 1, 11, 4]
[2, 1, 2, 2, 1, 2, 1, 2, 1, 3]
[4, 2, 2, 1, 2, 1, 1, 3, 1, 2]

left_values
[6, 3, 2, 1, 3, 2, 3]
[5, 5, 3, 1, 1, 2, 3]
[6, 7, 5, 3, 2, 1]
[30]
[2]
[30]
[2, 27]
[1, 1]
[1, 24]
[22]
[4]
[25]
[5]
[6, 9]
[30]
[22, 2]
[4]
[1, 6, 10]
[17, 3]
[2]
[4, 14, 1, 1]
[1, 1]
[16, 12]
[28]
[12, 2]
[17]
[16, 2, 10]
[16, 2, 9]
[15, 2, 11]
[13, 3, 9, 1]
