Puzzle number: 85057
width:  25
height:  30
solved_count:  1926
AVE_TIME:  '00:15:39'
ave_time_count:  214

top_values
[5]
[7]
[3, 3]
[3, 3]
[3, 3]
[9, 2, 3]
[2, 2, 2, 3]
[10, 2, 3, 3]
[2, 10, 2, 2, 4]
[12, 2, 1, 3, 3]
[11, 6, 9]
[4, 1, 4, 2, 2]
[1, 9, 8]
[5]
[2]
[1, 2]
[2, 3]
[1, 2]
[2, 2]
[2, 3]
[1, 2]
[2, 2]
[5]
[5]
[3]

left_values
[1]
[4]
[4]
[5]
[2, 2, 1]
[8]
[1, 4, 1]
[1, 4, 1]
[1, 4, 1]
[1, 4, 1]
[1, 4, 1]
[1, 4, 1]
[1, 3, 2]
[2, 1, 2]
[1, 1, 2]
[1, 3]
[1, 2]
[1, 1]
[1, 2]
[1, 2]
[1, 1, 2]
[5, 1, 2, 4]
[10, 2, 4]
[5, 4, 2, 3]
[3, 2, 5, 3]
[2, 1, 8, 3]
[3, 5, 9]
[12, 5]
[10]
[6]
