Puzzle number: 85051
width:  35
height:  35
solved_count:  1608
AVE_TIME:  '00:03:54'
ave_time_count:  118

top_values
[1, 1, 1, 4]
[2, 4, 3]
[2, 1, 1, 3]
[1, 2, 1, 3]
[1, 1, 1, 4]
[1, 7]
[2, 7]
[2, 7, 1]
[5, 18]
[5, 18]
[5, 18]
[5, 18]
[26]
[27]
[1, 30]
[32]
[32]
[33]
[34]
[2, 28]
[1, 27]
[26]
[25]
[26]
[27]
[27]
[30]
[33]
[34]
[35]
[35]
[35]
[35]
[35]
[35]

left_values
[2, 6]
[2, 7]
[2, 8]
[5, 8]
[4, 8]
[5, 9]
[5, 9]
[6, 9]
[1, 8, 11]
[1, 1, 14, 12]
[3, 27]
[33]
[29]
[27]
[1, 23]
[2, 23]
[3, 23]
[1, 32]
[1, 1, 30]
[2, 1, 30]
[3, 31]
[35]
[33]
[32]
[27]
[27]
[27]
[27]
[27]
[27]
[27]
[27]
[27]
[27]
[28]
