Puzzle number: 85142
width:  45
height:  50
solved_count:  186
AVE_TIME:  '00:45:15'
ave_time_count:  100

top_values
[1, 1, 8]
[10, 2, 8]
[4, 16, 8]
[10, 13, 9]
[8, 9, 9]
[8, 1, 1, 8]
[9, 5, 7]
[9, 13, 6]
[8, 5, 11, 6]
[9, 6, 14, 6]
[10, 6, 6, 16]
[18, 5, 15]
[17, 4, 16]
[7, 3, 7, 4, 1, 17]
[6, 2, 8, 8, 1, 16]
[6, 1, 16, 1, 8, 8]
[2, 23, 1, 8, 7]
[2, 16, 5, 2, 4, 6]
[2, 3, 5, 5, 2, 4, 2]
[5, 3, 3, 2, 4]
[3, 6, 3, 3]
[3, 2, 2, 4, 2]
[2, 2, 1, 2, 4]
[2, 1, 2, 4, 4]
[4, 4, 1, 4]
[10, 2, 4]
[11, 1, 4]
[9, 5]
[9, 2]
[8]
[9]
[9]
[13]
[15]
[15]
[8]
[6]
[4]
[]
[]
[]
[]
[]
[]
[]

left_values
[7]
[9]
[7, 1, 4]
[20]
[17, 5]
[15, 1, 6]
[11, 2, 6]
[10, 4, 1, 6]
[12, 2, 10]
[11, 2, 10]
[11, 3, 10]
[5, 3, 4, 2, 10]
[2, 1, 8, 3, 9]
[2, 9, 1, 1, 1, 6]
[2, 12, 1, 5]
[2, 16, 4]
[1, 17, 4]
[11, 1, 3]
[5, 5, 2, 3]
[1, 3, 2, 3]
[2, 1, 2, 1, 3]
[3, 1, 8, 3, 4]
[4, 23, 3]
[4, 23, 4]
[4, 13, 7, 4]
[5, 13, 3, 4]
[4, 6, 1, 4]
[4, 4, 1, 4]
[4, 3, 4, 3]
[4, 3]
[3, 3, 6]
[4, 6, 5]
[2, 9]
[2, 1, 8]
[2, 11]
[13]
[1, 12]
[11]
[5]
[6]
[8]
[14]
[18]
[19]
[19]
[9, 8]
[8, 6]
[7, 5]
[6]
[5]
