Puzzle number: 85408
width:  50
height:  35
solved_count:  1246
AVE_TIME:  '00:05:30'
ave_time_count:  204

top_values
[16]
[16]
[16]
[12]
[5]
[5]
[5]
[5]
[5]
[4]
[4]
[4]
[4]
[5]
[4]
[4]
[4]
[2]
[2]
[2]
[1]
[3, 1]
[5, 1]
[10, 6]
[12, 12]
[23]
[21]
[19]
[18]
[17]
[16]
[16]
[16]
[2, 16]
[23]
[23]
[23]
[23]
[6, 16]
[4, 15]
[14]
[13]
[12]
[11]
[9]
[8]
[6]
[4]
[2]
[]

left_values
[]
[]
[]
[]
[]
[2]
[3]
[4]
[4]
[3]
[2]
[2]
[3, 5]
[3, 7]
[4, 7]
[3, 6]
[4, 6]
[5, 5]
[6, 4]
[3, 4, 14]
[23, 15]
[20, 16]
[17, 18]
[14, 19]
[9, 20]
[4, 20]
[4, 22]
[4, 23]
[4, 23]
[4, 24]
[4, 24]
[4, 25]
[3, 24]
[3, 25]
[3, 24]
