Puzzle number: 85475
width:  30
height:  30
solved_count:  3199
AVE_TIME:  '00:03:23'
ave_time_count:  113

top_values
[]
[4]
[14]
[23]
[30]
[30]
[21, 3]
[10, 4, 3]
[2, 4, 4, 3]
[2, 4, 4, 5]
[2, 4, 14]
[2, 24]
[30]
[30]
[21, 4]
[11, 4, 4]
[2, 4, 4, 4]
[2, 4, 4, 6]
[2, 5, 14]
[2, 23]
[30]
[30]
[21, 5]
[12, 4, 5]
[2, 4, 13]
[2, 22]
[30]
[30]
[21, 4]
[13, 4, 4]

left_values
[26]
[26]
[4, 4, 4, 4]
[4, 4, 4, 4]
[4, 4, 4, 4]
[4, 4, 4, 4]
[12, 4, 4]
[21, 4]
[27]
[27]
[4, 19]
[4, 4, 12]
[4, 4, 4, 5]
[4, 4, 4, 4]
[4, 4, 4, 4]
[4, 4, 4, 4]
[5, 5, 5, 4]
[28]
[28]
[28]
[28]
[4, 4, 4, 4]
[4, 4, 4, 4]
[4, 4, 4, 4]
[4, 4, 5, 4]
[4, 5, 13]
[5, 21]
[29]
[29]
[27]
