Puzzle number: 85504
width:  30
height:  30
solved_count:  2836
AVE_TIME:  '00:03:41'
ave_time_count:  155

top_values
[4, 3]
[2]
[2]
[2]
[2]
[2]
[2]
[1]
[2]
[2]
[2]
[2]
[2]
[2]
[2]
[2]
[1]
[2]
[1]
[1]
[2]
[1, 2, 1]
[1, 11]
[2, 20]
[1, 26]
[1, 27]
[2, 21, 2]
[1, 12, 4, 2]
[1, 3, 4, 4, 1]
[1, 3, 4, 5, 1]

left_values
[4]
[4]
[4, 2]
[4, 5]
[3, 6]
[1, 2, 4]
[1, 4, 4]
[1, 4, 4]
[1, 2, 4]
[2, 4]
[3, 5]
[2, 7]
[2, 7]
[2, 7]
[2, 7]
[2, 4]
[2, 4]
[1, 4]
[1, 4]
[5]
[9]
[9]
[8]
[8]
[4, 1]
[4]
[4]
[4]
[6]
[9]
