Puzzle number: 85523
width:  30
height:  30
solved_count:  2488
AVE_TIME:  '00:06:17'
ave_time_count:  177

top_values
[3, 3, 14, 1]
[6, 3, 1, 8]
[8, 3, 8]
[10, 1, 9, 1]
[2, 3, 2, 11]
[12, 1, 13]
[13, 1, 2, 11]
[13, 3, 10]
[1, 3, 1, 9]
[1, 3, 1, 10]
[13, 2, 2, 7]
[13, 5, 1, 4]
[14, 2, 1, 1]
[1, 3, 4, 2, 2, 1]
[3, 3, 5, 1]
[9, 4, 8]
[21]
[30]
[3, 21]
[3, 3, 3, 1]
[8, 4, 3, 1]
[30]
[30]
[25]
[]
[]
[]
[]
[1]
[1]

left_values
[14, 3, 3, 2]
[8, 3, 3, 3]
[4, 3, 3, 3, 3]
[3, 3, 3, 3, 3]
[3, 3, 3, 3, 3]
[3, 3, 3, 9]
[2, 19]
[1, 22]
[1, 15, 3]
[2, 5, 3, 3, 3]
[1, 3, 3, 3, 4]
[2, 3, 3, 9]
[1, 2, 14]
[5, 12]
[1, 7, 6, 3]
[1, 1, 2, 1, 3, 3]
[1, 2, 1, 3, 3]
[1, 2, 2, 3, 3]
[4, 1, 3, 3, 3]
[7, 2, 2, 8]
[8, 2, 1, 8]
[10, 1, 7]
[10, 2, 2, 3]
[11, 3, 2, 3]
[14, 1, 2, 3]
[11, 1, 2, 3]
[1, 9, 1, 2, 3]
[8, 1, 2, 3]
[8, 1, 2, 3]
[1, 13, 7]
