Puzzle number: 85581
width:  30
height:  30
solved_count:  4956
AVE_TIME:  '00:05:31'
ave_time_count:  555

top_values
[3]
[6]
[8]
[10]
[11]
[13]
[16]
[17]
[22]
[26]
[6, 10, 10]
[5, 1, 6, 1, 8]
[6, 2, 1, 5, 1, 1, 6]
[8, 1, 1, 1, 1, 5]
[7, 2, 1, 1, 1, 1, 4]
[7, 1, 5, 1, 1, 1, 4]
[8, 1, 5, 1, 1, 1, 4]
[15, 1, 8]
[25]
[24]
[22]
[2, 20]
[2, 17]
[2, 13]
[2, 9]
[2, 8]
[2, 6]
[2, 2]
[26]
[27]

left_values
[2]
[4]
[6]
[7, 1]
[9, 4]
[2, 7, 6]
[2, 7, 4, 2]
[2, 8, 3, 2]
[2, 2, 7, 2]
[3, 1, 5, 2]
[3, 1, 6, 2]
[4, 5, 2]
[3, 10, 2]
[5, 6, 2]
[17, 2]
[7, 8, 2]
[17, 2]
[8, 9, 2]
[19, 2]
[6, 6, 2]
[10, 9, 2]
[8, 7, 2]
[11, 11, 2]
[10, 9, 2]
[12, 12, 2]
[13, 10, 2]
[26, 2]
[27, 2]
[30]
[30]
