Puzzle number: 86415
width:  34
height:  35
solved_count:  1664
AVE_TIME:  '00:17:29'
ave_time_count:  101

top_values
[3]
[4]
[1, 1, 4]
[3, 1, 1, 3, 2]
[9, 3, 3]
[3, 5, 3, 3]
[4, 3, 3, 5]
[8, 3, 4]
[2, 5, 3, 4]
[20]
[18]
[17]
[8, 7]
[1, 1, 8]
[8]
[8]
[8]
[8]
[7]
[7]
[3, 7]
[8, 8]
[21]
[7, 12]
[5, 9]
[8]
[4, 3]
[4, 3]
[5, 3]
[4, 3]
[2, 3]
[4]
[4]
[4]

left_values
[2]
[2]
[2]
[3]
[3]
[3]
[3]
[3]
[3]
[3]
[2]
[2, 2, 3, 2]
[3, 4, 3, 4]
[10, 2, 5]
[9, 3, 4]
[1, 2, 5, 7, 3]
[9, 5, 5]
[4, 7, 5, 7]
[9, 18]
[9, 16]
[1, 22]
[17]
[17]
[14]
[13]
[12]
[11]
[11]
[6, 2]
[5, 3]
[3, 4]
[4]
[5]
[5]
[4]
