Puzzle number: 86497
width:  30
height:  35
solved_count:  1959
AVE_TIME:  '00:17:35'
ave_time_count:  329

top_values
[2]
[2, 3]
[2, 1]
[6]
[1, 2]
[3, 2]
[3]
[4]
[4]
[5]
[6]
[14]
[15]
[19]
[21]
[23]
[27]
[29]
[13, 13]
[1, 1, 3, 1, 1, 15]
[1, 4, 10]
[6, 1, 7]
[8, 1, 6]
[10, 2, 3]
[10, 3]
[11, 2]
[11]
[11]
[9]
[5]

left_values
[1]
[2]
[3]
[4]
[4]
[5]
[5]
[7]
[7]
[9]
[8]
[9]
[8, 5]
[9, 7]
[2, 8, 7]
[4, 7, 9]
[2, 15, 9]
[3, 25]
[3, 21]
[1, 21]
[3, 19]
[2, 2, 10, 6]
[2, 3, 10, 3]
[1, 11]
[8]
[10]
[8]
[7]
[7]
[5]
[4]
[5]
[3]
[3]
[1]
