Puzzle number: 86493
width:  30
height:  35
solved_count:  2297
AVE_TIME:  '00:12:11'
ave_time_count:  256

top_values
[12, 3, 18]
[2, 7, 3, 18]
[2, 18]
[3, 10, 7]
[4, 2, 7, 6]
[6, 3, 2, 1, 6]
[6, 1, 1, 1, 1, 2, 2]
[4, 1, 1, 1, 1]
[5, 3, 1, 1, 1]
[4, 1, 1, 2, 1, 1]
[4, 2, 1, 1, 1, 2]
[6, 3, 1, 4]
[4, 1, 1, 1, 4]
[3, 1, 6]
[2, 1, 1, 7]
[2, 1, 1, 2, 8]
[11, 2, 2, 3, 9]
[11, 2, 5, 9]
[14, 2, 9]
[17, 5, 3]
[17, 2, 2, 3]
[21, 1, 1, 2]
[16, 4, 2]
[16, 1]
[16, 1]
[6, 4, 2]
[5, 2, 2]
[4, 2, 2, 3]
[5, 2, 9]
[6, 20]

left_values
[30]
[30]
[1, 11, 14]
[1, 9, 14]
[1, 2, 1, 1, 11, 2]
[2, 2, 1, 10, 1]
[2, 10]
[2, 9, 1]
[2, 9, 2]
[2, 2, 2, 11]
[2, 2, 2, 10, 1]
[2, 3, 4, 8, 1]
[3, 12]
[2, 1, 1, 1, 9]
[2, 1, 3, 2, 6]
[2, 1, 10, 1]
[2, 6, 1]
[6, 1, 1, 2]
[6, 2, 1, 2]
[5, 2, 1, 1]
[5, 1, 2, 1]
[5, 1, 1]
[10, 1]
[4, 2, 1]
[3, 1]
[3, 1]
[3, 4, 1, 2]
[3, 6, 1, 2]
[4, 7, 1, 2]
[7, 12, 1, 2]
[7, 7, 1, 2]
[6, 8, 1, 2]
[6, 10, 3]
[7, 13, 5]
[30]
