Puzzle number: 86609
width:  30
height:  30
solved_count:  2887
AVE_TIME:  '00:14:13'
ave_time_count:  315

top_values
[30]
[2, 4, 3, 1]
[2, 5, 3, 6, 1, 2, 1, 1]
[2, 2, 2, 2, 2, 3, 2, 3, 1]
[2, 3, 2, 3, 1]
[30]
[1, 1]
[1, 1, 4, 1]
[1, 2, 1, 7, 1]
[1, 2, 2, 3, 3, 1, 1]
[1, 6, 4, 2, 3]
[1, 4, 2, 3, 7, 1, 1]
[5, 4, 5, 7]
[1, 2, 1, 3, 6, 1, 2, 1, 2]
[1, 2, 1, 2, 1, 2, 1, 2]
[1, 4, 2, 3, 1, 11]
[10, 3, 1, 1, 1]
[1, 5, 7, 1, 1, 1]
[1, 2, 2, 1, 1, 1]
[1, 2, 1, 6, 3]
[1, 1, 1, 2, 1, 1]
[1, 2, 5, 1, 8]
[1, 4, 4, 3, 1, 2]
[1, 2, 2, 7, 1, 2]
[1, 5, 9]
[1, 5, 4, 1]
[1, 2, 11, 1]
[1, 5, 3, 2, 1]
[1, 9, 1]
[30]

left_values
[30]
[6, 1, 1, 1]
[1, 1, 2, 2, 1]
[1, 2, 1, 6, 1]
[1, 2, 1, 8, 1]
[1, 1, 1, 4, 3, 1]
[1, 4, 4, 1, 2, 1]
[1, 4, 1, 2, 2, 1]
[1, 2, 4, 3, 4, 1]
[2, 1, 8, 2, 2, 1]
[3, 1, 2, 5, 1]
[4, 1, 3, 5, 1]
[4, 1, 3, 2, 1, 1]
[1, 1, 2, 5, 5]
[1, 4, 2, 9, 4]
[1, 4, 3, 6, 2, 4]
[1, 1, 1, 2, 2, 1, 1, 2, 1, 2]
[1, 2, 1, 2, 2, 1, 1, 2, 4]
[1, 2, 1, 2, 3, 7, 4]
[1, 2, 1, 2, 9, 1, 4]
[1, 1, 3, 1, 1, 1, 1, 1, 2, 2]
[1, 4, 2, 1, 1, 1, 1, 1, 7]
[1, 3, 3, 1, 9, 1]
[2, 2, 17, 1]
[3, 1, 5, 4, 1]
[4, 1, 1, 1, 1, 1, 1]
[1, 1, 1, 4, 4, 1]
[1, 2, 1, 4, 1, 4, 1, 1]
[1, 1, 1, 4, 1, 4, 1]
[30]
