Puzzle number: 86634
width:  25
height:  25
solved_count:  4101
AVE_TIME:  '00:06:58'
ave_time_count:  505

top_values
[9]
[17, 2]
[17, 6]
[1, 2]
[1, 2, 2, 2, 2, 2, 6]
[1, 2, 2, 2, 2, 2, 6]
[1, 2]
[17, 6]
[17, 2]
[12]
[2, 1, 1]
[2, 1, 4, 5]
[1, 1, 1, 1, 1, 1]
[3, 4, 1, 1]
[1, 1, 5]
[2, 1, 4, 1]
[2, 1, 1, 1, 5]
[1, 4, 5]
[1, 1]
[2, 12]
[4, 2, 1]
[6, 2, 3, 5]
[6, 2, 3, 5]
[4, 2, 1]
[2, 2, 3, 5]

left_values
[8, 2]
[2, 2, 4]
[2, 2, 6]
[2, 2, 2, 6]
[2, 2, 2, 4]
[2, 2, 2]
[2, 2, 2]
[2, 2, 2]
[2, 2]
[2, 2, 2, 2, 2]
[2, 2, 2, 3, 3, 1]
[2, 2, 1, 2]
[2, 2, 2, 1, 2]
[2, 2, 13, 2]
[2, 3, 3]
[2, 2, 3, 3, 3, 2]
[3, 2, 3, 1, 1, 1, 1, 1, 2, 1]
[1, 1, 1, 1, 1, 1, 1, 2, 1]
[1, 1, 3, 3, 1, 2, 1]
[1, 1, 2, 1, 1, 1]
[1, 1, 2, 1, 1, 4, 2, 1, 2, 1]
[1, 1, 2, 1, 1, 1, 1, 2, 1, 2, 1]
[1, 1, 2, 1, 1, 1, 1, 2, 1, 2, 1]
[10, 1, 1, 2, 1, 2, 1]
[25]
