Puzzle number: 86930
width:  40
height:  45
solved_count:  559
AVE_TIME:  '00:04:29'
ave_time_count:  140

top_values
[3, 7, 28]
[4, 27]
[3, 26]
[4, 26]
[3, 22]
[3, 22]
[3, 20]
[3, 20]
[2, 19]
[2, 18]
[2, 17]
[2, 17]
[2, 16]
[2, 14]
[2, 14]
[2, 13]
[2, 12]
[1, 11]
[2, 10]
[2, 9]
[2, 7]
[2, 7]
[2, 6]
[2, 6]
[2, 5]
[2, 5]
[3, 4]
[3, 4]
[2, 3]
[2, 3]
[2, 3]
[2, 3]
[2, 3]
[3, 3]
[2, 3]
[2, 3]
[2, 3]
[2, 4]
[6]
[4]

left_values
[]
[]
[]
[2]
[4]
[6]
[7]
[6]
[1, 5]
[1, 4]
[1, 4]
[1, 3]
[1, 2]
[1, 3]
[1, 2]
[2]
[2]
[1, 2]
[2, 2]
[4, 2]
[6, 2]
[8, 2]
[9, 2]
[10, 2]
[12, 2]
[13, 2]
[15, 2]
[16, 2]
[17, 3]
[18, 3]
[19, 4]
[20, 3]
[22, 2]
[24, 2]
[26, 3]
[40]
[40]
[39]
[28]
[20]
[13]
[6]
[4]
[4]
[4]
