Puzzle number: 87210
width:  25
height:  25
solved_count:  3555
AVE_TIME:  '00:07:57'
ave_time_count:  465

top_values
[3, 2]
[6, 2]
[5, 3]
[2, 4, 3]
[6, 4]
[8, 3]
[7, 4]
[9, 3]
[8, 4, 1]
[10, 7]
[3, 5, 11]
[3, 7, 10]
[4, 6, 4, 6]
[24]
[17, 3, 3]
[8, 8, 5]
[11, 2, 9]
[1, 6, 7, 2, 4]
[10, 11]
[1, 5, 7, 6]
[10, 4, 4]
[1, 17]
[1, 7, 6]
[1, 3, 4, 3]
[10]

left_values
[1]
[3, 2]
[6]
[10]
[11]
[5, 8]
[6, 10]
[19]
[21]
[3, 13, 5]
[15, 3, 2]
[24]
[1, 1, 1, 1, 1, 1, 3, 6]
[1, 1, 1, 1, 1, 1, 5, 5]
[1, 1, 1, 1, 1, 1, 12]
[16, 3, 4]
[22, 1]
[11, 2, 7]
[3, 6, 2, 2]
[6, 9]
[9, 2, 4]
[5, 8, 1]
[15]
[15]
[15]
