Puzzle number: 87747
width:  30
height:  15
solved_count:  2775
AVE_TIME:  '00:10:47'
ave_time_count:  309

top_values
[2]
[3]
[1, 2]
[1, 1]
[1, 2]
[2, 1]
[6]
[2, 2]
[2, 2, 1]
[3, 2, 1, 1]
[4, 4, 1]
[3, 2, 2, 1]
[2, 1, 2, 1]
[2, 1, 4, 2, 1]
[3, 2, 1, 2, 1]
[2, 2, 1]
[2, 2]
[2, 4]
[9]
[3, 5]
[3, 5]
[3, 6]
[3, 1, 4]
[2, 1, 3]
[4, 2]
[2, 2]
[2, 2]
[2, 3]
[7]
[5]

left_values
[1]
[3]
[1, 2]
[2, 1]
[2, 3]
[4, 2, 3]
[4, 2, 9]
[2, 4, 11]
[2, 2, 1, 2, 5]
[5, 2, 2, 1, 4, 2]
[2, 2, 4, 4, 2]
[3, 1, 1, 2, 2, 6, 2]
[4, 2, 2, 2, 7, 3]
[4, 14]
[21]
