Puzzle number: 88170
width:  30
height:  30
solved_count:  2100
AVE_TIME:  '00:06:57'
ave_time_count:  141

top_values
[4, 5, 1, 2]
[3, 5, 2, 3]
[4, 4, 6]
[3, 2, 2, 3, 6]
[2, 3, 2, 4, 5]
[2, 3, 2, 4, 5]
[3, 3, 2, 3, 3]
[3, 5, 1, 4, 1, 1]
[4, 4, 2, 2, 1]
[5, 11, 2]
[7, 9, 3]
[11, 8, 4]
[23, 5]
[30]
[30]
[30]
[30]
[29]
[27]
[25, 1]
[24, 3]
[23, 5]
[23, 6]
[23, 6]
[23, 2]
[12, 10]
[11, 8]
[4, 6, 8]
[3, 5, 7]
[4, 6, 7]

left_values
[28]
[28]
[3, 24]
[3, 20, 1]
[2, 18]
[1, 17]
[1, 2, 18]
[3, 18]
[4, 19]
[3, 19]
[3, 19]
[2, 14, 3]
[3, 13, 1]
[2, 14, 1]
[1, 2, 15]
[3, 19]
[2, 3, 21]
[3, 24]
[6, 22]
[8, 21]
[30]
[26]
[1, 17, 3]
[6, 8]
[7, 7, 2]
[5, 7, 3]
[5, 8, 3]
[5, 8, 4]
[4, 9, 5]
[2, 10, 6]
