Puzzle number: 88487
width:  50
height:  50
solved_count:  79
AVE_TIME:  '01:41:01'
ave_time_count:  77

top_values
[6, 3, 11, 3, 3, 2]
[2, 2, 2, 1, 11, 3, 3, 2]
[4, 3, 11, 4, 3, 3, 2]
[1, 3, 11, 5, 2, 2, 2, 2]
[1, 2, 1, 1, 4, 2, 2, 3, 2, 5, 4]
[6, 1, 1, 6, 2, 1, 4, 2, 2, 11]
[1, 1, 1, 3, 3, 2, 3, 13]
[3, 7, 4, 1, 2, 5, 6]
[4, 2, 1, 2, 3, 2, 1, 5]
[4, 2, 3, 1, 1, 5]
[4, 4, 2, 1, 1, 5]
[1, 2, 2, 1, 1, 1, 3]
[9, 2, 3, 1, 1, 5]
[1, 2, 4, 4, 1, 2, 1, 4]
[4, 8, 3, 1, 2, 6]
[2, 1, 12, 3, 1, 1, 1, 1, 5]
[1, 2, 15, 4, 1, 1, 1, 6]
[2, 18, 5, 1, 1, 1, 1, 1, 5]
[1, 1, 1, 5, 6, 3, 1, 1, 1, 1, 5]
[1, 1, 1, 1, 1, 4, 1, 5, 5, 1, 1, 1, 5]
[2, 1, 1, 4, 2, 2, 5, 4, 1, 1, 1, 1, 3]
[3, 1, 4, 1, 1, 3, 5, 1, 1, 1, 5]
[3, 1, 1, 2, 2, 3, 4, 6, 1, 1, 5]
[3, 1, 2, 2, 2, 2, 4, 6, 1, 5]
[4, 1, 1, 1, 1, 2, 2, 4, 5, 1, 1, 5]
[6, 1, 2, 2, 1, 2, 4, 5, 1, 5]
[4, 2, 1, 2, 2, 2, 3, 4, 1, 4]
[1, 4, 1, 2, 3, 2, 2, 3, 5, 3]
[1, 4, 2, 1, 2, 2, 6, 8]
[9, 1, 2, 2, 6, 4]
[9, 2, 3, 3, 6]
[5, 5, 2, 3, 3, 6]
[5, 4, 1, 3, 3, 6]
[6, 8, 3, 3, 5]
[7, 9, 3, 3, 6]
[5, 2, 9, 3, 5]
[1, 7, 8, 3, 5]
[1, 4, 3, 5, 3, 4]
[1, 2, 2, 3, 5, 1, 4]
[5, 2, 2, 4, 1, 3]
[1, 2, 5, 4, 8]
[2, 3, 6, 12]
[1, 2, 6, 9]
[1, 1, 2, 1, 6, 7]
[1, 3, 8, 2]
[1, 1, 3, 1, 7]
[1, 5, 3, 4]
[1, 5, 1, 1, 6]
[2, 3, 3, 2, 5]
[2, 3, 2, 1, 1, 1, 4]

left_values
[1, 3, 1, 1, 1, 3, 1, 2, 2, 9, 7]
[2, 1, 1, 1, 2, 1, 1, 6, 1, 5, 1, 2, 2]
[1, 1, 1, 1, 1, 1, 1, 20, 1, 1]
[1, 1, 1, 1, 3, 1, 23, 4]
[1, 1, 1, 1, 4, 1, 13, 11]
[1, 1, 1, 2, 1, 1, 4, 8, 3, 9]
[1, 1, 2, 1, 1, 1, 5, 2, 3, 2, 4]
[1, 2, 2, 1, 3, 3, 3, 3, 1, 4]
[1, 1, 3, 2, 7, 1, 4, 3, 3, 2, 2]
[1, 2, 1, 1, 1, 6, 9, 8, 2]
[5, 2, 11, 3, 9, 1]
[3, 3, 10, 2, 3, 9]
[2, 4, 10, 3, 6, 2]
[2, 1, 4, 4, 3, 3, 2, 4, 1]
[8, 4, 1, 2, 3, 2, 7]
[1, 5, 4, 2, 2, 4, 2, 5]
[5, 4, 1, 3, 2, 2, 5]
[3, 3, 1, 1, 3, 5, 4]
[1, 2, 4, 1, 1, 3, 3, 3]
[10, 3, 1, 2, 4, 3, 1]
[14, 4, 1, 2, 4, 3]
[4, 9, 4, 1, 1, 4, 2]
[6, 1, 9, 1, 1, 6]
[5, 4, 3, 2, 1, 4]
[3, 3, 3, 3, 2, 2, 4]
[2, 4, 2, 3, 2, 2, 3]
[2, 4, 3, 3, 2, 3, 3]
[6, 3, 3, 1, 3, 2]
[6, 4, 4, 1, 3, 3]
[3, 3, 3, 2, 3, 2]
[1, 5, 9, 3, 2, 3, 3]
[2, 4, 3, 3, 6, 3, 3]
[4, 5, 2, 2, 6, 3, 2]
[5, 5, 5, 6, 3, 4]
[1, 4, 2, 2, 3, 7, 3, 2]
[2, 3, 2, 6, 7, 1, 4]
[8, 3, 3, 7, 4]
[8, 1, 3, 7, 4]
[1, 6, 2, 5, 7, 5]
[2, 2, 5, 2, 2, 11]
[3, 2, 6, 2, 2, 8]
[3, 3, 6, 2, 5, 6]
[1, 2, 3, 6, 2, 3, 2]
[2, 4, 7, 2, 2]
[7, 6, 2, 4]
[6, 11, 2]
[4, 14]
[12]
[8]
[4]
