Puzzle number: 89483
width:  45
height:  50
solved_count:  266
AVE_TIME:  '00:18:43'
ave_time_count:  100

top_values
[7, 8, 1]
[7, 8, 1]
[7, 8, 1]
[7, 10, 1]
[7, 10, 1]
[7, 9, 1]
[7, 8, 1]
[7, 11, 1]
[8, 13, 1]
[10, 14, 1]
[13, 9, 9, 1]
[24, 1, 9, 1]
[22, 12, 1]
[19, 1, 11, 1]
[13, 3, 13, 1]
[8, 1, 13, 1]
[8, 1, 11, 1]
[10, 14, 1]
[12, 14, 1]
[12, 1, 12, 1]
[14, 13, 1]
[16, 14, 1]
[18, 19, 1]
[38, 2, 1]
[3, 17, 1, 10, 2, 1]
[4, 5, 1, 1, 10, 1, 1]
[9, 1, 10, 1, 1]
[8, 1, 9, 1, 1]
[6, 1, 9, 2, 1]
[1, 9, 2, 1]
[1, 1, 8, 1, 1]
[1, 1, 8, 1, 1]
[1, 8, 1]
[1, 2, 1, 9, 1, 1, 1]
[1, 1, 2, 1, 1, 9, 1, 1, 1]
[1, 1, 2, 1, 1, 9, 1]
[1, 1, 1, 1, 1, 8, 1]
[1, 1, 2, 1, 2, 1, 3, 1]
[1, 1, 1, 1, 2, 3, 1]
[1, 1, 1, 1, 2, 2, 1]
[1, 1, 1, 1, 1, 2, 1, 2, 1]
[1, 1, 1, 1, 1, 2, 1, 2, 1]
[1, 1, 1, 1, 1, 1, 1, 1, 1]
[1, 1, 2, 1]
[50]

left_values
[23, 3, 1]
[23, 5, 1]
[24, 1]
[24, 1]
[25, 4, 1]
[26, 1]
[27, 1]
[16, 2, 1]
[6, 7, 2, 1]
[6, 7, 2, 1]
[5, 7, 2, 5]
[5, 7, 3, 1]
[5, 9, 1]
[3, 9, 1]
[4, 8, 2, 1]
[5, 5, 2, 7, 1]
[4, 4, 2, 5]
[3, 3, 1]
[3, 2, 1]
[3, 2, 1]
[3, 2, 4, 1]
[3, 2, 5, 1]
[2, 2, 8]
[2, 2, 2]
[3, 4, 1]
[3, 3, 1]
[4, 3, 1]
[2, 13, 2, 1]
[6, 3, 1, 2, 2, 10, 10, 1]
[24, 1]
[27, 1]
[29, 1]
[30, 1]
[32, 1]
[36, 1]
[42, 1]
[40, 1]
[28, 1]
[25, 1]
[25, 1]
[6, 8, 3, 1]
[3, 7, 1]
[4, 7, 1]
[4, 5, 1]
[3, 2, 3, 1]
[4, 1]
[2, 1]
[1]
[1]
[45]
