Puzzle number: 89673
width:  50
height:  45
solved_count:  386
AVE_TIME:  '00:16:53'
ave_time_count:  102

top_values
[2, 11, 10]
[1, 14, 9]
[2, 14, 7]
[1, 15, 6]
[1, 15, 4]
[2, 16, 3]
[1, 16]
[1, 16]
[1, 18]
[22]
[22]
[23]
[24]
[24]
[25]
[25]
[23]
[22]
[11, 10]
[10, 8]
[10, 8]
[10, 8]
[10, 9]
[9, 9]
[9, 8]
[9, 8]
[2, 8, 9]
[4, 8, 9]
[5, 7, 8]
[6, 6, 8]
[6, 6, 9]
[7, 6, 8]
[8, 6, 7]
[9, 6, 7, 2]
[13, 6, 13]
[14, 6, 13]
[45]
[45]
[45]
[45]
[45]
[45]
[45]
[45]
[36]
[29, 2]
[3, 24, 2]
[3, 17, 2]
[1, 4, 2, 11, 2]
[3, 4, 9, 3]

left_values
[11, 18, 1, 2]
[4, 7, 18, 1, 1]
[3, 7, 17, 1, 1]
[1, 8, 17, 1]
[10, 16, 1]
[11, 15, 2]
[20, 13, 1]
[22, 12, 1]
[23, 12, 2]
[25, 11, 1]
[26, 12, 1]
[27, 12, 1]
[28, 12]
[29, 12]
[30, 11]
[33, 12]
[18, 28]
[18, 26]
[18, 24]
[19, 22]
[18, 18]
[18, 16]
[13, 13]
[13, 13]
[12, 14]
[11, 14]
[10, 14]
[1, 9, 14]
[2, 10, 14]
[3, 10, 14]
[4, 10, 14]
[5, 9, 14]
[6, 21, 1]
[6, 21]
[6, 20]
[4, 18]
[2, 17]
[13]
[12]
[11]
[11]
[14]
[16]
[12, 2]
[11, 1]
