Puzzle number: 89695
width:  30
height:  35
solved_count:  1750
AVE_TIME:  '00:21:49'
ave_time_count:  232

top_values
[32]
[32]
[32]
[3, 3]
[3, 6, 2]
[3, 1, 1, 1, 2]
[3, 6, 1, 3, 1, 1, 2]
[3, 8, 2, 1, 2, 1, 4, 2]
[3, 2, 2, 2, 1, 1, 1, 2]
[3, 2, 2, 3, 4, 2]
[3, 3, 3, 5, 2]
[1, 2, 2, 2, 1, 3, 4, 2]
[1, 2, 1, 3, 1, 1, 3]
[1, 2, 1, 3, 2, 1, 3]
[1, 2, 4, 1, 2, 2]
[1, 2, 6, 1, 3, 4, 2]
[1, 2, 2, 2, 1, 3, 1, 1, 2]
[1, 3, 2, 2, 1, 3, 2, 1, 2]
[1, 3, 5, 2]
[1, 2, 4, 4, 2]
[1, 2, 4, 1, 1, 3]
[1, 2, 4, 4, 3]
[1, 2, 3, 2]
[1, 2, 2, 1, 2]
[1, 2, 1, 4, 2]
[1, 2, 1, 2]
[1, 32]
[1, 1, 1]
[1, 1, 1]
[35]

left_values
[30]
[11, 1]
[19, 3]
[3, 16, 1]
[3, 10, 1]
[3, 4, 1, 1]
[3, 6, 1, 1]
[3, 2, 2, 3, 1, 1]
[3, 2, 4, 1, 1]
[3, 2, 2, 1, 1]
[3, 2, 2, 2, 1, 1]
[3, 6, 4, 1, 1]
[3, 4, 3, 1, 1]
[3, 1, 1]
[3, 1, 1]
[3, 1, 2, 1, 1]
[3, 1, 1, 2, 1, 1]
[3, 2, 3, 7, 1, 1]
[3, 4, 6, 1, 1]
[3, 2, 10, 1, 1]
[3, 3, 13, 1, 1]
[3, 2, 8, 1, 1]
[3, 1, 3, 1, 1]
[3, 1, 1]
[3, 4, 1, 1]
[3, 1, 1, 1]
[3, 1, 3, 3, 3, 3, 1, 1, 1]
[3, 1, 1, 1, 1, 1, 1, 1, 1, 1, 4, 1]
[3, 1, 3, 2, 2, 1, 1, 1, 1, 1]
[3, 4, 1, 1, 1, 1, 1, 3, 1, 1, 1]
[4, 1, 1]
[14, 1, 1]
[19, 1, 1]
[15, 1]
[10]
