Puzzle number: 89826
width:  30
height:  30
solved_count:  2054
AVE_TIME:  '00:11:12'
ave_time_count:  144

top_values
[3, 4]
[2, 6, 1]
[1, 5, 2]
[1, 4, 4]
[1, 4, 5]
[1, 2, 2, 5]
[1, 1, 2, 5]
[1, 2, 1, 2, 8, 1]
[2, 2, 4, 8]
[3, 2, 2, 8, 2]
[2, 4, 2, 3, 1, 5]
[2, 8, 3, 9]
[3, 7, 10]
[6, 3, 9, 1]
[7, 5, 12, 1]
[9, 2, 10, 2]
[11, 13, 2]
[20, 5, 2]
[19, 4, 1]
[10, 8, 4, 1, 1]
[9, 6, 4, 4]
[3, 6, 3, 3]
[1, 6, 3, 3]
[6, 4, 1, 1]
[11, 3]
[12, 3]
[11, 3]
[4, 2, 3, 3]
[4, 11]
[3, 3, 4, 1]

left_values
[2, 1, 13]
[2, 1, 12]
[1, 2, 10]
[2, 8]
[3, 8]
[2, 8]
[1, 2, 7]
[2, 1, 6]
[3, 6]
[1, 2, 1, 4]
[3, 1, 1, 3]
[1, 4, 2, 3]
[2, 1, 1, 2, 3]
[1, 3, 3, 8]
[2, 2, 1, 2, 11, 2]
[1, 2, 4, 2, 15]
[3, 2, 2, 1, 16]
[5, 4, 2, 15]
[5, 3, 2, 14]
[6, 3, 1, 5, 3, 1]
[5, 3, 5, 7]
[3, 19]
[3, 16, 2]
[3, 18]
[3, 4, 5, 6]
[3, 5, 2, 5]
[3, 5, 1, 2]
[3, 20]
[3, 4, 3, 3, 5]
[4, 1, 6, 11]
