Puzzle number: 89957
width:  50
height:  45
solved_count:  316
AVE_TIME:  '00:22:02'
ave_time_count:  100

top_values
[1, 12, 2, 2, 13]
[1, 17, 2, 13]
[1, 17, 3, 12]
[19, 4, 12]
[8, 9, 5, 10]
[7, 8, 4, 9]
[7, 9, 1, 3, 14]
[6, 9, 2, 17]
[7, 10, 2, 13]
[20, 3, 11]
[20, 2, 14]
[20, 2, 14]
[22, 2, 13]
[3, 19, 3, 14]
[3, 18, 3, 15]
[3, 18, 3, 15]
[24]
[23]
[36]
[37]
[36]
[35]
[1, 33]
[1, 32]
[1, 31]
[30]
[25]
[21]
[19, 2]
[25]
[24]
[20]
[17]
[22]
[21]
[16]
[1, 15]
[2, 13, 4]
[3, 2, 20]
[3, 2, 20]
[4, 2, 16]
[4, 3, 16]
[4, 4, 17]
[9, 19]
[8, 19]
[4, 11, 3]
[11, 1]
[14]
[15]
[2, 8, 5]

left_values
[7, 4, 3, 9]
[8, 4, 8]
[15, 7]
[13, 6]
[14, 3]
[15, 3]
[17, 4]
[5, 10, 4]
[4, 11, 6]
[4, 12, 5]
[5, 14, 1]
[22, 1]
[23]
[24]
[25]
[25]
[26]
[27]
[28]
[23]
[21]
[20]
[19]
[4, 19]
[5, 8, 21]
[6, 32]
[4, 33]
[4, 35]
[5, 34]
[4, 34]
[3, 4, 32]
[10, 32]
[2, 12, 32]
[16, 32]
[16, 32]
[16, 31]
[16, 31]
[16, 27, 3]
[16, 10, 8, 7, 2]
[16, 9, 7, 7, 3]
[9, 6, 9, 3, 2, 7, 3]
[5, 2, 6, 8, 3, 2, 3, 4, 2]
[4, 2, 6, 8, 2, 2, 3, 4, 1]
[4, 2, 2, 3, 8, 3, 2, 3, 3, 1]
[4, 2, 2, 2, 7, 3, 2, 3, 4]
