Puzzle number: 90015
width:  35
height:  50
solved_count:  1745
AVE_TIME:  '00:05:04'
ave_time_count:  148

top_values
[]
[]
[]
[]
[]
[]
[]
[]
[]
[]
[6]
[2, 3]
[6]
[1, 4]
[1, 1, 2]
[1, 1, 3]
[1, 1, 1]
[1, 2, 1]
[1]
[1]
[1]
[1]
[1]
[1]
[1, 1]
[1, 2]
[2, 3]
[2, 2, 4]
[2, 5, 5]
[3, 8, 6]
[15, 10]
[18, 10]
[29]
[30]
[30]

left_values
[2]
[2]
[1]
[1]
[1]
[1]
[]
[]
[]
[7]
[2]
[2]
[1]
[1]
[2, 1]
[9]
[1]
[2]
[2]
[3]
[1, 2]
[4]
[5]
[6]
[8]
[9]
[5, 5]
[5]
[6]
[7]
[8]
[8]
[7]
[7]
[6]
[6]
[5]
[4]
[4]
[3]
[5]
[5]
[5]
[5]
[6]
[7]
[8]
[9]
[10]
[11]
