Puzzle number: 90233
width:  30
height:  40
solved_count:  541
AVE_TIME:  '00:18:37'
ave_time_count:  108

top_values
[]
[]
[]
[]
[5]
[3]
[4, 1]
[2, 1, 1]
[1, 1, 2]
[2, 2, 1]
[4, 3]
[2, 1, 5]
[2, 1, 6]
[2, 1, 8]
[2, 1, 8]
[3, 1, 9]
[3, 15]
[7, 3, 4]
[2, 7, 4]
[16, 4, 3]
[2, 1, 1, 1, 4, 3]
[2, 1, 2, 4, 3]
[1, 1, 2, 1, 4, 3]
[1, 1, 2, 1, 5, 3]
[1, 1, 3, 18]
[1, 1, 13, 18]
[1, 1, 13, 8, 9]
[1, 1, 3, 8, 7]
[1, 1, 2, 1, 5, 1, 2]
[1, 1, 1, 1, 4, 1, 3]

left_values
[8]
[2]
[3]
[1, 8]
[1]
[1]
[1]
[1]
[1, 2]
[1, 2]
[11]
[1, 7]
[1, 4]
[1, 2]
[2, 2]
[1, 2]
[2, 1, 2, 1]
[3, 2]
[1, 2, 2]
[2, 1, 2]
[4, 1, 2, 1]
[8, 1, 1]
[19]
[2, 13]
[1, 12]
[1, 3, 9]
[8, 4]
[2, 2, 4]
[1, 1, 6]
[1, 1, 4]
[1, 3, 2]
[2, 12]
[1, 14]
[2, 15]
[3, 5, 5]
[2, 2, 6, 6]
[1, 8, 4, 1]
[1, 7, 4, 1]
[1, 9, 4]
[1, 3, 6, 4]
