Puzzle number: 90295
width:  50
height:  40
solved_count:  161
AVE_TIME:  '00:32:32'
ave_time_count:  100

top_values
[8]
[9]
[8]
[8, 10]
[6, 16]
[4, 16]
[3, 17]
[2, 16]
[1, 16]
[1, 16]
[6, 9, 9]
[5, 8, 11]
[5, 7, 13]
[4, 6, 14]
[4, 23]
[28]
[27, 8]
[40]
[40]
[39]
[37]
[36]
[40]
[39]
[37]
[34]
[2, 31]
[2, 28]
[3, 3, 24]
[5, 6, 25]
[5, 3, 3, 20]
[4, 1, 2, 2, 15]
[5, 1, 2, 1, 18]
[6, 1, 2, 2, 2, 13]
[4, 1, 1, 2, 3, 16]
[3, 1, 1, 1, 3, 2, 4, 10]
[4, 1, 3, 8, 2, 2, 9]
[2, 1, 1, 14, 1, 11]
[5, 2, 2, 13, 8]
[4, 3, 8, 11]
[6, 1, 3, 1, 10]
[5, 5, 4, 6, 8]
[2, 2, 3, 9, 2, 6]
[7, 1, 1, 7, 9]
[8, 1, 13, 8]
[1, 5, 1, 10, 8]
[4, 19]
[4, 3, 2, 3, 11, 1]
[1, 6, 1, 1, 1, 1, 6, 2]
[4, 3, 4, 7, 1]

left_values
[7, 11, 1, 2, 1, 3, 1]
[6, 12, 1, 2, 3, 4, 1]
[6, 13, 2, 2, 4, 2, 1]
[5, 15, 1, 2, 4, 12]
[5, 3, 10, 1, 16, 1, 1]
[5, 2, 10, 1, 5, 3, 2, 1, 2]
[4, 3, 12, 10, 2, 2, 4]
[4, 2, 13, 6, 1, 2, 2, 2]
[3, 3, 14, 1, 5, 1, 2, 2, 2]
[2, 2, 16, 2, 2, 1, 2, 1, 1]
[2, 19, 5, 2, 5, 1, 1]
[1, 20, 2, 3, 2]
[21, 7]
[6, 14, 3, 2]
[6, 14, 2, 3, 1, 1]
[6, 14, 2, 4, 3]
[6, 18, 6, 1, 1]
[5, 17, 2, 9]
[5, 17, 1, 9, 2]
[5, 18, 1, 11]
[5, 19, 2, 3, 5, 1]
[5, 19, 1, 4, 6]
[4, 19, 1, 5, 6]
[4, 19, 1, 1, 2, 7]
[4, 19, 1, 2, 10, 1]
[4, 22, 2, 1, 6, 1]
[4, 22, 1, 1, 1, 3, 1]
[3, 5, 18, 1, 1, 1, 6]
[3, 4, 18, 1, 1, 1, 4]
[3, 3, 18, 1, 1, 2, 5]
[4, 3, 19, 1, 2, 1, 4]
[4, 3, 21, 2, 1, 4]
[3, 2, 26, 7]
[3, 2, 26, 7]
[3, 2, 34]
[2, 2, 32, 1]
[2, 1, 5, 26]
[2, 1, 4, 27]
[2, 1, 4, 25, 2]
[2, 3, 26]
