Puzzle number: 90674
width:  30
height:  30
solved_count:  2433
AVE_TIME:  '00:05:04'
ave_time_count:  158

top_values
[2, 1, 1, 1, 3, 1, 1]
[2, 1, 1, 1, 2, 1, 1]
[2, 1, 1, 1, 1, 1, 1]
[2, 1, 1, 2, 1, 1]
[2, 1, 1, 3, 1, 1]
[2, 1, 1, 4, 1, 1]
[2, 1, 1, 5, 1, 1]
[2, 1, 1, 1, 4, 1, 1]
[2, 1, 1, 1, 3, 1, 1]
[2, 1, 1, 1, 2, 1, 1]
[2, 1, 1, 1, 1, 1, 1]
[2, 1, 1, 2, 1, 1]
[2, 1, 1, 3, 1, 1]
[2, 1, 1, 4, 1, 1]
[2, 1, 1, 5, 1, 1]
[2, 1, 1, 1, 4, 1, 1]
[2, 1, 1, 1, 3, 1, 1]
[2, 1, 1, 1, 2, 1, 1]
[1, 1, 1, 1, 1, 1, 1]
[1, 2, 1, 2, 1, 1]
[1, 1, 1, 3, 1, 1]
[3, 1, 4, 1, 1]
[2, 2, 1, 5, 1, 1]
[2, 2, 1, 1, 4, 1, 1]
[1, 1, 1, 1, 1, 3, 1, 1]
[2, 2, 1, 1, 2, 1, 1]
[2, 2, 1, 1, 1, 1, 1]
[5, 1, 2, 1, 1]
[1, 1, 5, 1, 3, 1, 1]
[1, 1, 1, 1, 1, 4, 1, 1]

left_values
[21, 3]
[18, 2, 5]
[4, 2]
[20, 1, 1, 1]
[2, 2]
[2, 5]
[3]
[]
[2]
[1]
[1]
[1]
[2]
[]
[30]
[]
[30]
[4, 4, 4, 3]
[4, 4, 4, 2]
[1, 4, 4, 4, 1]
[2, 4, 4, 4]
[3, 4, 4, 4]
[]
[]
[]
[]
[]
[30]
[]
[30]
