Puzzle number: 90707
width:  30
height:  30
solved_count:  2146
AVE_TIME:  '00:05:44'
ave_time_count:  163

top_values
[8, 11, 2, 1]
[8, 10, 2]
[7, 8, 2, 1]
[5, 5, 2, 3]
[7, 6, 2, 5]
[8, 6, 2, 6]
[8, 4, 2, 7]
[13, 2, 8]
[11, 2, 9]
[11, 2, 10]
[10, 2, 11]
[9, 2, 12]
[8, 2, 13]
[7, 2, 14]
[6, 2, 15]
[5, 2, 15]
[4, 2, 15]
[3, 2, 15]
[2, 2, 15]
[1, 2, 15]
[2, 15, 1]
[2, 15, 2]
[2, 15, 3]
[1, 15, 4]
[15, 5]
[15, 6]
[15, 7]
[1, 15, 8]
[16, 9]
[14, 10]

left_values
[20, 2, 2]
[19, 2, 2]
[18, 2, 3]
[17, 2, 4]
[16, 2, 5]
[3, 11, 2, 6]
[3, 10, 2, 7]
[2, 8, 2, 8]
[5, 2, 9]
[2, 6, 2, 10]
[3, 6, 2, 11]
[3, 4, 2, 12]
[8, 2, 13]
[6, 2, 14]
[6, 2, 15]
[5, 2, 15]
[4, 2, 15]
[3, 2, 15]
[2, 2, 15]
[1, 2, 15]
[2, 15, 1]
[2, 15, 2]
[2, 15, 3]
[1, 15, 4]
[15, 5]
[15, 6]
[15, 7]
[15, 8]
[13, 9]
[1, 11, 10]
