Puzzle number: 90724
width:  30
height:  30
solved_count:  2895
AVE_TIME:  '00:01:35'
ave_time_count:  208

top_values
[1, 1, 1, 1, 1, 1]
[1, 1, 1, 1, 1, 1]
[1, 1, 1, 1, 1, 1]
[28, 1]
[2, 1, 1, 1, 1, 1, 1]
[3, 1, 1, 1, 1, 1]
[3, 1, 1, 1, 1, 1]
[3, 1, 1, 1, 1, 1]
[3, 1, 1, 1, 1]
[3, 1, 1, 1, 1]
[3, 13, 1]
[3, 1, 1, 1]
[3, 1, 1, 1]
[3, 1, 1, 1]
[3, 1, 1]
[3, 1, 1]
[3, 1, 1]
[3, 1]
[1, 1]
[3]
[]
[30]
[]
[]
[]
[]
[]
[]
[]
[]

left_values
[2, 1]
[3, 1]
[1, 1, 1]
[7, 1]
[1, 1, 1]
[1, 2, 1]
[1, 1, 1]
[1, 2, 1]
[1, 1, 1]
[10, 1]
[1, 1, 1]
[1, 2, 1]
[1, 1, 1]
[1, 2, 1]
[1, 1, 1]
[13, 1]
[1, 1, 1, 1]
[1, 1, 2, 1]
[1, 1, 1, 1]
[1, 1, 2, 1]
[1, 1, 1, 1]
[16, 1]
[1, 1, 1, 1]
[1, 1, 2, 1]
[1, 1, 1, 1]
[1, 1, 2, 1]
[1, 1, 1, 1]
[20, 1]
[1, 1]
[20, 1]
