Puzzle number: 90963
width:  45
height:  50
solved_count:  922
AVE_TIME:  '00:02:25'
ave_time_count:  166

top_values
[13, 13, 2]
[13, 3, 2]
[12, 2]
[12, 2]
[12]
[12]
[5, 6]
[5, 6]
[4, 6]
[1, 5]
[4]
[4]
[3]
[4]
[4]
[4]
[5]
[4]
[4]
[4]
[4]
[4]
[4]
[3]
[3]
[3]
[3]
[3]
[3]
[3]
[2]
[2]
[1]
[1]
[1]
[1]
[1]
[1]
[1]
[1]
[1]
[1]
[1]
[1]
[1]

left_values
[10]
[9]
[9]
[9]
[8]
[6]
[8]
[9]
[10]
[12]
[17, 9]
[32]
[2, 37]
[10]
[5]
[]
[]
[]
[]
[]
[]
[1]
[2]
[2]
[2]
[1]
[1]
[1]
[1]
[1]
[1]
[1]
[1]
[1]
[]
[]
[]
[]
[]
[]
[4]
[4]
[]
[]
[]
[]
[]
[]
[]
[]
