Puzzle number: 91051
width:  30
height:  30
solved_count:  3192
AVE_TIME:  '00:05:28'
ave_time_count:  163

top_values
[13, 1, 1]
[13, 1, 1]
[13, 1, 1]
[13, 1, 1]
[14, 1, 1]
[14]
[14, 1]
[14, 1]
[14, 1]
[14, 1]
[14]
[14, 1]
[15, 2]
[15, 1, 1]
[15, 1, 1]
[15, 1, 1, 2]
[15, 1, 1, 2]
[15, 1, 5]
[15, 1, 1]
[16, 1]
[16, 1]
[16, 2]
[14, 1, 3]
[14, 4, 4]
[13, 1, 3, 5]
[13, 2, 10]
[12, 1, 1, 6]
[9, 2, 1, 6]
[8, 4, 2, 6]
[7, 2, 1, 1, 6]

left_values
[30]
[30]
[30]
[30]
[30]
[30]
[30]
[29]
[28]
[27, 1]
[27, 2]
[27, 1]
[26, 1]
[20, 3]
[10, 3]
[5, 7]
[1]
[1]
[4, 2]
[7, 1]
[2]
[1, 2]
[2, 4]
[5, 6, 1]
[2, 1, 5]
[1, 6]
[2, 7]
[2, 8]
[1, 9]
[10]
