Puzzle number: 91065
width:  30
height:  30
solved_count:  2692
AVE_TIME:  '00:05:40'
ave_time_count:  142

top_values
[30]
[3, 20]
[3, 5, 19]
[1, 1, 15]
[13, 15]
[1, 1, 15]
[13, 15]
[13, 15]
[1, 1, 8]
[13, 5, 6]
[1, 1, 3, 3]
[1, 3, 9]
[1, 2, 1]
[1, 2, 2]
[1, 1, 1, 1]
[1, 1, 3, 1]
[1, 1, 1, 1]
[1, 2, 2]
[1, 2, 1]
[1, 3, 2]
[1, 1, 1, 3, 3]
[3, 1, 1, 5]
[2, 1, 1]
[1, 2, 1, 1]
[2, 1, 1, 1]
[3, 2, 1, 1]
[1, 1, 1]
[4, 1, 1, 1]
[1, 1, 1, 1]
[4, 1, 1, 1]

left_values
[3, 6, 2, 3, 1, 1]
[3, 1, 2, 1, 1, 2, 1, 1]
[3, 1, 2, 1, 2, 1, 1, 1]
[1, 1, 2, 1, 2, 3]
[1, 1, 1, 2, 1, 3]
[1, 3, 2, 1, 5]
[1, 1, 1, 2, 1]
[1, 3, 2, 1]
[1, 1, 1, 2, 1]
[1, 1, 2, 21]
[3, 1, 2, 1]
[3, 1, 2, 21]
[3, 6, 3, 3]
[3, 2, 2]
[8, 1, 1]
[8, 2, 2]
[8, 1, 1, 1]
[8, 1, 3, 1]
[8, 1, 1, 1]
[8, 2, 2]
[8, 1, 1]
[9, 2, 2]
[9, 3, 3]
[10, 1, 5]
[10, 1]
[10, 1]
[10, 1]
[10, 1]
[10, 1]
[2, 1]
