Puzzle number: 91066
width:  30
height:  30
solved_count:  3263
AVE_TIME:  '00:02:10'
ave_time_count:  256

top_values
[1, 1, 1]
[4, 1, 1, 1]
[4, 1, 1, 1]
[4, 1, 1, 1]
[4, 1, 1, 1]
[4, 1, 1, 1]
[1, 1, 1]
[4, 1, 1, 1]
[1, 1, 1]
[1, 1, 1]
[1, 1, 1]
[1, 1, 1]
[1, 1, 1]
[1, 1, 1]
[1, 1, 19]
[1, 1, 1]
[7]
[]
[]
[]
[]
[]
[]
[]
[]
[10]
[12]
[3, 3]
[2, 2]
[2, 2]

left_values
[5, 1]
[5, 1]
[5, 1]
[5, 1, 3]
[4]
[17, 3]
[1, 2]
[1, 2]
[1, 2]
[17, 2]
[1, 2]
[17, 2]
[1, 2]
[1, 2]
[1, 3]
[1, 4]
[1, 3]
[1]
[1]
[1]
[1]
[1]
[1]
[1]
[1]
[1]
[1]
[1]
[1]
[1]
