Puzzle number: 91098
width:  30
height:  30
solved_count:  2084
AVE_TIME:  '00:07:31'
ave_time_count:  126

top_values
[]
[]
[]
[]
[]
[]
[3]
[1, 1]
[3, 3, 3]
[3, 2, 9, 1]
[11, 6]
[1, 11, 2]
[12, 2]
[10, 3]
[9, 1, 1]
[2, 5, 4]
[7, 4]
[4, 5]
[1, 1, 2, 1]
[3, 3]
[4, 3, 1]
[8, 6]
[10, 2, 3, 1]
[1, 3, 8, 6]
[7, 4, 5]
[3, 1, 3]
[1, 3, 6]
[17]
[16, 1]
[8, 11]

left_values
[3, 3]
[1, 2, 1, 1]
[7, 3]
[2, 2, 3]
[5, 3]
[6, 2, 1]
[8, 4]
[7, 1, 3]
[1, 7, 3]
[10, 4]
[13, 1, 1]
[9, 6, 2]
[21]
[1, 2, 3, 3]
[3, 6]
[2, 4]
[2, 4]
[3, 3]
[1, 1, 2]
[4, 3]
[5, 4]
[2, 2, 6]
[5, 1, 4]
[4, 7]
[14]
[1, 11]
[7, 3]
[1, 1, 1, 1]
[3, 3]
[2, 1]
