Puzzle number: 91144
width:  30
height:  30
solved_count:  2916
AVE_TIME:  '00:04:33'
ave_time_count:  116

top_values
[14, 8]
[30]
[30]
[30]
[30]
[30]
[25]
[4, 24]
[2, 24]
[2, 1, 23]
[3, 2, 23]
[1, 1, 23]
[2, 1, 23]
[1, 1, 23]
[1, 1, 23]
[2, 1, 1, 23]
[1, 1, 1, 7, 8]
[1, 1, 1, 4, 6, 6]
[3, 1, 3, 4, 3, 6]
[4, 3, 1, 1, 6]
[1, 3, 2, 6, 6]
[6, 3, 2, 2, 6]
[2, 1, 1, 4, 3, 11]
[1, 1, 6, 12]
[1, 1, 23]
[1, 1, 23]
[1, 1, 23]
[2, 1, 23]
[1, 1, 23]
[1, 2, 23]

left_values
[6, 1, 2, 1, 1]
[6, 1, 2, 4, 2]
[6, 1, 3, 1, 1, 3]
[6, 2, 8, 7]
[6, 3, 1, 1, 1]
[7, 10, 9]
[9, 3]
[18, 7]
[30]
[30]
[30]
[17, 8]
[17, 3, 7]
[17, 1, 2, 6]
[15, 1, 2, 6]
[15, 2, 1, 6]
[15, 1, 2, 6]
[15, 1, 2, 6]
[15, 1, 1, 7]
[15, 1, 1, 8]
[15, 2, 1, 8]
[15, 1, 1, 8]
[17, 3, 8]
[17, 8]
[30]
[30]
[30]
[30]
[30]
[30]
