Puzzle number: 91551
width:  30
height:  30
solved_count:  662
AVE_TIME:  '00:15:20'
ave_time_count:  101

top_values
[3, 18]
[2, 11, 4]
[4, 2, 5, 2]
[2, 1, 1, 7, 2]
[2, 5, 1]
[2, 5]
[2, 1, 3]
[2, 2, 2]
[2, 4, 4]
[3, 4, 3]
[3, 7, 2]
[2, 7]
[2, 3, 3]
[3, 1, 4, 3]
[3, 2, 5, 3, 1]
[4, 8, 3]
[4, 5, 1, 4]
[3, 10, 2]
[2, 7, 3]
[1, 1, 7, 5]
[8, 4, 2, 1]
[2, 3, 3, 3]
[2, 8]
[2, 5]
[2, 4]
[3, 3]
[2, 2]
[1, 2]
[]
[]

left_values
[1, 6, 2]
[2, 8, 1]
[1, 5, 4, 2]
[1, 6, 3, 2]
[3, 2, 1]
[2, 2, 2, 1]
[2, 2, 3]
[3, 2, 1]
[4, 2]
[2, 5, 2]
[2, 8, 2]
[2, 12, 1]
[4, 6, 3, 3, 2]
[3, 4, 11]
[2, 5, 7, 1]
[3, 12, 2]
[4, 11, 2]
[1, 2, 7, 2]
[1, 2, 2, 1, 2]
[1, 3, 1, 2]
[1, 3, 3]
[1, 3, 2]
[1, 3, 3]
[1, 3, 3]
[2, 2, 3]
[1, 2, 2, 1]
[1, 2, 1, 1]
[2, 2, 2, 2]
[2, 3, 3, 1]
[2, 3, 1, 5]
