Puzzle number: 91596
width:  30
height:  35
solved_count:  1852
AVE_TIME:  '00:05:39'
ave_time_count:  164

top_values
[5]
[6]
[7]
[8]
[3, 4]
[3, 5]
[3, 5]
[3, 2, 2]
[4, 2, 1]
[1, 1, 2, 2]
[3, 1, 2, 2]
[8, 1]
[8, 2]
[7, 1]
[7, 2]
[8, 1]
[1, 7, 2]
[1, 7, 2]
[1, 9]
[4, 2]
[3, 2]
[2, 3]
[4]
[2]
[2]
[3, 2]
[2, 3]
[2, 8]
[35]
[30]

left_values
[3, 1, 1]
[1, 1]
[4]
[3]
[1]
[2]
[2]
[2]
[2]
[6, 2]
[11, 2]
[10, 1, 2, 2]
[10, 2, 4]
[11, 1, 4]
[2, 9, 2, 3]
[3, 10, 3]
[14, 3]
[2, 5, 1, 3]
[1, 3, 2, 3]
[2, 2, 2, 3]
[1, 2, 3, 2]
[2, 2, 3, 2]
[2, 2, 3, 2]
[2, 2, 2, 2]
[9, 2]
[8, 2]
[7, 2]
[6, 2]
[4, 2]
[2, 2]
[2]
[2]
[2]
[2]
[2]
