Puzzle number: 92075
width:  40
height:  50
solved_count:  222
AVE_TIME:  '00:16:43'
ave_time_count:  101

top_values
[3, 3, 42]
[2, 2, 42]
[3, 41]
[7, 41]
[6, 42]
[5, 43]
[4, 35, 7]
[3, 1, 37, 6]
[2, 1, 3, 33, 6]
[1, 2, 2, 1, 32, 1, 5]
[3, 2, 1, 32, 1, 5]
[4, 2, 1, 32, 1, 5]
[4, 2, 1, 33, 1, 4]
[3, 3, 1, 33, 1, 4]
[2, 4, 1, 12, 20, 1, 4]
[1, 5, 2, 6, 2, 7, 4, 4]
[1, 6, 5, 1, 4, 10]
[7, 5, 1, 2, 9]
[12, 1, 1, 3, 7]
[13, 6, 6]
[13, 9, 4]
[14, 1, 9, 1]
[14, 1, 10]
[15, 5, 2]
[15, 3, 2]
[15, 5, 2, 1]
[15, 7, 5]
[14, 8, 1]
[12, 9]
[10, 10]
[9, 1, 10]
[7, 13]
[6, 3, 8]
[4, 12]
[2, 12]
[12]
[10]
[7]
[5]
[3]

left_values
[2, 7, 6, 6]
[2, 6, 5, 9]
[1, 6, 5, 12]
[5, 5, 14]
[1, 4, 1, 15]
[2, 2, 21]
[2, 1, 24]
[4, 15]
[2, 4, 7, 14]
[8, 1, 15]
[15, 18]
[35]
[34]
[18, 13, 1]
[19, 10, 3]
[17, 6, 5]
[16, 1, 3, 8]
[15, 1, 1, 10]
[16, 1, 9]
[18, 1, 7]
[15, 1, 9]
[17, 9]
[14, 2, 8]
[16, 9]
[16, 8]
[16, 8]
[16, 7]
[16, 7]
[15, 6]
[15, 5]
[15, 5]
[15, 4]
[15, 4]
[15, 3]
[15, 2]
[15, 2]
[15, 1]
[15, 4]
[15, 6]
[16, 6]
[17, 6]
[6, 11, 5, 1]
[6, 2, 6, 5, 2]
[7, 3, 3, 3, 2]
[9, 3, 7, 1]
[12, 4, 7]
[21, 3]
[21]
[21]
[22]
