Puzzle number: 92224
width:  20
height:  20
solved_count:  4103
AVE_TIME:  '00:08:26'
ave_time_count:  467

top_values
[5]
[4, 3]
[3, 2]
[1, 2]
[2, 1]
[4, 2, 1]
[2, 4, 1]
[2, 2, 2]
[2, 7]
[1, 4, 3]
[1, 2, 2]
[1, 2, 6, 2]
[1, 1, 8, 1]
[1, 1, 10, 1]
[1, 1, 10, 1]
[1, 2, 9, 1]
[2, 2, 7, 1]
[2, 3, 4, 1]
[4, 2, 2]
[13]

left_values
[9]
[2, 2]
[2, 2]
[2, 1]
[1, 1]
[1, 5, 2]
[1, 2, 2, 1]
[1, 1, 1, 2, 1]
[2, 4, 1, 2, 1, 1]
[4, 3, 1, 4, 1, 1]
[3, 1, 1, 6, 2]
[2, 1, 6, 2]
[1, 1, 7, 1]
[1, 1, 7, 1]
[1, 1, 7, 1]
[1, 1, 7, 1]
[2, 2, 5, 1]
[2, 4, 3, 2]
[9, 2]
[6]
