Puzzle number: 92309
width:  35
height:  15
solved_count:  1325
AVE_TIME:  '00:13:49'
ave_time_count:  163

top_values
[1, 1, 1, 1, 1, 1]
[4, 4, 1]
[1, 1, 2, 1, 1]
[1, 1, 2, 1]
[1, 1, 1, 1]
[1, 3]
[1, 1, 1, 1, 1]
[1, 1, 2, 1]
[4, 1, 1]
[2, 1]
[4]
[1]
[3]
[4, 1]
[6, 1]
[1, 1, 4, 1]
[1, 1, 1, 3, 1, 1]
[1, 1, 1]
[1, 1, 1, 1]
[1, 1, 1]
[1, 1, 1, 3, 1, 1]
[1, 1, 4, 1]
[6, 1]
[4, 1]
[3]
[2, 1]
[2, 2, 1]
[1, 3, 1]
[4, 2, 1, 1]
[1, 1, 1, 2, 1, 1]
[1, 1, 2, 1, 1]
[1, 1, 3, 3]
[1, 1, 1, 1]
[1, 1, 1, 1]
[1, 1, 1, 1]

left_values
[]
[7, 6]
[1, 1, 1]
[1, 6, 1, 1, 1, 1, 1, 1, 2, 1, 1]
[1, 1, 1, 1, 1, 1]
[3, 1, 1, 1, 3, 3, 1, 4, 3]
[1, 1, 1, 1, 2, 1]
[4, 4, 2, 1, 1, 2, 7, 1]
[1, 1, 1, 1, 1, 1, 5]
[2, 1, 1, 1, 1, 2, 2, 1, 1]
[1, 6, 1, 2, 1, 1, 2, 4]
[1, 1, 1, 1, 1, 1, 1, 1]
[35]
[]
[3, 7]
