Puzzle number: 92477
width:  45
height:  40
solved_count:  205
AVE_TIME:  '00:33:37'
ave_time_count:  100

top_values
[7, 3, 7, 2]
[4, 7, 3, 1, 1]
[5, 5, 2, 2]
[8, 5, 7, 4, 3]
[6, 2, 8, 5, 3]
[4, 7, 5, 3]
[7, 7, 4]
[8, 8, 5]
[6, 7, 10, 6, 1]
[5, 4, 10, 7, 2]
[2, 3, 11, 7, 3]
[12, 7, 4]
[13, 8, 4]
[2, 10, 9, 5]
[7, 11, 7]
[12, 8]
[16, 8]
[3, 15, 9]
[1, 14, 11]
[11, 13, 1]
[8, 15, 1]
[18, 2]
[22, 2]
[26, 3]
[22, 5]
[19, 6]
[17, 8]
[12, 11]
[12]
[18]
[28]
[28]
[23, 3]
[21, 2]
[20, 2]
[9, 7]
[6, 6]
[4, 4]
[3, 3]
[2, 2]
[1, 1]
[1]
[]
[]
[]

left_values
[2, 3, 3, 1, 2, 5, 11]
[2, 3, 3, 1, 1, 1, 5, 10]
[2, 3, 2, 1, 1, 5, 9]
[2, 3, 2, 1, 2, 5, 8]
[1, 2, 2, 1, 3, 5, 7]
[1, 2, 1, 2, 3, 5, 7]
[1, 1, 1, 2, 4, 6, 6]
[1, 2, 3, 4, 6, 6]
[3, 3, 5, 6, 6]
[1, 3, 3, 4, 6, 5, 2]
[1, 2, 3, 3, 4, 6, 7, 2, 1]
[1, 1, 2, 3, 4, 7, 10]
[1, 2, 3, 3, 4, 6, 10]
[2, 3, 4, 4, 6, 9]
[2, 3, 4, 4, 6, 9]
[1, 3, 3, 4, 6, 8]
[2, 3, 4, 4, 7, 8]
[1, 3, 4, 5, 6, 7]
[2, 3, 5, 4, 6, 7]
[2, 2, 5, 4, 6, 8]
[2, 3, 4, 5, 6, 7]
[2, 3, 5, 4, 6, 6]
[2, 2, 4, 4, 6, 7]
[1, 3, 4, 4, 6, 6]
[1, 3, 4, 4, 6, 7]
[2, 4, 4, 7, 9]
[2, 3, 4, 6, 10]
[2, 4, 4, 7, 8, 1]
[1, 4, 4, 7, 5]
[2, 3, 4, 6, 4]
[1, 4, 4, 7, 3]
[3, 5, 6, 3]
[3, 5, 5, 3]
[2, 4, 5, 2]
[1, 5, 4, 1]
[5, 4]
[5, 4]
[4, 4]
[3, 4]
[3, 4]
