Puzzle number: 93164
width:  30
height:  20
solved_count:  3163
AVE_TIME:  '00:11:18'
ave_time_count:  180

top_values
[3]
[1, 1]
[1, 1]
[7]
[11]
[13]
[17]
[15, 2]
[16]
[14, 4]
[13, 1, 2]
[16]
[17]
[5, 10]
[5, 1, 9]
[4, 2, 2, 2]
[3, 1, 2, 3, 5]
[1, 2, 7, 1, 2]
[13, 2]
[13, 3]
[4, 6, 2, 2]
[3, 7, 1]
[3, 1, 3, 1, 1]
[8, 5]
[7, 2, 1, 1]
[3, 3, 4, 2]
[2, 1, 1, 2, 1, 3]
[6, 3, 3]
[2, 4, 3]
[1, 2]

left_values
[6]
[9]
[12]
[11, 8]
[11, 10]
[9, 14]
[10, 2, 3, 2, 3]
[11, 1, 2, 7]
[14, 6, 3, 2]
[1, 13, 12]
[1, 14, 7, 2]
[2, 12, 7, 3, 1]
[12, 6, 5]
[6, 4, 6, 1, 1, 1]
[6, 5, 3, 6]
[4, 7, 2, 1]
[5, 3, 3, 4]
[1, 1, 1, 2, 3]
[2, 2, 2, 2, 5]
[2, 2, 2, 2, 6]
