Puzzle number: 93273
width:  50
height:  35
solved_count:  1031
AVE_TIME:  '00:09:05'
ave_time_count:  138

top_values
[35]
[24, 5]
[2, 18]
[18]
[19]
[23]
[25]
[8, 15]
[15]
[14]
[12]
[9]
[1, 8]
[1, 7]
[1, 1, 6]
[2, 5]
[1, 2, 5]
[1, 2, 5]
[1, 1, 1, 3, 5]
[2, 4, 5]
[2, 2, 2, 4]
[2, 2, 2, 4]
[2, 2, 2, 4]
[2, 2, 2, 3]
[2, 2, 3]
[2, 1, 3]
[2, 3]
[3, 1, 4]
[1, 1, 5]
[1, 1, 6]
[1, 1, 8]
[1, 1, 9]
[1, 11]
[2, 14]
[2, 15]
[3, 18]
[3, 22]
[4, 24]
[35]
[35]
[35]
[35]
[35]
[35]
[35]
[35]
[35]
[31]
[27]
[24]

left_values
[3, 3, 3, 1, 15]
[3, 2, 14]
[2, 12]
[2, 10]
[2, 10]
[2, 10]
[3, 10]
[3, 10]
[5, 11]
[6, 11]
[7, 11]
[8, 5, 2, 13]
[8, 5, 1, 13]
[8, 1, 1, 1, 14]
[8, 14]
[8, 14]
[8, 14]
[8, 15]
[8, 12, 15]
[7, 18, 15]
[9, 2, 16]
[10, 6, 17]
[10, 6, 17]
[11, 17]
[1, 8, 18]
[2, 8, 18]
[2, 8, 19]
[2, 8, 20]
[2, 9, 20]
[2, 10, 21]
[1, 15, 22]
[1, 18, 23]
[1, 44]
[1, 44]
[1, 44]
