Puzzle number: 93347
width:  50
height:  50
solved_count:  409
AVE_TIME:  '00:18:49'
ave_time_count:  106

top_values
[7, 31]
[6, 26]
[5, 13]
[5, 30]
[6, 26, 1]
[7, 18, 6]
[8, 34]
[8, 5, 23]
[6, 10, 15]
[6, 29]
[7, 23, 8]
[7, 8, 13, 4]
[8, 10, 16]
[8, 4, 5, 8, 12]
[8, 6, 17, 9]
[9, 7, 26]
[9, 7, 10, 11]
[10, 8, 12, 4]
[11, 10, 14]
[11, 32]
[12, 3, 27]
[9, 3, 3, 18]
[8, 3, 3, 19]
[8, 4, 3, 18]
[7, 5, 4, 15]
[6, 6, 4, 10]
[5, 1, 6, 5, 7]
[4, 1, 9, 5, 3]
[3, 2, 3, 8, 5]
[2, 2, 3, 9, 5]
[1, 7, 20]
[7, 17]
[1, 7, 12]
[1, 6]
[7]
[5]
[3]
[2]
[]
[]
[]
[]
[]
[]
[]
[]
[]
[]
[]
[]

left_values
[24, 6]
[24, 4]
[23, 4]
[23, 4]
[22, 5]
[22, 5]
[4, 15, 5]
[5, 12, 5]
[7, 7, 5]
[6, 4, 1, 3]
[5, 4, 1, 3]
[4, 4, 1, 3]
[3, 2, 4, 2]
[2, 3, 4, 2]
[1, 2, 3, 5]
[2, 4, 4]
[7, 4, 4]
[8, 5, 4]
[8, 5, 4]
[1, 4, 4, 6, 4]
[1, 4, 6, 6, 3]
[1, 11, 7, 4]
[1, 12, 3, 3, 3]
[1, 12, 4, 3, 4]
[2, 5, 7, 3, 3, 4]
[2, 10, 2, 3, 3, 3]
[2, 14, 4, 4, 3]
[2, 8, 6, 3, 3, 4]
[2, 8, 6, 3, 3, 3]
[2, 8, 11, 7]
[2, 8, 10, 6]
[2, 9, 10, 5]
[2, 9, 11, 5]
[2, 9, 11, 4]
[2, 2, 7, 10, 3]
[2, 2, 7, 11, 3]
[2, 2, 7, 2, 8, 3]
[5, 7, 2, 8, 3]
[5, 10, 8, 3]
[5, 8, 2, 8, 2]
[5, 2, 1, 3, 2, 8, 1]
[5, 2, 1, 6, 8]
[4, 2, 8, 8]
[4, 2, 8, 8]
[4, 2, 2, 5, 2, 5]
[4, 2, 1, 5, 2, 5]
[3, 2, 8, 2, 5]
[3, 2, 8, 2, 6]
[3, 2, 8, 2, 5]
[3, 3, 8, 2, 2, 2]
