Puzzle number: 93359
width:  50
height:  50
solved_count:  311
AVE_TIME:  '00:45:35'
ave_time_count:  101

top_values
[1, 23, 5, 6, 2]
[2, 17, 4, 5, 6, 2]
[21, 5, 2, 2, 3, 2, 3]
[3, 4, 4, 5, 4, 6, 5, 2]
[4, 4, 5, 4, 5, 2, 3, 3, 2, 3]
[5, 4, 5, 4, 4, 3, 5, 2, 2]
[9, 6, 4, 8, 6, 2, 3]
[1, 3, 5, 10, 3, 10, 2, 3]
[2, 3, 5, 6, 3, 4, 10, 6]
[3, 9, 13, 5, 4, 6]
[2, 9, 4, 8, 4, 4, 6]
[2, 1, 15, 3, 3, 5, 4, 6]
[3, 1, 14, 8, 5, 11]
[4, 2, 14, 7, 5, 4, 6]
[3, 4, 7, 5, 8, 5, 3, 3, 1]
[4, 5, 12, 13, 8, 1]
[5, 5, 12, 14, 3, 3, 2]
[6, 5, 5, 6, 3, 8, 7, 1]
[7, 3, 6, 4, 4, 6, 7, 1]
[8, 11, 4, 5, 15, 1]
[7, 7, 3, 4, 4, 11, 2]
[1, 17, 4, 5, 11, 3]
[10, 7, 3, 3, 5, 7, 3, 4]
[23, 3, 3, 7, 2, 4]
[4, 10, 2, 3, 2, 3, 7, 2, 4]
[5, 6, 11, 2, 4, 5, 2, 1, 2]
[4, 5, 4, 2, 4, 2, 5, 5, 3, 2]
[5, 9, 1, 4, 2, 5, 1, 4, 3, 2]
[7, 4, 4, 2, 2, 1, 8, 1, 4, 3, 2]
[1, 5, 4, 3, 1, 6, 7, 1, 5, 2, 2]
[2, 11, 4, 2, 5, 6, 1, 5, 2, 2]
[2, 11, 3, 1, 6, 6, 6, 1, 2]
[3, 11, 4, 2, 5, 6, 6, 1, 2]
[3, 2, 6, 3, 1, 14, 6, 2]
[8, 6, 7, 13, 6, 2]
[9, 5, 6, 4, 4, 4, 5, 1]
[10, 5, 3, 5, 2, 3, 4, 4, 1]
[16, 9, 6, 5, 4, 2]
[1, 3, 5, 3, 5, 7, 4, 4, 2]
[1, 1, 2, 4, 6, 3, 4, 7, 9, 2]
[2, 2, 1, 3, 10, 4, 2, 4, 9, 2]
[3, 4, 3, 9, 3, 1, 4, 8, 2]
[3, 1, 2, 3, 4, 4, 4, 3, 4, 3, 2]
[4, 5, 5, 10, 1, 3, 4, 3, 2]
[4, 1, 1, 2, 5, 3, 7, 7, 2, 2]
[8, 3, 5, 4, 7, 7, 5]
[1, 1, 3, 2, 1, 1, 4, 13, 5, 5]
[1, 1, 7, 1, 2, 9, 6, 1, 4, 1, 3]
[2, 2, 9, 2, 7, 1, 3, 1, 6, 2]
[2, 3, 6, 2, 1, 8, 2, 4, 1, 7, 2]

left_values
[6, 3, 9, 5, 9, 5, 4]
[5, 2, 9, 7, 8, 5, 2]
[1, 5, 2, 9, 7, 7, 7]
[3, 4, 1, 1, 6, 10, 4, 2, 3]
[4, 4, 1, 1, 8, 8, 4, 2, 6]
[5, 4, 3, 7, 11, 1, 2, 5]
[7, 3, 4, 8, 10, 3, 4, 1]
[8, 3, 4, 8, 4, 4, 2, 1, 2]
[3, 9, 3, 8, 3, 5, 2, 5]
[3, 9, 5, 13, 6, 7]
[4, 16, 12, 7, 3]
[5, 8, 21, 7, 2]
[7, 9, 6, 11, 8]
[7, 19, 11, 1, 2]
[3, 5, 19, 11, 3]
[3, 5, 20, 11, 3]
[4, 5, 13, 8, 9, 1]
[4, 8, 5, 5, 7, 9]
[5, 10, 4, 4, 8, 3, 6]
[18, 5, 4, 7, 2, 7]
[1, 6, 9, 6, 3, 9, 3]
[1, 6, 8, 5, 3, 2, 7, 3]
[3, 6, 8, 7, 6, 11]
[5, 6, 7, 7, 5, 8]
[7, 6, 7, 2, 5, 5, 7]
[16, 5, 17, 5]
[9, 7, 6, 16, 4]
[1, 17, 4, 7, 9, 2]
[4, 1, 15, 2, 6, 5, 1]
[8, 7, 8, 2, 2, 5, 5]
[2, 7, 5, 12, 3, 5, 7]
[4, 7, 4, 1, 19, 4, 1]
[4, 7, 3, 2, 16, 5]
[17, 16, 5]
[2, 20, 9, 7, 4]
[3, 4, 14, 8, 7, 2]
[10, 13, 1, 7, 5, 1]
[12, 12, 3, 8, 4]
[2, 2, 8, 11, 12, 2]
[4, 8, 14, 12]
[4, 8, 16, 13]
[1, 5, 10, 12, 11]
[3, 7, 8, 16, 1, 3]
[4, 8, 9, 15, 2]
[27, 19]
[16, 5, 14, 2]
[8, 18, 2, 1]
[5, 7, 12]
[5, 14, 13]
[4, 14, 3]
