Puzzle number: 93604
width:  50
height:  50
solved_count:  232
AVE_TIME:  '00:37:19'
ave_time_count:  100

top_values
[5, 21, 6, 4]
[5, 20, 7, 2]
[1, 2, 26, 3]
[25]
[4, 16]
[31, 6]
[1, 1, 3, 36]
[5, 2, 4, 9, 3]
[3, 3, 3, 7, 15]
[4, 3, 1, 2, 4, 8, 2]
[5, 1, 1, 2, 2, 15]
[5, 1, 1, 1, 2, 1, 1, 1, 2]
[3, 2, 3, 2, 1, 1, 1, 1]
[2, 2, 6, 7, 1, 1, 1]
[2, 3, 2, 6, 6, 1, 1, 1]
[1, 4, 2, 17, 1, 1]
[3, 3, 6, 2, 1]
[5, 6, 6, 1]
[8, 2, 4, 2, 2]
[10, 3, 31]
[2, 5, 2, 2, 7, 7, 7]
[18, 6]
[3, 2, 6, 3, 2, 2]
[14, 3, 8]
[2, 14, 13]
[4, 5, 3, 9, 1]
[3, 2, 13]
[3, 13]
[4, 2, 1]
[5, 3, 3]
[11, 5, 1]
[20]
[10]
[3, 1]
[3]
[]
[]
[]
[]
[]
[]
[]
[]
[]
[]
[]
[]
[]
[]
[]

left_values
[3, 2, 5, 4]
[2, 1, 4, 5]
[2, 1, 4, 1, 3, 2]
[3, 8, 10]
[3, 2, 5, 9, 1]
[3, 4, 12]
[3, 1, 3, 9]
[2, 3, 2, 4, 1, 1]
[4, 2, 2, 1, 3, 1]
[7, 3, 5, 2]
[6, 5, 3, 5, 1]
[7, 2, 2, 3, 4, 1]
[15, 4, 4, 1]
[9, 1, 1, 1, 4, 1]
[7, 1, 1, 3, 2, 2]
[7, 1, 1, 2, 2, 1]
[7, 1, 2, 1, 3, 1]
[7, 2, 1, 2, 2, 2, 2]
[7, 5, 1, 2, 1, 2, 1]
[7, 1, 2, 1, 2, 4, 1]
[7, 1, 1, 1, 1, 3, 1]
[7, 1, 1, 1, 2, 2]
[8, 1, 1, 2, 1, 1]
[8, 3, 2, 2, 1]
[8, 3, 2, 1, 1]
[4, 3, 6, 2, 2, 1]
[4, 2, 3, 2, 2, 2, 1]
[4, 5, 2, 2, 2, 1]
[1, 2, 4, 2, 2, 5]
[3, 4, 1, 1, 2, 3]
[2, 4, 1, 1, 2, 3]
[2, 3, 2, 2, 2, 2]
[3, 4, 2, 2, 2, 1]
[2, 2, 1, 2, 2, 2, 1]
[2, 4, 3, 2, 2, 1]
[2, 8, 1, 2, 3, 1]
[1, 1, 1, 1, 2, 2, 3, 1]
[1, 1, 1, 1, 1, 2, 4, 2]
[1, 3, 1, 1, 4, 2]
[1, 3, 1, 1, 3, 2]
[1, 1, 3, 2, 1, 3, 2]
[1, 5, 3, 2, 2, 3]
[1, 9, 3, 3, 3]
[1, 5, 4, 3, 3]
[2, 3, 3, 2, 3]
[2, 3, 6, 4]
[2, 1, 2, 7, 1, 3]
[1, 1, 1, 9, 2, 2, 1, 1, 2]
[2, 1, 3, 5, 1, 1, 1]
[2, 1, 2, 3, 1, 1, 2]
