Puzzle number: 93611
width:  50
height:  50
solved_count:  192
AVE_TIME:  '00:55:58'
ave_time_count:  101

top_values
[4, 5, 1, 26]
[4, 2, 2, 1, 2, 2, 4, 4]
[4, 2, 1, 7, 2]
[6, 3, 5]
[7, 4, 2, 1]
[8, 2, 2, 3, 4, 2]
[10, 3, 3, 5]
[4, 1, 2, 2, 2, 8, 10]
[3, 5, 1, 3, 4, 13]
[7, 3, 5, 16]
[7, 1, 2, 5, 11, 2]
[5, 1, 3, 2, 1, 2, 2, 6]
[8, 1, 1, 1, 2, 2, 1, 1]
[3, 3, 1, 11, 2, 2]
[2, 1, 2, 4, 2, 4, 3]
[2, 1, 2, 2, 1, 2, 2, 5]
[2, 1, 1, 1, 2, 5, 2]
[3, 2, 2, 2, 2, 1]
[5, 2, 5, 2]
[4, 2, 7]
[2, 2, 1, 3]
[1, 4, 1, 2, 7]
[2, 3, 4, 2, 5, 2]
[1, 2, 2, 6, 9]
[9, 3, 1, 1, 1, 11]
[13, 1, 4, 1, 1, 10]
[17, 4, 1, 1, 4, 11]
[12, 3, 1, 1, 8, 10]
[11, 1, 1, 3, 1, 4, 1, 7]
[10, 1, 2, 3, 6, 1]
[8, 1, 3, 2]
[7, 2, 7, 2]
[5, 2, 1, 2, 3]
[2, 2, 3, 1, 2, 1]
[2, 2, 5, 1, 3, 1]
[2, 11, 7, 1]
[3, 7, 1, 8, 2]
[2, 7, 1, 10, 2]
[1, 6, 2, 12]
[1, 4, 1, 2, 12]
[2, 1, 3, 11]
[4, 6, 10]
[12, 9]
[4, 6, 9]
[4, 5, 8]
[1, 1, 3, 8]
[2, 1, 7]
[2, 2, 6]
[9, 7]
[2, 6]

left_values
[13, 6, 7, 2, 2]
[13, 6, 4, 2, 1, 2]
[13, 9, 1, 4, 3]
[8, 4, 9, 1, 8]
[4, 4, 8, 1, 3, 2, 1]
[9, 2, 9, 1, 3, 2, 1]
[2, 3, 6, 10, 5, 1, 1]
[2, 4, 3, 7, 7, 4, 1]
[1, 3, 2, 6, 5, 5, 2]
[1, 2, 2, 2, 6, 13]
[2, 2, 3, 2, 5, 4, 4]
[5, 3, 3, 2, 4, 3, 4]
[5, 2, 6, 3, 3, 4]
[7, 2, 1, 1, 3, 3, 4]
[1, 4, 2, 2, 3, 3, 3]
[2, 1, 5, 5, 3, 3, 3]
[3, 1, 3, 2, 2, 3, 2, 6]
[1, 1, 2, 6, 4, 8]
[1, 2, 1, 1, 2, 3, 12]
[5, 2, 2, 2, 3, 13]
[2, 3, 1, 2, 3, 2, 24]
[1, 1, 1, 2, 4, 2, 1, 2, 15]
[1, 2, 1, 2, 2, 2, 2, 3, 15]
[3, 4, 4, 4, 1, 2, 1, 15]
[2, 3, 2, 2, 3, 3, 1, 1, 9, 2]
[2, 2, 1, 3, 2, 5, 1, 8, 1]
[2, 2, 3, 1, 2, 1, 10]
[1, 2, 4, 1, 3, 4, 3, 3]
[1, 2, 1, 1, 6, 3, 2, 2]
[1, 2, 4, 1, 1, 2, 2]
[1, 4, 2, 1, 5, 1, 2]
[1, 3, 4, 1, 2, 2, 5]
[1, 2, 2, 2, 2, 2]
[1, 3, 1, 6, 3]
[2, 3, 4, 2, 2, 3]
[2, 7, 1, 6, 2]
[2, 5, 1, 6, 2]
[2, 5, 2, 6, 1]
[1, 5, 2, 6, 1]
[1, 5, 2, 9]
[1, 7, 1, 5]
[1, 3, 7]
[3, 6]
[3, 5]
[3, 5]
[3, 3]
[2, 3]
[2]
[2]
[2]
