Puzzle number: 93677
width:  50
height:  50
solved_count:  553
AVE_TIME:  '00:12:51'
ave_time_count:  100

top_values
[30]
[2, 1, 12, 7]
[3, 1, 1, 9]
[6, 1, 1, 9]
[7, 9]
[7, 2, 8]
[10, 1, 7]
[4, 7, 4]
[2, 9, 4]
[1, 11, 4]
[13, 3]
[15, 2]
[15, 4]
[15, 3]
[17, 2]
[17, 2]
[12, 4, 2]
[18, 2]
[11, 6, 2]
[9, 6, 3]
[2, 6, 6, 2, 1]
[10, 6, 1, 1]
[1, 8, 5, 2, 1]
[10, 5, 1, 1]
[10, 3, 1]
[9, 3]
[13]
[12]
[5, 3, 1]
[9]
[7, 1]
[6]
[5, 1]
[3, 2]
[1, 2]
[2]
[2]
[1]
[]
[]
[]
[]
[]
[]
[]
[]
[]
[]
[]
[]

left_values
[6, 2, 10, 7]
[8, 11, 11]
[7, 10, 13]
[6, 24]
[4, 25]
[27, 3]
[28]
[1, 24]
[1, 25]
[14, 7]
[1, 1, 12, 1, 3]
[12, 1, 3]
[8, 11]
[18]
[15]
[11]
[9]
[5]
[]
[]
[1]
[1]
[1]
[2]
[2]
[2]
[2]
[2]
[2]
[2]
[2]
[2]
[2]
[2]
[2]
[1]
[1]
[1, 2]
[1, 7]
[1, 7]
[1, 3, 1]
[1, 3, 2]
[1, 4, 2]
[9, 1]
[13]
[12]
[11]
[7, 1]
[7, 4]
[7, 5, 6]
