Puzzle number: 93816
width:  30
height:  30
solved_count:  1138
AVE_TIME:  '00:24:27'
ave_time_count:  109

top_values
[1, 2]
[1, 2, 2]
[2, 2, 2, 1]
[1, 7, 2]
[1, 2, 3, 1]
[2, 1, 2, 2]
[2, 1, 2, 2]
[1, 3, 2, 2]
[4, 3, 2]
[2, 6, 3]
[2, 4, 2]
[1, 2, 1]
[3, 2, 2]
[5, 3, 1, 2]
[1, 7, 1, 2]
[2, 2, 2, 1, 2]
[4, 1, 3, 1, 2]
[1, 3, 5, 1, 2]
[1, 2, 3, 2, 1, 1]
[2, 4, 2, 1, 1]
[2, 1, 2, 2, 1, 1]
[2, 1, 2, 1, 1]
[2, 2, 2, 2]
[5, 1, 5, 4, 2]
[7, 15]
[2, 4, 3, 6]
[2, 2, 2, 2, 1, 1, 6]
[2, 3, 2, 3, 1, 3, 5]
[2, 2, 1, 1, 1, 1, 2]
[5, 5, 3, 3]

left_values
[2, 3, 2]
[5, 2]
[3, 4]
[8, 5]
[5, 3, 9, 1]
[1, 3, 6, 1]
[2, 2, 2, 2, 1]
[2, 2, 3, 2, 2]
[2, 3, 2, 2, 2, 1]
[7, 2, 2, 2, 1]
[5, 3, 2, 6]
[6, 5]
[2, 2, 3, 1]
[2, 2, 1, 1]
[2, 1, 2, 2, 2]
[3, 3, 3, 3]
[5, 5, 1, 1]
[2, 1, 3, 1]
[2, 3, 7]
[1, 2, 2]
[2, 3, 2]
[7, 1]
[2, 3]
[2, 2]
[4, 5, 3, 1]
[27]
[4, 8]
[4, 3]
[6, 3]
[2, 2, 3]
