Puzzle number: 93829
width:  30
height:  30
solved_count:  1373
AVE_TIME:  '00:19:52'
ave_time_count:  100

top_values
[2, 2]
[1, 3, 1, 4]
[2, 2, 2, 1, 2]
[3, 1, 2, 2, 3]
[2, 1, 1, 4]
[30]
[7, 22]
[2, 1, 15]
[2, 9, 2, 2]
[11, 2, 2]
[3, 6]
[2]
[]
[]
[]
[10, 13]
[24, 5]
[12, 1, 9, 5]
[21, 2]
[3]
[5, 1, 2]
[11, 2, 1]
[3, 10, 2, 1]
[2, 1, 3, 2, 2]
[3, 3, 1, 3, 6]
[2, 12, 2, 4]
[2, 3, 9, 1]
[1, 4, 5]
[7, 1, 4]
[4, 7]

left_values
[5, 3, 2]
[3, 5, 3, 3]
[1, 2, 2, 1, 3, 3, 1]
[1, 2, 2, 3, 3, 1]
[1, 3, 2, 3, 1, 2]
[2, 3, 4, 2, 2]
[2, 2, 2, 4, 2, 1, 1]
[3, 1, 3, 4, 2, 2, 1]
[9, 4, 2, 2, 1]
[6, 4, 2, 1, 1]
[5, 3, 2, 2, 2]
[4, 3, 2, 4]
[4, 1, 1, 7]
[4, 1, 3, 2, 3]
[6, 2, 1, 1, 2, 2]
[3, 3, 3, 3, 2, 2]
[6, 3, 1, 3]
[4, 1, 4, 1, 2]
[1, 3, 2, 4, 1, 3]
[8, 4, 2, 2]
[4, 4, 3, 2]
[1, 3, 4, 3, 1]
[1, 1, 2, 4, 4]
[6, 4, 3, 1]
[6, 1, 1, 4, 1]
[3, 4, 3, 1]
[3, 3, 1, 2, 2]
[2, 3, 1, 2, 2]
[2, 6, 3, 2]
[2, 4, 5, 2]
