Puzzle number: 93828
width:  30
height:  30
solved_count:  1925
AVE_TIME:  '00:09:49'
ave_time_count:  131

top_values
[]
[]
[]
[1]
[2]
[3]
[2]
[3]
[8, 3]
[12, 7]
[3, 26]
[2, 1, 10, 1]
[2, 7, 5]
[2, 4, 13]
[7, 4]
[3, 3]
[1, 5, 8, 2]
[5, 6, 3]
[6, 5, 3]
[5, 4]
[4, 3]
[3, 2]
[2]
[2]
[3]
[]
[]
[4]
[6]
[2, 2]

left_values
[4, 3]
[6, 2, 2]
[3, 2, 2, 3]
[2, 1, 1, 2, 2]
[3, 2, 2, 2]
[7, 1, 3]
[7, 2, 2]
[10]
[5, 5]
[4, 5]
[4, 4]
[4, 4]
[2, 1, 3]
[3, 1, 3]
[4, 1, 2]
[1, 2, 1, 2]
[1, 2, 1, 3]
[1, 2, 1, 2]
[1, 1, 1, 1]
[2, 1, 2]
[1, 1, 1]
[1, 1, 2]
[1, 1, 1]
[2, 1, 2]
[2, 1, 1]
[2, 1, 1]
[4, 2, 2]
[6, 2, 1]
[7, 3, 2]
[3, 2, 3, 1]
