Puzzle number: 93899
width:  45
height:  45
solved_count:  663
AVE_TIME:  '00:06:51'
ave_time_count:  123

top_values
[]
[]
[]
[]
[]
[]
[]
[]
[]
[]
[]
[]
[]
[]
[]
[]
[]
[]
[]
[]
[]
[]
[]
[]
[]
[1]
[1]
[1]
[]
[]
[3]
[7]
[3, 9]
[20]
[16, 2]
[7, 9, 5]
[8, 5, 6]
[24]
[20]
[19]
[18]
[18]
[6, 11]
[7, 9]
[7, 6]

left_values
[]
[]
[]
[]
[]
[]
[]
[]
[]
[]
[1]
[2]
[3]
[4]
[5]
[6]
[6]
[6]
[5]
[7]
[8]
[9]
[10]
[11]
[11]
[12]
[12]
[4, 8]
[3, 7]
[4, 6]
[9]
[8]
[7]
[7]
[6]
[3, 2]
[4, 2]
[6, 1]
[5, 1]
[4, 2]
[3, 3]
[3, 3]
[3, 2]
[6]
[3, 5]
