Puzzle number: 94166
width:  50
height:  50
solved_count:  2279
AVE_TIME:  '00:02:02'
ave_time_count:  136

top_values
[50]
[50]
[50]
[50]
[50]
[50]
[50]
[50]
[50]
[50]
[50]
[50]
[50]
[50]
[50]
[50]
[50]
[50]
[50]
[50]
[50]
[50]
[50]
[50]
[50]
[50]
[43]
[43]
[42]
[41]
[33]
[33]
[32]
[30]
[23]
[22]
[3, 14]
[13]
[5, 4]
[3]
[2]
[]
[]
[]
[]
[]
[]
[]
[]
[]

left_values
[26]
[26]
[26]
[26]
[26]
[26]
[26]
[28]
[29]
[30]
[30]
[30]
[30]
[30]
[30]
[30]
[30]
[32]
[33]
[33]
[34]
[34]
[34]
[34]
[34]
[34]
[34]
[35]
[36]
[36]
[37]
[37]
[37]
[36]
[36]
[36]
[37]
[38]
[38]
[39]
[39]
[39]
[39]
[39]
[38]
[38]
[39]
[40]
[41]
[41]
