Puzzle number: 94640
width:  25
height:  20
solved_count:  4340
AVE_TIME:  '00:05:26'
ave_time_count:  600

top_values
[7]
[1, 1, 2, 4]
[9, 1, 1]
[1, 3, 1, 1]
[1, 1, 1, 1]
[3, 2, 1, 1]
[3, 2, 1, 1]
[3, 2, 1, 1]
[3, 1, 1, 1]
[3, 1, 1, 1]
[3, 1, 1, 1]
[3, 1, 1, 1]
[3, 2, 1, 1]
[1, 1, 2, 1, 1]
[3, 2, 1, 1]
[1, 1, 5, 1]
[3, 1, 1]
[1, 2, 1, 2, 1, 1, 1]
[7, 4, 1, 1]
[5, 1, 4, 1, 1]
[1, 4, 2, 1, 1, 1]
[1, 1, 1]
[13, 1]
[5, 1, 1]
[5, 4]

left_values
[4]
[2]
[2]
[4]
[21]
[3, 8, 1, 1, 1, 1, 3]
[1, 1, 16, 3]
[3, 3]
[1, 1, 2, 3]
[1, 1, 6, 4, 3]
[1, 1, 2, 2, 4, 1]
[3, 2, 2, 2, 1]
[5, 2, 1]
[1, 1, 1, 1, 1]
[1, 1, 1]
[1, 1]
[24]
[1, 1]
[1, 1]
[24]
