Puzzle number: 94716
width:  40
height:  40
solved_count:  266
AVE_TIME:  '00:17:49'
ave_time_count:  103

top_values
[3, 3, 5]
[2, 3, 4]
[16, 3, 5]
[13, 5, 5]
[5, 3, 8, 5]
[3, 9, 5]
[14, 5]
[9, 4, 5]
[9, 4]
[9, 4]
[8, 6, 3]
[4, 1, 13, 2]
[4, 2, 14, 2, 3]
[5, 22]
[4, 21]
[3, 7]
[3, 6]
[3, 10]
[6, 16]
[6, 15]
[10, 13]
[12, 20]
[20]
[18, 2]
[14, 10]
[8, 12]
[15]
[12, 2]
[8, 3]
[6, 5]
[14]
[12]
[11, 3, 2]
[23]
[22]
[22]
[15]
[10]
[5]
[4]

left_values
[1, 2, 9]
[1, 3, 11]
[1, 3, 12]
[3, 2, 7]
[3, 3, 7]
[2, 3, 7]
[2, 5, 6]
[2, 4, 6]
[3, 5, 6]
[10, 1, 6]
[11, 5]
[9, 5]
[2, 5, 4]
[1, 6, 4]
[1, 6, 4]
[1, 5, 3]
[1, 5, 3, 6]
[4, 3, 8]
[1, 5, 3, 2, 10]
[1, 5, 4, 2, 10]
[8, 4, 1, 10]
[1, 6, 4, 1, 10]
[1, 1, 1, 4, 1, 3, 6]
[4, 3, 3, 6]
[5, 4, 2, 7]
[5, 4, 2, 7]
[5, 4, 2, 7]
[5, 4, 2, 7]
[5, 4, 2, 1, 5]
[5, 4, 2, 1, 5]
[4, 5, 3, 6]
[3, 5, 2, 8]
[2, 5, 2, 8]
[1, 3, 5, 2, 8]
[3, 9, 2, 1, 7]
[8, 9, 2, 1, 5]
[10, 7, 2, 1, 5]
[11, 8, 2, 2, 5]
[17, 3, 3, 5]
[16, 3, 2, 4]
