Puzzle number: 95965
width:  40
height:  45
solved_count:  219
AVE_TIME:  '00:27:58'
ave_time_count:  101

top_values
[10, 2, 14]
[1, 4, 2, 2, 4, 8, 7]
[11, 2, 2, 7]
[2, 8, 1, 1, 2, 8]
[1, 4, 2, 3, 2, 12]
[1, 4, 2, 2, 20]
[6, 2, 3, 18]
[1, 6, 26, 1]
[39]
[41]
[40]
[40]
[41]
[41]
[42]
[32]
[23, 5]
[18, 2, 1, 5, 1]
[14, 1, 2, 13]
[5, 8, 15]
[1, 1, 3, 3]
[1, 2, 3, 4]
[1, 1, 6]
[5, 16]
[2, 15, 2, 1]
[4, 3, 3]
[5, 2, 2, 6]
[2, 2, 2, 4, 8]
[2, 2, 2, 5, 3, 6]
[7, 1, 2, 2, 2]
[1, 3, 1, 3]
[6, 2]
[1, 1, 3]
[5]
[4]
[2, 2]
[1, 3]
[3]
[1, 3]
[1]

left_values
[1, 2, 1, 11, 5, 1]
[1, 1, 15, 6, 2]
[1, 1, 12, 1, 2, 4]
[1, 1, 12, 5, 1, 1]
[1, 1, 12, 2, 6]
[1, 1, 1, 13, 1, 5]
[6, 12, 1, 2]
[19, 1, 1]
[19, 1, 2]
[4, 1, 13, 1, 2]
[1, 3, 13, 1, 2]
[4, 12, 1, 1]
[4, 17, 1]
[4, 14, 3]
[1, 12, 1, 8]
[1, 1, 11, 3, 6]
[2, 2, 13, 1, 2, 2]
[2, 1, 11, 2, 3]
[1, 2, 11, 1, 2]
[1, 1, 12, 2]
[3, 12, 2]
[2, 13, 1]
[2, 15, 2]
[2, 11, 1, 1]
[1, 11, 1]
[2, 13, 2, 1]
[20, 1, 3]
[3, 13, 5, 5]
[2, 25]
[2, 19, 3]
[1, 17, 1, 3]
[1, 13, 3, 1, 5]
[14, 3, 2, 6]
[13, 2, 1, 2, 6]
[14, 3, 1, 2, 5]
[14, 2, 1, 1, 3, 1]
[5, 8, 3, 2, 2]
[3, 1, 8, 3, 1, 4]
[2, 1, 7, 3, 4]
[1, 8, 2, 2]
[1, 1, 3, 1]
[1]
[]
[]
[]
