Puzzle number: 96124
width:  50
height:  50
solved_count:  540
AVE_TIME:  '00:18:33'
ave_time_count:  106

top_values
[1, 1, 2, 1, 1]
[1, 1, 1, 1, 2, 1]
[1, 1, 2, 2, 2, 2]
[2, 1, 1, 2, 2, 2]
[3, 6, 1, 3, 2]
[3, 4, 2, 3, 3]
[1, 5, 4, 1, 3, 3, 3]
[4, 4, 3, 4, 4]
[9, 6]
[21]
[2, 6]
[30]
[13, 1, 1, 1]
[9, 4, 3, 11, 2]
[12, 2, 7, 11]
[6, 6, 2, 13, 2]
[16, 7]
[34]
[2]
[2]
[2]
[2]
[2]
[1]
[]
[]
[]
[]
[]
[]
[]
[]
[]
[]
[]
[]
[]
[]
[]
[]
[]
[]
[]
[]
[]
[]
[]
[]
[]
[]

left_values
[2]
[1, 2]
[1, 3]
[2, 3]
[2, 3]
[2, 4, 3]
[4, 4]
[6, 4]
[4]
[1, 3]
[1, 3]
[1, 4]
[2, 1, 2]
[1, 2, 1, 5]
[4, 1, 1, 3]
[8, 1, 5]
[4, 1, 5]
[1, 2, 1, 3]
[4, 1, 2, 3]
[2, 2]
[1, 1, 1, 1, 2]
[1, 2, 1, 1, 1, 3]
[1, 2, 3, 1, 1, 5]
[5, 1, 2, 1, 2]
[2, 1, 2, 2]
[2, 1, 3, 1]
[2, 1, 3, 1]
[2, 1, 3, 1]
[2, 1, 3, 1]
[2, 1, 1, 1, 1]
[3, 3, 1, 1]
[3, 1, 1, 1, 1]
[4, 1, 3, 1]
[3, 1, 1, 3, 1]
[3, 1, 1, 3, 1]
[5, 4, 2, 1]
[5, 5, 2, 1]
[7, 4]
[10, 1, 2]
[12, 1, 2]
[4, 1, 2]
[4, 2]
[5]
[3]
[2]
[2]
[2]
[2]
[2]
[2]
