Puzzle number: 96128
width:  50
height:  50
solved_count:  309
AVE_TIME:  '01:42:00'
ave_time_count:  100

top_values
[3]
[5, 3, 1]
[18, 4]
[19, 10]
[2, 9, 9, 14]
[10, 10, 9]
[5, 2, 15]
[6, 2, 10]
[13, 2, 6]
[7, 14, 4]
[12, 6]
[2, 8, 9]
[8, 3, 4, 2, 6]
[6, 3, 3, 2, 6]
[5, 4, 2, 11]
[5, 30, 2]
[8, 1, 27]
[1, 3, 1, 8, 16]
[11, 4, 2, 14]
[1, 5, 1, 13]
[5, 4, 13]
[13, 12, 10]
[7, 14, 6, 2, 12]
[3, 11, 9]
[1, 1, 3, 8, 11]
[11, 11, 5, 11]
[7, 1, 5, 17]
[6, 2, 2, 4, 3, 1, 1, 16]
[3, 8, 2, 1, 2, 3, 14]
[9, 7, 1, 2, 13]
[24, 1, 3, 12]
[26, 3, 1, 11]
[17, 5, 2, 13]
[5, 1, 9, 1, 4, 3, 10]
[5, 4, 6, 4, 9]
[3, 2, 2, 3, 3, 5]
[7, 2, 2, 2, 2, 2, 3, 1]
[4, 7, 2, 3, 2, 5]
[10, 7, 2, 2, 2]
[3, 4, 2, 4, 3, 2, 1, 2]
[4, 3, 3, 3, 2, 2]
[2, 6, 4, 3, 2, 2, 4]
[2, 2, 5, 4, 3, 1, 6]
[2, 6, 8, 2, 2, 8]
[6, 4, 9, 2, 3, 9]
[15, 1, 8, 2, 2, 2, 8]
[2, 3, 1, 1, 5, 2, 1, 2, 2, 5]
[8, 3, 3, 2, 2, 5]
[2, 5, 2, 3, 2, 1, 1, 6]
[2, 3, 4, 1, 6]

left_values
[3, 2, 1, 4, 1, 3, 2, 1, 3, 2]
[3, 2, 1, 2, 2, 1, 4, 2, 1, 3, 5]
[2, 2, 1, 4, 1, 3, 2, 1, 3, 3, 1]
[3, 2, 1, 4, 1, 4, 3, 1, 3, 1, 2]
[4, 2, 1, 4, 3, 7, 1, 1, 1, 2, 2]
[4, 2, 3, 1, 1, 3, 8, 1, 1, 1, 3]
[4, 3, 1, 1, 1, 1, 3, 2, 5, 1, 2, 3, 1]
[5, 2, 1, 1, 3, 1, 1, 1, 5, 3, 5]
[5, 2, 1, 2, 1, 2, 1, 6, 3, 1, 4]
[5, 2, 1, 2, 1, 2, 1, 5, 3, 2, 6]
[5, 2, 2, 1, 1, 2, 1, 7, 3, 1, 4, 2]
[5, 2, 2, 2, 2, 9, 1, 2, 1, 3]
[1, 2, 2, 1, 1, 1, 2, 1, 1, 6, 1, 1, 1, 4]
[2, 2, 1, 1, 2, 1, 1, 5, 4, 2, 4]
[3, 5, 3, 2, 1, 8, 1, 2, 3, 1, 2]
[4, 5, 3, 2, 1, 9, 1, 1, 1, 5]
[5, 5, 3, 3, 1, 1, 5, 2, 2, 1, 1, 1, 3]
[6, 3, 3, 1, 1, 1, 1, 5, 4, 2, 1]
[5, 6, 4, 1, 1, 1, 7, 2, 3]
[5, 5, 5, 3, 1, 5, 1, 2, 5]
[6, 4, 3, 5, 1, 4, 1, 1, 3]
[5, 8, 2, 2, 1, 1, 3, 2, 1, 3]
[6, 2, 1, 2, 2, 1, 1, 1, 2, 1, 2, 2, 2]
[3, 3, 1, 2, 1, 3, 2, 3, 1, 2, 1, 3]
[3, 3, 4, 5, 2, 2, 1, 1, 2, 3]
[4, 2, 4, 4, 2, 1, 4, 2, 1, 3, 1]
[3, 3, 4, 4, 4, 3, 2, 2, 5]
[6, 1, 4, 4, 2, 1, 4, 1, 1, 3]
[6, 4, 4, 2, 1, 3, 2, 2, 1, 1]
[7, 6, 1, 2, 1, 2, 1, 2]
[8, 5, 4, 4, 2, 2, 4]
[3, 3, 6, 3, 2, 2, 3, 4]
[4, 1, 9, 3, 1, 2, 2, 2, 3]
[3, 9, 3, 1, 2, 1, 2]
[3, 9, 1, 4, 2, 1, 2, 2, 1]
[2, 11, 4, 4, 1, 2]
[2, 10, 4, 1, 5]
[2, 10, 4, 6, 1, 3]
[1, 1, 15, 1, 3, 8]
[1, 18, 1, 3, 6, 1]
[2, 2, 20, 6, 2]
[2, 18, 8]
[2, 18, 9]
[2, 17, 4]
[2, 15, 3, 2]
[2, 13, 7]
[2, 12, 6]
[2, 11, 5]
[2, 11, 5]
[2, 8, 4]
