Puzzle number: 96365
width:  50
height:  50
solved_count:  481
AVE_TIME:  '00:48:22'
ave_time_count:  101

top_values
[2, 7, 4, 1, 1]
[7, 3, 3, 2, 2]
[7, 3, 1, 2, 1, 1, 3]
[4, 3, 2, 2, 2]
[6, 3, 4, 1]
[3, 6, 3]
[3, 4, 5, 1]
[4, 6, 4, 1]
[3, 5, 4, 2]
[8, 8, 2]
[2, 1, 1, 4, 3]
[2, 9, 2]
[1, 8, 3]
[5, 2, 3]
[3, 2, 3]
[2, 4, 4]
[4, 3]
[2, 4]
[1, 4]
[2, 5]
[3, 5]
[4, 2, 2]
[4, 4]
[1, 2, 5]
[1, 2, 13]
[2, 1, 6, 6, 4]
[2, 1, 4, 10, 6]
[2, 1, 6, 12, 6, 2]
[1, 1, 3, 14, 2, 6]
[1, 2, 3, 2, 5, 13]
[2, 3, 2, 7, 12]
[6, 2, 7, 8, 4]
[2, 2, 3, 3, 13]
[2, 1, 8, 5, 5]
[1, 1, 7, 3, 4]
[1, 3, 6, 2, 3]
[1, 2, 6, 3, 1, 2]
[3, 1, 3, 3, 8, 2]
[2, 3, 4, 3, 8, 4, 1]
[2, 1, 4, 2, 6, 7, 1]
[1, 9, 4, 1, 7, 6, 2]
[1, 7, 3, 1, 3, 5, 1]
[1, 7, 1, 2, 2, 6]
[1, 3, 2, 1, 2, 2, 5]
[4, 2, 1, 2, 1, 1, 6, 1]
[4, 1, 2, 2, 1, 2, 2, 6]
[8, 2, 1, 1, 2, 5]
[3, 6, 3, 4, 2, 2, 5]
[9, 6, 3, 1, 2, 1, 2]
[6, 4, 8, 3, 1, 3, 3]

left_values
[1, 3, 2, 15, 2, 1]
[1, 14, 3, 18, 1]
[1, 2, 2, 2, 4, 1, 1, 6]
[1, 2, 2, 2, 4, 3, 3, 4, 2]
[1, 3, 3, 2, 9, 2, 3, 8]
[1, 1, 5, 1, 6, 1, 4, 4]
[2, 1, 1, 2, 2, 3, 4, 6]
[1, 9, 1, 1, 7, 3]
[1, 1, 1, 3, 10, 4]
[1, 4, 2, 10, 2, 3]
[1, 1, 2, 2, 6, 3, 2]
[1, 2, 5, 5, 2, 1]
[2, 1, 1, 3, 4, 2, 1]
[1, 2, 2, 2, 5, 2]
[2, 2, 2, 2, 1, 1]
[5, 1, 2, 1, 2]
[5, 1, 1, 2, 1]
[2, 1, 2, 2, 1, 2, 1]
[1, 2, 2, 1, 2, 1, 1]
[9, 2, 1, 2, 2]
[1, 6, 1, 1, 1, 2]
[1, 2, 2, 1, 2, 3]
[3, 3, 1, 2, 3]
[2, 2, 1, 2, 3]
[6, 2, 2, 1, 2]
[1, 2, 1, 2, 2]
[1, 1, 3, 2]
[1, 1, 2, 1, 1, 1]
[1, 1, 1, 3, 2]
[4, 1, 3, 1, 5]
[2, 1, 3, 1, 4]
[1, 3, 5, 2]
[6, 2, 8]
[1, 3, 3, 3]
[1, 3, 1, 1, 1]
[1, 3, 1, 1, 1]
[5, 2, 1, 3]
[6, 3, 2, 1, 2]
[11, 2, 2, 1]
[11, 5, 2]
[4, 6, 1, 1, 2, 2]
[15, 4, 2, 2]
[8, 6, 4, 2, 2]
[6, 6, 4, 5, 1, 2]
[21, 8, 1]
[12, 6, 2, 9, 1]
[2, 8, 13, 9]
[2, 5, 1, 8, 2, 7, 1]
[2, 11, 2, 2, 5]
[1, 3, 8, 1, 3, 6]
