Puzzle number: 96369
width:  50
height:  50
solved_count:  661
AVE_TIME:  '01:15:42'
ave_time_count:  101

top_values
[1, 2, 1, 1, 2, 1, 1, 1]
[1, 1, 1, 2, 3, 1, 1]
[1, 2, 1, 1, 1, 1, 1, 1]
[1, 1, 3, 2, 1, 1, 1]
[3, 1, 1, 2, 2, 1, 1, 1]
[1, 2, 1, 1, 1, 2, 1, 3, 1]
[2, 1, 2, 1, 3, 1, 3, 1]
[2, 1, 1, 1, 2, 1, 2, 1, 3]
[3, 1, 1, 1, 2, 3, 6]
[1, 1, 1, 4, 3, 1, 2, 1]
[1, 3, 2, 1, 3, 1, 1, 1]
[2, 1, 2, 1, 3, 1, 2, 1]
[2, 2, 1, 2, 1, 5, 2, 1]
[1, 4, 1, 1, 5, 2, 1]
[2, 1, 3, 2, 2, 4, 2]
[2, 1, 1, 3, 1, 4, 4]
[1, 1, 2, 2, 2, 4, 4]
[2, 4, 1, 1, 1, 5, 2, 1]
[1, 7, 2, 2, 1, 8, 2]
[1, 1, 6, 2, 1, 8, 2]
[1, 1, 1, 2, 6, 1, 7, 1]
[1, 4, 5, 1, 1, 8]
[1, 4, 3, 1, 1, 9]
[1, 1, 3, 1, 1, 9]
[1, 4, 4, 3, 2, 8]
[2, 5, 3, 1, 1, 5, 7]
[2, 2, 5, 11, 6]
[2, 2, 3, 4, 5, 5]
[1, 2, 2, 2, 1, 6, 4]
[2, 1, 2, 3, 1, 2, 5, 3]
[3, 1, 2, 2, 1, 7, 4, 1]
[4, 1, 2, 2, 5, 5, 5, 1]
[2, 2, 1, 2, 1, 2, 1, 13]
[1, 1, 1, 1, 2, 3, 1, 14]
[4, 1, 1, 3, 2, 2, 1, 3, 11]
[2, 3, 1, 2, 3, 2, 1, 2, 3, 10]
[3, 3, 1, 1, 2, 4, 8]
[5, 2, 1, 2, 2, 2, 1, 6]
[3, 1, 1, 1, 2, 2, 2, 4]
[3, 5, 5, 2, 1, 2, 1]
[1, 1, 4, 2, 3, 2, 3]
[1, 1, 4, 2, 2, 2, 3]
[10, 1, 2, 2, 3]
[1, 5, 2, 2, 5, 2, 3, 4, 1]
[2, 4, 1, 2, 2, 2, 2, 3, 4, 4]
[1, 3, 2, 1, 1, 2, 2, 2, 4, 2, 1]
[3, 2, 1, 2, 2, 2, 2, 3, 8, 1]
[3, 3, 1, 1, 2, 2, 3, 2, 5, 3, 2]
[8, 2, 2, 2, 2, 3, 4, 5]
[1, 7, 2, 2, 2, 5, 8]

left_values
[3, 3, 17, 4]
[2, 2, 4, 6, 1, 5]
[2, 2, 2, 2, 8, 4]
[2, 2, 2, 2, 1, 3, 2]
[2, 2, 2, 4, 6, 2]
[2, 3, 10]
[3, 2, 7, 3]
[2, 6, 4]
[3, 2, 1, 1]
[23, 2]
[4, 2, 3]
[2, 2]
[3, 3]
[1, 2, 2]
[3, 1, 3, 1]
[5, 1, 1, 3]
[7, 2, 1, 1, 2]
[4, 1, 14, 1, 1, 2, 1]
[8, 1, 2, 2, 5, 2, 2, 4]
[3, 7, 3, 6, 1, 1, 1, 2]
[2, 2, 3, 2, 2, 2, 3, 2, 2, 2]
[2, 3, 3, 3, 2, 2, 2, 2]
[2, 3, 2, 3, 2, 2, 2, 1]
[5, 2, 2, 2, 2, 2, 1]
[6, 1, 2, 2, 2, 1]
[9, 2, 2, 4]
[4, 2, 2, 2, 2, 1, 2]
[2, 2, 2, 2, 2, 1, 2, 1]
[1, 1, 2, 2, 2, 3, 2, 1, 1]
[2, 2, 3, 2, 2, 2, 2, 1, 3]
[2, 3, 2, 2, 10, 4, 2, 2]
[3, 2, 3, 3, 3, 1, 5, 3, 1, 2]
[2, 3, 2, 3, 2, 1, 3, 3, 2]
[9, 4, 11, 2, 2, 2, 1]
[1, 1, 10, 4]
[7, 6, 1, 2, 3]
[17, 7, 2, 2]
[11, 10, 3]
[7, 5, 4, 2]
[5, 5, 10, 2]
[1, 5, 4, 5, 2]
[5, 7, 3, 4, 2]
[1, 2, 7, 8, 2]
[3, 3, 1, 8, 8, 2]
[21, 8, 1, 1]
[2, 14, 7, 1, 3]
[1, 2, 10, 8, 2, 3]
[2, 3, 9, 7, 1, 2]
[2, 2, 8, 7, 1, 3]
[9, 2, 18, 7]
