Puzzle number: 96376
width:  40
height:  40
solved_count:  541
AVE_TIME:  '00:09:16'
ave_time_count:  102

top_values
[2, 1, 15, 7]
[2, 1, 15, 6]
[2, 1, 15, 5]
[8, 15, 4]
[15]
[15, 10]
[15, 10]
[15, 5, 5, 3]
[15, 1, 2, 4, 2]
[15, 3, 2, 1, 3, 1]
[15, 3, 1, 1, 1, 2]
[2, 10, 1, 3, 1, 1, 1, 1]
[2, 1, 10, 9, 1, 1, 1, 3]
[10, 1, 3, 1, 1, 1, 1]
[15, 3, 1, 1, 1, 2]
[15, 3, 2, 1, 3, 1]
[15, 1, 2, 4, 2]
[15, 5, 5, 3]
[15, 10]
[15, 10]
[15]
[15]
[15]
[15]
[15]
[15]
[5, 15]
[1, 1, 1, 15]
[3, 1, 15]
[15]
[15]
[15]
[15]
[15]
[15]
[15, 10]
[15, 10]
[15, 10]
[15, 10]
[15, 3, 3]

left_values
[8, 6, 3, 5]
[8, 6, 1, 1, 5]
[6, 6, 3, 5]
[1, 6, 1, 6, 1, 5]
[2, 6, 6, 3, 5]
[2, 15, 5]
[2, 15, 5]
[1, 15, 5]
[1, 15, 5]
[1, 15, 5]
[1, 15, 5]
[1, 15, 5]
[1, 15, 5]
[4, 15, 5]
[15, 5]
[5, 15]
[5, 1, 15]
[5, 3, 15]
[5, 3, 1, 3, 15]
[5, 1, 1, 1, 1, 1, 15]
[5, 1, 2, 1, 2, 1, 15]
[5, 1, 1, 1, 1, 1, 15]
[5, 2, 5, 2, 15]
[5, 1, 3, 1, 15]
[5, 7, 15]
[5, 1, 1, 15]
[5, 5, 15]
[5, 1, 1, 15]
[5, 5, 15]
[5, 15]
[15, 5]
[6, 6, 5]
[5, 5, 5]
[1, 4, 4, 4]
[2, 3, 1, 3, 4]
[3, 2, 3, 2, 4]
[4, 2, 1, 2, 5]
[4, 3, 3, 5]
[4, 4, 4, 5]
[4, 5, 5, 4]
