Puzzle number: 96535
width:  45
height:  50
solved_count:  246
AVE_TIME:  '00:21:28'
ave_time_count:  100

top_values
[50]
[1, 44]
[9, 10, 1, 21]
[10, 10, 17]
[13, 12, 13, 1]
[40, 1]
[6, 7, 17]
[5, 8, 15]
[5, 1, 8, 16]
[34]
[33]
[30]
[7, 3, 16]
[6, 1, 13]
[20]
[19]
[17]
[16]
[5, 5]
[2]
[]
[2, 5, 8]
[6, 9, 13]
[3, 21]
[1, 1, 13]
[4, 1, 10]
[1, 12, 7]
[23]
[22]
[17]
[11, 2]
[3, 22, 9]
[7, 42]
[48]
[7, 39]
[6, 20, 15]
[7, 17, 2, 3]
[2, 2, 18, 3, 3, 2]
[3, 21, 10]
[6, 30]
[9, 25, 2]
[11, 8, 11, 1]
[13, 19, 1]
[15, 2, 18, 1]
[18, 2, 4, 9]

left_values
[2, 14, 19]
[1, 15, 18]
[1, 16, 11, 7]
[1, 16, 5, 5, 6]
[1, 17, 5, 5, 6]
[1, 5, 10, 5, 5, 6]
[6, 4, 4, 5, 3, 2, 5]
[6, 4, 4, 5, 1, 1, 5]
[6, 4, 4, 5, 3, 5]
[7, 5, 5, 6, 3, 1, 4]
[19, 6, 4, 2, 4]
[12, 6, 6, 8, 3]
[3, 8, 7, 5, 8, 3]
[2, 14, 4, 9, 2]
[2, 14, 3, 10, 2]
[2, 15, 1, 3, 10, 1]
[6, 10, 2, 3, 11, 1]
[6, 1, 7, 1, 3, 11, 1]
[6, 7, 2, 3, 11]
[6, 6, 1, 4, 12]
[6, 6, 7, 12]
[7, 6, 8, 13]
[14, 7, 14]
[14, 5, 12, 1]
[14, 3, 10, 2]
[3, 9, 4, 13]
[2, 8, 4, 14]
[3, 8, 4, 14]
[2, 8, 5, 5, 8]
[3, 8, 4, 5, 7]
[11, 4, 4, 2, 5]
[11, 4, 4, 8]
[11, 4, 5, 7]
[10, 2, 5, 6]
[9, 1, 5, 6]
[9, 2, 5, 6]
[8, 2, 4, 3, 3]
[7, 2, 4, 4, 3]
[6, 2, 4, 3, 2]
[6, 2, 4, 4, 2]
[5, 2, 4, 1, 1, 2]
[5, 2, 7, 1, 2]
[4, 2, 7, 1, 1]
[4, 1, 2, 6, 2]
[5, 2, 6, 1]
[4, 2, 6]
[4, 2, 5]
[3, 2, 3]
[3, 1, 2]
[3, 2]
