Puzzle number: 97190
width:  40
height:  40
solved_count:  728
AVE_TIME:  '00:13:41'
ave_time_count:  100

top_values
[27, 3, 5]
[27, 9]
[26, 8]
[1, 21, 13]
[2, 18, 10]
[3, 16, 7]
[3, 14, 13]
[3, 11, 9]
[1, 2, 9, 8]
[3, 2, 4, 6]
[4, 4, 1, 2, 6]
[5, 6, 5, 5]
[7, 7, 13]
[9, 2, 2, 14]
[12, 5, 15]
[13, 4, 15]
[15, 3, 15]
[16, 3, 15]
[17, 2, 15]
[18, 3, 15]
[19, 3, 15]
[19, 2, 15]
[4, 14, 18]
[3, 16, 18]
[3, 7, 7, 1, 15]
[3, 6, 6, 15]
[3, 5, 3, 7, 15]
[3, 3, 4, 6, 14]
[3, 5, 7, 14]
[3, 8, 7, 14]
[4, 6, 10, 13]
[4, 10, 12]
[5, 1, 12, 11]
[7, 15, 11]
[22, 5, 10]
[22, 3, 7]
[25]
[26, 3, 2]
[30, 4]
[31, 1, 5]

left_values
[2, 3, 32]
[2, 3, 31]
[3, 3, 31]
[4, 2, 13, 10]
[5, 2, 11, 8]
[6, 2, 10, 4, 7]
[7, 2, 16, 1, 7]
[8, 1, 15, 2, 6]
[9, 2, 15, 2, 6]
[9, 2, 13, 2, 6]
[9, 2, 12, 3, 6]
[9, 2, 11, 4, 1, 6]
[10, 2, 9, 5, 6]
[10, 3, 8, 4, 7]
[11, 3, 9, 3, 7]
[10, 1, 1, 8, 8]
[9, 4, 9, 10]
[8, 4, 21]
[7, 4, 20]
[7, 4, 18]
[6, 4, 17]
[5, 3, 15]
[4, 5, 8, 4]
[4, 3, 6, 4]
[3, 10, 5, 4]
[3, 14, 5, 3]
[3, 18, 4, 2]
[2, 1, 19, 3, 2]
[1, 1, 21, 2, 2]
[1, 1, 1, 23, 2]
[1, 2, 1, 25, 1]
[2, 2, 2, 26]
[4, 3, 25, 1]
[8, 24, 1, 1]
[35, 1]
[36, 1]
[36, 2]
[36, 2]
[35, 3]
[11, 13, 3]
