Puzzle number: 97513
width:  50
height:  50
solved_count:  276
AVE_TIME:  '01:27:04'
ave_time_count:  100

top_values
[]
[]
[1]
[3, 9]
[2, 10]
[1, 3, 2]
[4, 3, 3, 5]
[3, 2, 3, 8, 8, 6]
[3, 2, 3, 13, 3, 4, 3, 2]
[1, 1, 3, 6, 8, 3, 4, 4]
[3, 4, 4, 8, 3, 4, 1]
[2, 3, 4, 3, 4]
[1, 4, 5, 27, 3]
[3, 5, 17, 4, 1]
[3, 3, 14, 10, 4]
[2, 3, 2, 6, 5, 4]
[6, 18, 8, 4, 3]
[5, 2, 4, 5, 3]
[4, 3, 26, 3, 2]
[3, 6, 4, 5, 4]
[12, 19, 4, 2]
[5, 16, 4, 4]
[25, 6, 4, 2]
[16, 7, 3, 3]
[14, 10, 2, 4, 2]
[9, 12, 6, 4]
[24, 5, 3, 1]
[5, 13, 6, 4, 2]
[6, 7, 3, 4, 1]
[8, 7, 4, 3, 2]
[1, 9, 8, 3, 4, 3]
[4, 19, 4, 5, 4]
[6, 16, 3, 4, 4]
[5, 13, 3, 5, 5]
[2, 5, 9, 2, 6, 6]
[4, 4, 2, 9, 6]
[5, 3, 2, 5, 5, 7]
[10, 2, 5, 5, 7]
[2, 9, 1, 5, 6, 6]
[4, 20, 6, 6]
[6, 10, 6, 7, 6]
[5, 6, 7, 8, 5]
[4, 4, 8, 9, 5]
[4, 4, 2, 9, 3, 6, 4]
[6, 8, 9, 3, 5, 3]
[7, 5, 9, 3, 5, 2]
[6, 2, 1, 11, 3, 5, 2]
[6, 13, 3, 5, 1]
[8, 6, 4, 5]
[2, 4, 15, 7]

left_values
[1, 2, 2, 11, 3, 2, 3, 3, 1]
[1, 2, 3, 12, 2, 3, 3, 3, 1]
[1, 1, 3, 14, 2, 2, 2, 4]
[2, 1, 2, 4, 10, 3, 3, 3, 4]
[1, 1, 2, 3, 11, 2, 2, 2, 4]
[2, 3, 4, 2, 5, 2, 3, 2, 3, 4]
[1, 1, 2, 2, 1, 2, 5, 2, 2, 2, 2, 3]
[2, 2, 2, 1, 3, 6, 2, 3, 2, 3, 2]
[2, 2, 2, 1, 3, 6, 2, 2, 2, 2, 2]
[1, 2, 2, 1, 4, 3, 2, 2, 6, 2, 2]
[1, 2, 4, 1, 1, 3, 2, 2, 5, 3, 1]
[1, 3, 2, 1, 1, 3, 3, 2, 3, 5, 3, 2]
[2, 2, 3, 1, 1, 2, 3, 2, 3, 4, 3, 2]
[1, 2, 3, 1, 1, 2, 3, 2, 4, 3, 2, 2]
[1, 1, 2, 2, 1, 2, 2, 2, 4, 4, 2, 3]
[2, 3, 2, 1, 1, 3, 2, 4, 3, 2, 3]
[1, 3, 2, 1, 1, 2, 3, 4, 6, 1, 1]
[1, 3, 2, 1, 1, 3, 3, 4, 4, 4]
[2, 4, 3, 1, 1, 3, 3, 4, 4, 4]
[3, 3, 3, 1, 1, 3, 3, 4, 4, 6]
[2, 3, 3, 1, 1, 3, 2, 4, 2, 7]
[2, 2, 3, 1, 1, 3, 3, 4, 1, 8]
[3, 2, 3, 1, 1, 3, 3, 4, 2, 9]
[3, 2, 3, 1, 1, 3, 3, 5, 1, 9, 1]
[2, 1, 2, 2, 1, 1, 3, 2, 4, 2, 9, 1]
[1, 1, 2, 2, 1, 1, 2, 2, 5, 1, 10, 1]
[1, 1, 2, 2, 1, 1, 2, 2, 4, 1, 11, 1]
[1, 2, 2, 1, 1, 2, 2, 4, 1, 10, 1]
[1, 2, 2, 4, 2, 1, 4, 1, 8, 2]
[1, 2, 2, 1, 2, 2, 2, 3, 1, 3, 4]
[1, 2, 2, 1, 2, 2, 2, 4, 1, 3, 8]
[1, 2, 1, 1, 2, 1, 1, 3, 1, 2, 10]
[2, 1, 1, 2, 1, 1, 1, 2, 2, 2, 8]
[2, 1, 1, 3, 1, 1, 2, 3, 2, 1, 6]
[4, 1, 1, 1, 1, 1, 2, 2, 2, 10]
[1, 2, 1, 1, 1, 1, 1, 2, 2, 2, 12]
[1, 1, 1, 1, 1, 2, 1, 2, 3, 15]
[1, 1, 1, 1, 2, 1, 2, 2, 2, 6, 10]
[1, 1, 1, 1, 2, 1, 2, 1, 2, 5, 9]
[2, 1, 1, 1, 2, 1, 1, 2, 2, 4, 7]
[3, 2, 2, 1, 3, 2, 2, 3, 4]
[1, 1, 2, 2, 2, 1, 1, 1, 1, 3, 2]
[1, 1, 2, 3, 1, 1, 3, 1, 2, 1]
[1, 2, 2, 2, 1, 1, 3, 2, 3, 2, 1]
[2, 1, 2, 3, 1, 1, 1, 1, 3, 7]
[1, 2, 2, 2, 1, 2, 3, 2, 10]
[4, 3, 1, 1, 1, 1, 1, 1, 13]
[1, 2, 3, 1, 1, 1, 1, 2, 15]
[2, 2, 3, 1, 6, 1, 18]
[3, 2, 2, 1, 1, 1, 1, 1, 20]
