Puzzle number: 97642
width:  45
height:  50
solved_count:  381
AVE_TIME:  '00:17:24'
ave_time_count:  118

top_values
[]
[5]
[10]
[7]
[4]
[4]
[2]
[2, 5]
[2, 11]
[2, 10]
[2, 8]
[2, 5]
[3, 5]
[3, 5]
[3, 5]
[3, 6]
[4, 6]
[4, 6]
[4, 6]
[4, 7, 6]
[4, 7, 2, 1]
[4, 10, 2]
[4, 14, 5]
[3, 5, 11]
[3, 4, 3, 4]
[3, 4, 4, 2]
[3, 4, 4, 1]
[3, 4, 4]
[3, 5, 4]
[3, 5, 4]
[2, 5, 4]
[2, 5, 5]
[3, 5, 4]
[2, 5, 4]
[2, 2, 5, 4]
[2, 2, 3, 3]
[3, 3, 2, 2, 2]
[6, 4, 2, 3]
[4, 8, 3]
[3, 4, 2, 4]
[3, 4, 5]
[3, 5, 9]
[10, 9]
[10, 12]
[9, 2, 21]

left_values
[7]
[8]
[9]
[3, 3]
[2, 4]
[1, 5]
[1, 6]
[7]
[7]
[3, 2]
[2]
[2]
[3, 1]
[2, 1]
[3]
[6]
[9]
[7, 1]
[6, 1]
[6, 1, 1]
[5, 1, 2, 1]
[4, 2, 4]
[4, 3, 5]
[4, 9]
[4, 8]
[4, 7]
[4, 6]
[5, 4]
[5, 7, 3]
[4, 16, 2]
[3, 18, 2]
[3, 18, 2]
[3, 17, 2]
[3, 7, 1]
[2, 7, 1]
[2, 8, 1]
[2, 6, 2, 1]
[2, 6, 2, 1]
[2, 7, 2, 3]
[1, 9, 2, 6]
[2, 8, 14]
[2, 6, 13]
[2, 5, 13]
[2, 3, 2, 1, 7]
[1, 3, 2, 2]
[2, 4, 1, 2]
[2, 4, 1, 3]
[2, 3, 1, 3]
[2, 3, 1, 4]
[2, 2, 2, 4]
