Puzzle number: 99446
width:  45
height:  50
solved_count:  633
AVE_TIME:  '00:15:31'
ave_time_count:  142

top_values
[27]
[29]
[30, 5]
[4, 7]
[4, 9]
[4, 3, 3]
[4, 3, 3]
[3, 2, 3]
[3, 2, 6]
[3, 1, 5]
[3]
[3]
[3, 3]
[3, 6]
[3, 6]
[3, 3, 2]
[3, 3, 2]
[3, 3, 2]
[3, 6]
[27, 3, 6]
[27, 3, 3]
[27, 3]
[27, 3, 10]
[27, 3, 11]
[27, 3, 11]
[3, 4]
[3, 4]
[27, 3, 3]
[27, 3, 4]
[27, 3, 4]
[27, 3, 11]
[27, 3, 11]
[27, 3, 10]
[3]
[3]
[3, 11]
[3, 11]
[3, 2, 2, 2]
[3, 2, 2, 2]
[3, 2, 2, 2]
[2, 3, 2, 2, 2]
[5, 3, 2, 2]
[9, 3]
[13, 3]
[16, 3]

left_values
[3, 6, 6]
[3, 6, 6]
[3, 6, 6]
[3, 6, 6]
[3, 6, 6]
[3, 6, 6]
[3, 6, 6]
[3, 6, 6]
[3, 6, 6]
[3, 6, 6]
[3, 6, 6]
[3, 6, 6, 1]
[3, 6, 6, 1]
[3, 6, 6, 1]
[3, 6, 6, 2]
[3, 6, 6, 2]
[3, 6, 6, 2]
[3, 6, 6, 2]
[3, 6, 6, 3]
[3, 6, 6, 3]
[3, 6, 6, 3]
[3, 6, 6, 3]
[3, 6, 6, 4]
[3, 6, 6, 4]
[3, 6, 6, 4]
[3, 6, 6, 5]
[3, 6, 6, 5]
[3]
[4]
[4]
[4]
[5]
[40]
[39]
[36]
[]
[]
[]
[]
[4, 1, 2, 2, 7]
[6, 3, 4, 4, 7]
[4, 3, 5, 5, 2]
[3, 2, 2, 11, 2]
[3, 1, 1, 11, 2]
[3, 2, 2, 2, 3, 3, 3, 6]
[3, 2, 7, 3, 3, 6]
[4, 2, 7, 3, 3, 2]
[7, 3, 3, 3, 3, 2]
[6, 2, 2, 3, 3, 7]
[3, 2, 2, 3, 3, 7]
