Puzzle number: 99639
width:  45
height:  40
solved_count:  796
AVE_TIME:  '00:10:31'
ave_time_count:  188

top_values
[11, 3, 5]
[10, 6]
[7, 1, 6]
[11, 6]
[11, 6]
[12, 6]
[12, 7]
[12, 1, 6]
[12, 3, 6]
[11, 3, 6]
[8, 4, 6]
[3, 6, 6]
[6, 6]
[7, 6]
[9, 3, 6]
[11, 4, 6]
[18, 6]
[20, 5]
[17, 5, 5]
[19, 4, 5]
[22, 4, 5]
[21, 4, 4]
[21, 6, 5]
[22, 7, 5]
[21, 7, 5]
[21, 6, 5]
[21, 6, 5]
[21, 5, 5]
[21, 5, 4]
[21, 3, 4]
[21, 1, 4]
[21, 4]
[21, 4]
[21, 5]
[21, 6]
[20, 6]
[20, 6]
[20, 6]
[20, 6]
[19, 6]
[19, 6]
[18, 6]
[18, 6]
[18, 7]
[18, 6]

left_values
[12, 25]
[12, 25]
[12, 26]
[11, 26]
[11, 26]
[11, 27]
[11, 27]
[2, 8, 28]
[2, 7, 28]
[2, 7, 29]
[1, 8, 29]
[4, 30]
[31]
[31]
[32]
[34]
[34]
[35]
[33]
[31]
[28]
[4, 1, 1]
[1, 2]
[1, 4, 2]
[1, 6, 4]
[13]
[14]
[11]
[9]
[8]
[5, 1]
[2, 3]
[6]
[9, 11]
[21, 6, 12]
[45]
[45]
[42]
[39]
[1, 7]
